0 12
0 15
0 22
0 30
0 42
0 70
0 76
0 86
0 99
0 128
0 145
0 166
0 178
0 181
0 184
0 192
1 3
1 13
1 27
1 31
1 43
1 48
1 49
1 57
1 64
1 69
1 95
1 97
1 105
1 114
1 135
1 140
1 146
1 152
1 154
1 158
1 179
1 187
1 190
1 198
2 0
2 5
2 7
2 18
2 20
2 36
2 44
2 47
2 53
2 59
2 60
2 75
2 101
2 108
2 124
2 133
2 144
2 153
2 164
2 173
2 174
3 56
3 85
3 112
3 136
3 142
3 177
3 199
4 26
4 37
4 40
4 54
4 72
4 79
4 80
4 82
4 88
4 100
4 104
4 110
4 120
4 138
4 141
4 157
4 176
4 185
4 193
5 6
5 23
5 29
5 34
5 38
5 50
5 61
5 62
5 63
5 65
5 71
5 81
5 84
5 92
5 93
5 102
5 109
5 113
5 116
5 118
5 121
5 122
5 125
5 131
5 134
5 139
5 155
5 160
5 165
5 169
5 171
5 195
5 196
6 9
6 11
6 14
6 16
6 17
6 32
6 66
6 78
6 91
6 106
6 149
6 159
6 186
6 188
6 191
7 1
7 19
7 21
7 25
7 51
7 58
7 73
7 89
7 90
7 94
7 98
7 107
7 111
7 117
7 119
7 126
7 129
7 130
7 143
7 147
7 150
7 156
7 163
7 172
7 180
7 189
8 2
8 4
8 10
8 33
8 67
8 74
8 77
8 87
8 132
8 148
8 151
8 161
8 168
8 170
8 182
8 197
9 8
9 24
9 28
9 35
9 39
9 41
9 45
9 46
9 52
9 55
9 68
9 83
9 96
9 103
9 115
9 123
9 127
9 137
9 162
9 167
9 175
9 183
9 194
