0 3
0 31
0 48
0 49
0 57
0 62
0 64
0 69
0 91
0 95
0 105
0 121
0 135
0 140
0 146
0 152
0 154
0 158
0 190
0 198
1 4
1 38
1 50
1 61
1 63
1 71
1 74
1 77
1 87
1 93
1 108
1 109
1 111
1 114
1 119
1 139
1 148
1 160
1 168
1 169
1 172
1 196
2 8
2 24
2 28
2 35
2 52
2 56
2 68
2 85
2 96
2 103
2 110
2 120
2 123
2 127
2 128
2 142
2 145
2 167
2 175
2 177
2 194
2 199
3 0
3 7
3 18
3 36
3 44
3 47
3 59
3 60
3 75
3 101
3 124
3 133
3 144
3 159
3 173
4 12
4 15
4 22
4 30
4 39
4 42
4 45
4 55
4 70
4 76
4 83
4 86
4 99
4 115
4 161
4 162
4 166
4 178
4 181
4 183
4 184
4 192
4 197
5 2
5 9
5 10
5 32
5 33
5 112
5 132
5 151
5 170
5 182
6 5
6 20
6 21
6 46
6 53
6 58
6 89
6 100
6 117
6 126
6 137
6 153
6 164
6 174
6 180
7 11
7 13
7 14
7 16
7 17
7 43
7 66
7 78
7 97
7 106
7 138
7 149
7 179
7 186
7 187
7 188
7 191
8 1
8 19
8 25
8 51
8 67
8 73
8 90
8 94
8 98
8 107
8 129
8 130
8 136
8 143
8 147
8 150
8 156
8 171
8 189
9 26
9 37
9 40
9 41
9 54
9 72
9 79
9 80
9 82
9 88
9 104
9 141
9 157
9 176
9 185
9 193
10 6
10 23
10 27
10 29
10 34
10 65
10 81
10 84
10 92
10 102
10 113
10 116
10 118
10 122
10 125
10 131
10 134
10 155
10 163
10 165
10 195
