0 0
0 7
0 14
0 36
0 60
0 101
0 106
0 124
0 144
0 173
0 191
1 8
1 12
1 24
1 28
1 35
1 39
1 45
1 46
1 52
1 55
1 56
1 68
1 83
1 86
1 115
1 128
1 145
1 162
1 175
1 178
1 183
1 194
1 199
2 6
2 13
2 27
2 43
2 62
2 66
2 78
2 91
2 97
2 146
2 179
2 187
2 198
3 19
3 25
3 38
3 63
3 71
3 77
3 93
3 98
3 108
3 109
3 139
3 143
3 148
3 160
3 169
3 171
3 172
3 189
3 196
4 9
4 10
4 32
4 33
4 112
4 132
4 151
4 170
4 182
5 1
5 11
5 51
5 74
5 85
5 87
5 90
5 94
5 107
5 111
5 119
5 129
5 130
5 136
5 142
5 149
5 168
5 177
5 188
6 3
6 31
6 48
6 49
6 57
6 64
6 69
6 95
6 105
6 135
6 140
6 152
6 154
6 158
6 190
7 23
7 29
7 34
7 65
7 81
7 84
7 92
7 102
7 113
7 116
7 118
7 121
7 122
7 125
7 131
7 134
7 155
7 163
7 165
7 195
8 15
8 22
8 37
8 42
8 70
8 76
8 79
8 80
8 157
8 166
8 176
8 181
8 184
8 192
9 5
9 18
9 20
9 44
9 47
9 53
9 59
9 75
9 100
9 133
9 153
9 164
9 174
10 21
10 26
10 40
10 41
10 54
10 58
10 72
10 73
10 96
10 103
10 104
10 110
10 117
10 120
10 123
10 126
10 127
10 137
10 141
10 147
10 150
10 156
10 167
10 180
10 185
10 193
11 2
11 4
11 16
11 17
11 30
11 50
11 61
11 67
11 82
11 88
11 89
11 99
11 114
11 138
11 159
11 161
11 186
11 197
