0 25
0 50
0 61
0 71
0 139
0 169
1 30
1 35
1 39
1 45
1 46
1 55
1 83
1 86
1 99
1 115
1 162
1 178
1 181
1 183
1 197
2 23
2 29
2 109
2 118
2 134
2 163
2 171
2 195
2 196
3 34
3 81
3 91
3 92
3 121
3 122
3 131
3 165
3 186
4 4
4 11
4 51
4 74
4 85
4 87
4 111
4 136
4 142
4 148
4 149
4 168
4 177
4 188
4 191
5 8
5 28
5 41
5 52
5 68
5 72
5 80
5 96
5 103
5 104
5 110
5 120
5 123
5 127
5 167
5 175
6 20
6 26
6 37
6 40
6 54
6 79
6 82
6 88
6 100
6 141
6 157
6 176
6 185
6 193
7 38
7 62
7 63
7 77
7 84
7 93
7 113
7 114
7 116
7 119
7 125
7 132
7 138
7 155
7 160
7 161
7 172
8 7
8 18
8 36
8 59
8 60
8 101
8 133
8 144
8 159
8 164
8 173
9 2
9 6
9 9
9 10
9 13
9 14
9 16
9 17
9 32
9 33
9 43
9 66
9 78
9 97
9 106
9 146
9 151
9 170
9 179
9 187
9 198
10 0
10 5
10 44
10 47
10 53
10 75
10 108
10 124
10 153
10 174
11 3
11 27
11 31
11 48
11 49
11 57
11 65
11 69
11 95
11 102
11 105
11 135
11 140
11 152
11 154
11 158
11 190
12 1
12 19
12 21
12 58
12 64
12 67
12 73
12 89
12 90
12 94
12 98
12 107
12 117
12 126
12 129
12 130
12 137
12 143
12 147
12 150
12 156
12 180
12 189
13 12
13 15
13 22
13 24
13 42
13 56
13 70
13 76
13 112
13 128
13 145
13 166
13 182
13 184
13 192
13 194
13 199
