0 4
0 11
0 18
0 31
0 57
0 59
0 60
0 69
0 87
0 101
0 119
0 148
0 153
0 168
0 191
1 67
1 73
1 88
1 89
1 94
1 107
1 129
1 147
1 150
1 156
2 5
2 20
2 21
2 53
2 58
2 100
2 117
2 126
2 164
2 180
3 8
3 24
3 28
3 56
3 112
3 128
3 145
3 166
3 175
3 194
3 199
4 12
4 15
4 45
4 55
4 70
4 83
4 86
4 115
4 162
4 178
4 183
4 192
5 13
5 14
5 16
5 17
5 43
5 62
5 64
5 66
5 78
5 91
5 97
5 106
5 121
5 133
5 146
5 179
5 186
5 187
5 198
6 38
6 63
6 71
6 77
6 93
6 109
6 114
6 160
6 172
6 189
6 196
7 22
7 23
7 30
7 42
7 76
7 84
7 99
7 155
7 181
8 37
8 40
8 79
8 80
8 157
8 176
8 185
9 3
9 48
9 49
9 95
9 105
9 135
9 140
9 152
9 154
9 158
9 190
10 2
10 9
10 10
10 32
10 33
10 132
10 151
10 170
10 182
11 19
11 25
11 50
11 61
11 98
11 139
11 143
11 169
11 171
12 47
13 6
13 27
13 29
13 34
13 65
13 81
13 92
13 102
13 113
13 116
13 118
13 122
13 125
13 131
13 134
13 163
13 165
13 195
14 51
14 74
14 111
14 136
14 138
14 149
14 177
14 188
15 0
15 44
15 75
15 108
15 124
15 159
15 174
16 1
16 52
16 68
16 90
16 96
16 103
16 110
16 120
16 123
16 127
16 130
16 142
16 167
17 7
17 36
17 144
17 173
18 26
18 41
18 54
18 72
18 82
18 104
18 141
18 193
19 35
19 39
19 46
19 85
19 137
19 161
19 184
19 197
