0 1
0 5
0 7
0 8
0 19
0 20
0 21
0 25
0 26
0 28
0 35
0 37
0 40
0 41
0 46
0 52
0 53
0 54
0 58
0 64
0 68
0 72
0 73
0 79
0 80
0 88
0 89
0 90
0 94
0 96
0 98
0 100
0 103
0 104
0 107
0 110
0 117
0 120
0 123
0 126
0 127
0 129
0 130
0 137
0 141
0 143
0 147
0 150
0 156
0 157
0 163
0 164
0 167
0 174
0 175
0 176
0 180
0 185
0 193
1 0
1 4
1 9
1 10
1 11
1 13
1 14
1 16
1 17
1 18
1 23
1 29
1 31
1 32
1 33
1 36
1 38
1 44
1 47
1 51
1 57
1 59
1 60
1 63
1 69
1 71
1 74
1 75
1 77
1 82
1 87
1 93
1 101
1 106
1 108
1 109
1 111
1 118
1 119
1 124
1 133
1 134
1 136
1 138
1 139
1 142
1 144
1 148
1 149
1 151
1 159
1 160
1 168
1 169
1 170
1 171
1 172
1 173
1 188
1 189
1 191
1 195
1 196
2 2
2 3
2 6
2 12
2 15
2 22
2 24
2 27
2 30
2 34
2 39
2 42
2 43
2 45
2 48
2 49
2 50
2 55
2 56
2 61
2 62
2 65
2 66
2 67
2 70
2 76
2 78
2 81
2 83
2 84
2 85
2 86
2 91
2 92
2 95
2 97
2 99
2 102
2 105
2 112
2 113
2 114
2 115
2 116
2 121
2 122
2 125
2 128
2 131
2 132
2 135
2 140
2 145
2 146
2 152
2 153
2 154
2 155
2 158
2 161
2 162
2 165
2 166
2 177
2 178
2 179
2 181
2 182
2 183
2 184
2 186
2 187
2 190
2 192
2 194
2 197
2 198
2 199
