0 0
0 3
0 7
0 13
0 14
0 18
0 31
0 36
0 43
0 44
0 47
0 48
0 49
0 53
0 57
0 59
0 60
0 64
0 66
0 69
0 75
0 95
0 97
0 101
0 102
0 105
0 124
0 133
0 135
0 140
0 144
0 146
0 152
0 154
0 158
0 159
0 164
0 173
0 179
0 190
0 191
1 8
1 12
1 15
1 22
1 24
1 28
1 30
1 35
1 39
1 41
1 42
1 45
1 46
1 52
1 55
1 56
1 68
1 70
1 72
1 76
1 80
1 83
1 85
1 86
1 99
1 103
1 112
1 115
1 123
1 127
1 128
1 137
1 142
1 145
1 157
1 162
1 166
1 167
1 175
1 177
1 178
1 181
1 182
1 183
1 184
1 192
1 194
1 197
1 199
2 1
2 5
2 19
2 20
2 21
2 25
2 26
2 37
2 40
2 54
2 58
2 67
2 73
2 79
2 88
2 89
2 90
2 94
2 96
2 98
2 100
2 104
2 107
2 110
2 117
2 120
2 126
2 129
2 130
2 141
2 143
2 147
2 150
2 156
2 163
2 171
2 174
2 176
2 180
2 185
2 189
2 193
3 2
3 4
3 6
3 9
3 10
3 11
3 16
3 17
3 23
3 27
3 29
3 32
3 33
3 34
3 38
3 50
3 51
3 61
3 62
3 63
3 65
3 71
3 74
3 77
3 78
3 81
3 82
3 84
3 87
3 91
3 92
3 93
3 106
3 108
3 109
3 111
3 113
3 114
3 116
3 118
3 119
3 121
3 122
3 125
3 131
3 132
3 134
3 136
3 138
3 139
3 148
3 149
3 151
3 153
3 155
3 160
3 161
3 165
3 168
3 169
3 170
3 172
3 186
3 187
3 188
3 195
3 196
3 198
