0 0
0 7
0 9
0 13
0 14
0 16
0 17
0 31
0 32
0 33
0 36
0 47
0 48
0 59
0 60
0 64
0 66
0 75
0 91
0 101
0 106
0 124
0 133
0 144
0 149
0 159
0 173
0 179
0 186
0 191
1 5
1 12
1 15
1 18
1 20
1 22
1 23
1 24
1 42
1 43
1 44
1 53
1 65
1 76
1 78
1 84
1 89
1 102
1 121
1 128
1 138
1 145
1 152
1 153
1 155
1 164
1 181
1 192
2 1
2 8
2 21
2 26
2 28
2 37
2 40
2 41
2 52
2 54
2 58
2 68
2 72
2 73
2 79
2 80
2 88
2 90
2 96
2 100
2 103
2 104
2 110
2 117
2 120
2 123
2 126
2 127
2 130
2 137
2 141
2 147
2 150
2 156
2 157
2 167
2 174
2 175
2 176
2 180
2 185
2 193
3 2
3 30
3 35
3 39
3 45
3 46
3 50
3 55
3 61
3 62
3 67
3 70
3 77
3 82
3 83
3 86
3 99
3 113
3 115
3 132
3 139
3 161
3 162
3 166
3 169
3 178
3 183
3 184
3 197
4 6
4 19
4 25
4 27
4 29
4 34
4 38
4 63
4 71
4 81
4 92
4 93
4 94
4 97
4 98
4 107
4 108
4 109
4 114
4 116
4 118
4 119
4 122
4 125
4 129
4 131
4 134
4 143
4 146
4 160
4 163
4 165
4 171
4 172
4 187
4 189
4 195
4 196
4 198
5 3
5 4
5 10
5 11
5 49
5 51
5 56
5 57
5 69
5 74
5 85
5 87
5 95
5 105
5 111
5 112
5 135
5 136
5 140
5 142
5 148
5 151
5 154
5 158
5 168
5 170
5 177
5 182
5 188
5 190
5 194
5 199
