0 1
0 19
0 21
0 25
0 46
0 58
0 73
0 88
0 89
0 90
0 94
0 98
0 107
0 110
0 117
0 120
0 126
0 129
0 130
0 137
0 143
0 147
0 150
0 156
0 171
0 180
0 189
1 5
1 7
1 20
1 26
1 37
1 40
1 41
1 53
1 54
1 72
1 79
1 80
1 100
1 104
1 141
1 157
1 164
1 174
1 176
1 185
1 193
2 4
2 9
2 10
2 32
2 51
2 74
2 85
2 87
2 111
2 136
2 142
2 148
2 149
2 151
2 168
2 170
2 182
2 188
3 8
3 12
3 24
3 28
3 35
3 39
3 52
3 56
3 68
3 96
3 103
3 112
3 123
3 127
3 128
3 145
3 167
3 175
3 177
3 183
3 194
3 199
4 23
4 29
4 34
4 81
4 84
4 92
4 113
4 116
4 118
4 122
4 125
4 131
4 134
4 155
4 163
4 165
4 172
4 195
4 196
5 2
5 15
5 22
5 30
5 42
5 45
5 50
5 55
5 61
5 67
5 70
5 76
5 77
5 82
5 83
5 86
5 99
5 114
5 115
5 132
5 139
5 161
5 162
5 166
5 178
5 181
5 184
5 192
5 197
6 3
6 6
6 27
6 43
6 48
6 49
6 62
6 64
6 65
6 66
6 78
6 91
6 95
6 97
6 102
6 105
6 135
6 140
6 146
6 152
6 154
6 158
6 179
6 187
6 190
6 198
7 0
7 11
7 13
7 14
7 16
7 17
7 18
7 31
7 33
7 36
7 38
7 44
7 47
7 57
7 59
7 60
7 63
7 69
7 71
7 75
7 93
7 101
7 106
7 108
7 109
7 119
7 121
7 124
7 133
7 138
7 144
7 153
7 159
7 160
7 169
7 173
7 186
7 191
