0 2
0 12
0 15
0 22
0 30
0 42
0 67
0 70
0 76
0 82
0 86
0 89
0 99
0 114
0 128
0 132
0 161
0 166
0 178
0 181
0 184
0 192
0 197
1 1
1 4
1 9
1 10
1 11
1 16
1 17
1 32
1 33
1 38
1 51
1 74
1 87
1 90
1 93
1 94
1 106
1 108
1 111
1 119
1 130
1 136
1 138
1 148
1 149
1 151
1 160
1 168
1 170
1 172
1 188
1 191
1 196
2 6
2 23
2 27
2 29
2 50
2 61
2 62
2 65
2 78
2 84
2 91
2 92
2 102
2 113
2 116
2 125
2 131
2 134
2 139
2 155
2 165
2 169
2 186
2 198
3 0
3 5
3 7
3 18
3 20
3 36
3 44
3 47
3 53
3 59
3 60
3 75
3 101
3 124
3 133
3 144
3 153
3 159
3 164
3 173
3 174
4 3
4 13
4 14
4 31
4 34
4 43
4 48
4 49
4 57
4 64
4 66
4 69
4 81
4 95
4 97
4 105
4 121
4 122
4 135
4 140
4 146
4 152
4 154
4 158
4 179
4 187
4 190
5 35
5 39
5 45
5 46
5 55
5 56
5 85
5 112
5 137
5 145
5 177
5 182
5 194
5 199
6 52
6 68
6 72
6 96
6 103
6 104
6 110
6 120
6 123
6 127
6 142
6 167
6 175
7 19
7 21
7 25
7 58
7 63
7 71
7 73
7 77
7 88
7 98
7 100
7 107
7 109
7 117
7 118
7 126
7 129
7 143
7 147
7 150
7 156
7 163
7 171
7 180
7 189
7 193
7 195
8 8
8 24
8 26
8 28
8 37
8 40
8 41
8 54
8 79
8 80
8 83
8 115
8 141
8 157
8 162
8 176
8 183
8 185
