0 4
0 21
0 23
0 27
0 31
0 52
0 60
0 112
0 139
0 195
0 202
0 210
0 234
0 250
0 262
0 308
0 318
0 330
0 344
0 388
0 397
1 36
1 38
1 41
1 63
1 91
1 99
1 100
1 103
1 130
1 153
1 157
1 189
1 193
1 285
1 343
1 346
1 374
1 383
1 393
2 22
2 25
2 37
2 54
2 111
2 119
2 128
2 136
2 151
2 170
2 188
2 218
2 221
2 253
2 287
2 302
2 341
2 399
3 7
3 15
3 66
3 89
3 113
3 122
3 132
3 162
3 185
3 211
3 238
3 241
3 248
3 254
3 292
3 296
3 299
3 310
3 311
3 324
3 340
3 359
3 369
3 372
3 384
3 391
4 29
4 43
4 48
4 64
4 105
4 135
4 145
4 165
4 171
4 208
4 272
4 291
4 301
4 309
4 314
4 326
4 328
4 373
4 392
4 394
5 1
5 3
5 28
5 40
5 44
5 50
5 56
5 57
5 74
5 75
5 133
5 148
5 154
5 155
5 167
5 169
5 184
5 227
5 243
5 270
5 277
5 278
5 300
5 306
5 319
5 332
5 342
5 356
5 363
5 364
5 387
6 0
6 30
6 85
6 142
6 166
6 201
6 228
6 274
6 316
6 321
6 331
6 333
6 352
6 354
6 361
6 381
6 386
7 5
7 13
7 34
7 51
7 59
7 67
7 69
7 82
7 83
7 92
7 109
7 126
7 131
7 144
7 147
7 156
7 159
7 164
7 191
7 200
7 213
7 231
7 242
7 251
7 255
7 336
7 367
7 376
7 382
8 2
8 11
8 73
8 93
8 104
8 196
8 257
8 289
8 379
8 389
9 6
9 33
9 55
9 76
9 90
9 95
9 102
9 114
9 125
9 138
9 149
9 186
9 204
9 224
9 235
9 239
9 245
9 260
9 298
9 323
9 329
9 353
9 366
9 377
9 398
10 18
10 26
10 45
10 58
10 96
10 121
10 123
10 124
10 127
10 150
10 158
10 178
10 179
10 180
10 194
10 199
10 214
10 230
10 233
10 268
10 283
10 303
11 14
11 20
11 42
11 47
11 72
11 79
11 97
11 129
11 143
11 152
11 237
11 244
11 246
11 256
11 286
11 288
11 305
11 325
11 339
11 371
11 385
11 396
12 24
12 84
12 108
12 212
12 249
12 265
12 290
12 294
12 307
12 345
12 349
12 351
13 8
13 12
13 46
13 61
13 65
13 80
13 86
13 140
13 160
13 168
13 177
13 182
13 203
13 205
13 320
13 322
13 334
14 71
14 77
14 98
14 110
14 117
14 134
14 173
14 174
14 252
14 258
14 279
14 312
14 327
14 335
14 358
14 362
15 9
15 17
15 49
15 101
15 163
15 187
15 192
15 219
15 220
15 226
15 259
15 280
15 295
15 355
15 368
15 378
16 16
16 32
16 39
16 53
16 62
16 87
16 115
16 118
16 172
16 207
16 215
16 223
16 225
16 247
16 263
16 266
16 282
16 297
16 304
16 337
16 357
16 360
16 365
16 375
17 10
17 19
17 35
17 68
17 70
17 88
17 106
17 107
17 137
17 141
17 146
17 161
17 175
17 190
17 197
17 198
17 206
17 222
17 229
17 271
17 275
17 276
17 281
17 315
17 317
17 347
17 350
17 390
17 395
18 78
18 81
18 94
18 116
18 120
18 176
18 181
18 183
18 209
18 216
18 217
18 232
18 236
18 240
18 261
18 264
18 267
18 269
18 273
18 284
18 293
18 313
18 338
18 348
18 370
18 380
