0 59
0 100
0 148
0 177
0 239
0 260
0 278
0 314
0 371
0 393
1 4
1 39
1 44
1 78
1 95
1 102
1 141
1 155
1 160
1 195
1 196
1 205
1 214
1 232
1 284
1 305
1 311
1 318
1 330
1 332
1 345
1 368
1 383
1 387
2 9
2 48
2 88
2 90
2 120
2 136
2 174
2 176
2 186
2 200
2 238
2 241
2 268
2 269
2 329
2 341
3 23
3 27
3 45
3 52
3 75
3 77
3 79
3 137
3 162
3 169
3 187
3 192
3 244
3 259
3 262
3 292
3 302
3 310
3 338
3 346
3 348
3 363
3 377
3 378
4 1
4 63
4 73
4 103
4 105
4 110
4 125
4 139
4 150
4 156
4 185
4 202
4 245
4 279
4 316
4 323
4 327
4 388
4 394
4 395
5 7
5 21
5 34
5 46
5 61
5 68
5 69
5 85
5 86
5 101
5 128
5 159
5 168
5 171
5 182
5 211
5 215
5 219
5 223
5 228
5 243
5 343
5 365
5 373
5 386
6 117
6 129
6 172
6 189
6 249
6 251
6 295
6 306
6 309
6 340
6 364
6 374
6 380
6 399
7 15
7 16
7 113
7 119
7 163
7 166
7 197
7 199
7 258
7 261
7 267
7 272
7 334
8 50
8 55
8 74
8 80
8 97
8 115
8 116
8 132
8 158
8 181
8 198
8 201
8 263
8 281
8 317
8 321
8 381
9 2
9 25
9 51
9 54
9 58
9 60
9 71
9 94
9 104
9 109
9 111
9 112
9 131
9 134
9 143
9 145
9 146
9 152
9 180
9 212
9 234
9 254
9 286
9 287
9 290
9 300
9 344
9 347
9 354
9 357
9 397
10 20
10 33
10 35
10 37
10 47
10 66
10 107
10 138
10 213
10 226
10 235
10 247
10 257
10 276
10 285
10 298
10 331
10 337
10 366
10 370
10 396
11 5
11 6
11 13
11 24
11 29
11 36
11 53
11 56
11 67
11 87
11 91
11 122
11 135
11 142
11 147
11 167
11 179
11 194
11 207
11 208
11 218
11 221
11 246
11 256
11 303
11 350
11 352
11 358
11 361
11 390
12 8
12 11
12 12
12 14
12 17
12 30
12 31
12 38
12 40
12 43
12 98
12 170
12 224
12 229
12 264
12 266
12 270
12 283
12 293
12 296
12 312
12 353
12 379
12 389
12 392
13 18
13 19
13 76
13 127
13 183
13 237
13 255
13 265
13 275
13 282
13 289
13 291
13 362
13 375
13 385
14 41
14 64
14 70
14 165
14 173
14 203
14 204
14 233
14 248
14 271
14 301
14 315
14 320
14 324
14 369
15 3
15 28
15 81
15 96
15 121
15 153
15 178
15 184
15 206
15 252
15 294
15 297
15 308
15 319
15 325
15 356
15 382
15 384
16 99
16 114
16 123
16 124
16 130
16 157
16 175
16 217
16 220
16 222
16 231
16 236
16 288
16 304
16 307
16 326
16 328
16 339
16 349
16 391
16 398
17 10
17 22
17 32
17 42
17 49
17 72
17 84
17 89
17 92
17 118
17 126
17 140
17 144
17 151
17 161
17 164
17 191
17 210
17 216
17 225
17 227
17 230
17 274
17 277
17 280
17 299
17 322
17 355
17 360
17 376
18 0
18 26
18 57
18 62
18 65
18 82
18 83
18 240
18 242
18 253
18 273
18 313
18 333
18 335
18 336
18 342
18 367
19 93
19 106
19 108
19 133
19 149
19 154
19 188
19 190
19 193
19 209
19 250
19 351
19 359
19 372
