0 1
0 2
0 19
0 41
0 54
0 58
0 82
0 171
0 202
0 204
0 223
0 273
0 278
0 279
0 300
0 313
0 354
1 94
1 105
1 108
1 110
1 121
1 132
1 217
1 220
1 229
1 231
1 245
1 293
1 304
1 307
1 326
2 7
2 23
2 66
2 90
2 101
2 135
2 168
2 172
2 173
2 179
2 194
2 211
2 259
2 340
2 366
2 380
2 396
3 28
3 48
3 50
3 60
3 65
3 74
3 79
3 100
3 111
3 131
3 158
3 169
3 175
3 178
3 181
3 186
3 187
3 206
3 212
3 244
3 292
3 308
3 317
3 319
3 334
3 349
3 378
3 379
3 391
3 398
4 4
4 12
4 25
4 30
4 55
4 98
4 133
4 141
4 145
4 190
4 201
4 227
4 230
4 232
4 236
4 299
4 333
4 353
4 368
4 372
4 387
5 24
5 33
5 47
5 67
5 76
5 83
5 107
5 117
5 122
5 129
5 138
5 183
5 208
5 219
5 221
5 235
5 246
5 276
5 282
5 309
5 331
5 332
5 348
5 350
5 352
5 361
5 370
5 373
5 390
5 399
6 18
6 21
6 34
6 37
6 52
6 68
6 70
6 159
6 176
6 182
6 226
6 237
6 238
6 240
6 241
6 257
6 265
6 269
6 275
6 298
6 311
6 320
6 337
6 385
6 386
6 388
7 11
7 14
7 40
7 43
7 99
7 106
7 115
7 130
7 149
7 154
7 164
7 170
7 193
7 195
7 224
7 242
7 263
7 266
7 296
7 312
7 314
7 321
7 323
7 351
7 382
8 5
8 44
8 104
8 113
8 118
8 151
8 155
8 160
8 192
8 196
8 215
8 216
8 225
8 284
8 286
8 295
8 318
8 356
8 358
8 376
8 383
9 103
9 127
9 139
9 156
9 268
9 291
9 315
9 324
9 343
9 365
9 389
9 395
10 15
10 36
10 71
10 75
10 80
10 91
10 112
10 119
10 123
10 147
10 152
10 234
10 239
10 256
10 267
10 285
10 289
10 344
10 371
10 375
10 381
11 8
11 73
11 97
11 125
11 157
11 165
11 188
11 203
11 271
11 316
11 327
11 339
12 13
12 29
12 32
12 45
12 51
12 53
12 81
12 89
12 143
12 153
12 161
12 180
12 189
12 207
12 260
12 274
12 297
12 306
12 360
12 384
13 16
13 22
13 39
13 49
13 59
13 78
13 84
13 92
13 93
13 95
13 96
13 126
13 140
13 144
13 163
13 177
13 191
13 197
13 205
13 210
13 250
13 252
13 272
13 277
13 280
13 294
13 322
13 325
13 330
13 355
13 393
14 6
14 27
14 137
14 142
14 199
14 218
14 249
14 251
14 310
14 335
14 364
14 374
14 377
15 3
15 9
15 42
15 56
15 77
15 86
15 87
15 88
15 116
15 162
15 166
15 167
15 184
15 185
15 254
15 262
15 283
15 288
15 303
15 328
15 341
15 362
15 367
15 397
16 57
16 61
16 62
16 63
16 64
16 200
16 228
16 233
16 243
16 247
16 248
16 255
16 287
16 301
16 302
16 338
16 346
17 20
17 35
17 46
17 69
17 85
17 102
17 120
17 128
17 136
17 150
17 174
17 213
17 270
17 342
17 363
17 369
18 10
18 17
18 26
18 31
18 72
18 109
18 124
18 134
18 148
18 214
18 253
18 258
18 261
18 281
18 290
18 305
18 336
18 357
19 0
19 38
19 114
19 146
19 198
19 209
19 222
19 264
19 329
19 345
19 347
19 359
19 392
19 394
