0 10
0 41
0 44
0 52
0 56
0 77
0 95
0 105
0 111
0 141
0 151
0 160
0 163
0 189
1 4
1 13
1 17
1 18
1 22
1 31
1 34
1 39
1 43
1 62
1 64
1 81
1 92
1 97
1 115
1 121
1 138
1 140
1 154
1 155
1 187
2 5
2 12
2 15
2 16
2 37
2 42
2 54
2 71
2 80
2 91
2 93
2 104
2 109
2 113
2 118
2 123
2 126
2 133
2 147
2 165
2 168
2 181
2 192
2 198
3 0
3 3
3 9
3 49
3 55
3 65
3 66
3 70
3 78
3 79
3 117
3 124
3 125
3 132
3 134
3 146
3 164
3 173
3 186
3 190
3 191
3 193
3 195
3 196
4 2
4 8
4 24
4 26
4 45
4 51
4 83
4 85
4 86
4 94
4 99
4 103
4 112
4 120
4 127
4 128
4 136
4 142
4 161
4 170
4 176
4 184
4 199
5 20
5 21
5 25
5 27
5 40
5 46
5 59
5 74
5 89
5 100
5 108
5 116
5 129
5 135
5 148
5 153
5 158
5 172
5 180
5 183
6 1
6 7
6 28
6 33
6 36
6 47
6 48
6 53
6 57
6 75
6 101
6 102
6 106
6 110
6 130
6 143
6 144
6 152
6 159
6 174
6 177
6 179
6 185
6 188
7 19
7 23
7 29
7 30
7 38
7 50
7 76
7 84
7 88
7 119
7 131
7 149
7 162
7 171
7 178
7 182
8 6
8 11
8 14
8 32
8 35
8 58
8 68
8 72
8 73
8 90
8 96
8 114
8 137
8 145
8 150
8 156
8 157
8 166
8 175
8 194
8 197
9 60
9 61
9 63
9 67
9 69
9 82
9 87
9 98
9 107
9 122
9 139
9 167
9 169
