0 23
0 29
0 30
0 38
0 50
0 54
0 76
0 84
0 88
0 96
0 118
0 119
0 131
0 149
0 150
0 162
0 171
0 178
0 181
0 182
1 6
1 14
1 28
1 33
1 36
1 44
1 48
1 52
1 57
1 68
1 90
1 101
1 106
1 110
1 143
1 144
1 179
1 185
1 189
2 2
2 8
2 19
2 24
2 26
2 45
2 51
2 83
2 85
2 86
2 94
2 99
2 103
2 112
2 114
2 120
2 127
2 128
2 136
2 142
2 161
2 166
2 170
2 176
2 184
2 199
3 60
3 61
3 67
3 69
3 82
3 87
3 98
3 107
3 167
4 1
4 4
4 7
4 47
4 53
4 55
4 66
4 70
4 75
4 78
4 97
4 102
4 130
4 152
4 159
4 173
4 174
4 177
4 188
4 195
5 20
5 21
5 25
5 27
5 35
5 40
5 46
5 58
5 59
5 73
5 74
5 89
5 100
5 108
5 116
5 129
5 135
5 148
5 153
5 158
5 172
5 175
5 180
5 183
5 197
6 12
6 13
6 15
6 16
6 37
6 63
6 71
6 109
6 113
6 122
6 123
6 133
6 154
6 165
6 169
6 186
7 5
7 42
7 80
7 91
7 93
7 104
7 126
7 147
7 168
7 192
7 198
8 10
8 11
8 32
8 41
8 56
8 72
8 77
8 95
8 105
8 111
8 137
8 141
8 145
8 151
8 156
8 157
8 160
8 163
8 194
9 0
9 3
9 9
9 49
9 65
9 79
9 117
9 124
9 125
9 132
9 134
9 139
9 146
9 164
9 190
9 191
9 193
9 196
10 17
10 18
10 22
10 31
10 34
10 39
10 43
10 62
10 64
10 81
10 92
10 115
10 121
10 138
10 140
10 155
10 187
