0 8
0 72
0 73
0 96
0 99
0 114
0 136
0 142
0 145
0 156
0 166
0 197
1 60
1 61
1 63
1 67
1 69
1 82
1 87
1 98
1 107
1 123
1 167
1 169
2 6
2 14
2 28
2 33
2 36
2 44
2 48
2 52
2 57
2 68
2 101
2 106
2 110
2 143
2 144
2 179
2 185
2 189
3 20
3 21
3 25
3 27
3 35
3 40
3 46
3 58
3 59
3 74
3 86
3 89
3 100
3 108
3 115
3 116
3 129
3 135
3 148
3 153
3 158
3 172
3 175
3 180
3 183
3 187
4 3
4 49
4 132
4 134
4 139
4 164
4 193
4 196
5 12
5 13
5 15
5 37
5 71
5 84
5 109
5 113
5 119
5 122
5 133
5 154
5 165
5 186
6 1
6 4
6 7
6 18
6 47
6 53
6 75
6 97
6 102
6 130
6 138
6 152
6 159
6 174
6 177
6 188
7 10
7 11
7 32
7 41
7 56
7 90
7 111
7 137
7 141
7 151
7 157
7 160
7 163
7 194
8 19
8 23
8 29
8 30
8 38
8 50
8 54
8 76
8 88
8 118
8 131
8 147
8 149
8 150
8 162
8 171
8 178
8 181
8 182
9 0
9 9
9 55
9 65
9 66
9 70
9 78
9 79
9 117
9 124
9 125
9 146
9 173
9 190
9 191
9 195
10 5
10 16
10 42
10 77
10 80
10 91
10 93
10 95
10 104
10 105
10 126
10 168
10 192
10 198
11 17
11 22
11 31
11 34
11 39
11 43
11 62
11 64
11 81
11 92
11 121
11 140
11 155
12 2
12 24
12 26
12 45
12 51
12 83
12 85
12 94
12 103
12 112
12 120
12 127
12 128
12 161
12 170
12 176
12 184
12 199
