0 5
0 42
0 77
0 91
0 93
0 95
0 105
0 198
1 49
1 55
1 65
1 70
1 71
1 113
1 117
1 125
1 134
1 146
1 186
1 193
1 195
2 8
2 20
2 72
2 73
2 86
2 96
2 99
2 100
2 114
2 115
2 166
2 172
2 175
2 183
2 197
3 10
3 11
3 32
3 41
3 56
3 111
3 137
3 141
3 145
3 151
3 156
3 157
3 160
3 163
3 194
4 23
4 29
4 30
4 38
4 50
4 76
4 84
4 88
4 119
4 131
4 149
4 150
4 162
4 171
4 178
4 182
5 2
5 19
5 24
5 26
5 45
5 51
5 83
5 85
5 94
5 103
5 112
5 120
5 127
5 128
5 136
5 142
5 161
5 170
5 176
5 184
5 199
6 60
6 61
6 67
6 69
6 82
6 87
6 98
6 122
6 139
6 167
7 6
7 14
7 18
7 33
7 35
7 36
7 44
7 48
7 52
7 58
7 68
7 90
7 106
7 116
7 129
7 148
7 179
7 189
8 0
8 3
8 9
8 164
8 190
8 191
8 196
9 1
9 4
9 7
9 47
9 53
9 66
9 75
9 78
9 97
9 102
9 130
9 138
9 144
9 152
9 159
9 173
9 174
9 177
9 188
10 16
10 28
10 57
10 63
10 79
10 101
10 107
10 110
10 124
10 132
10 133
10 143
10 169
10 185
11 12
11 15
11 37
11 54
11 80
11 104
11 109
11 118
11 123
11 126
11 147
11 165
11 168
11 181
11 192
12 21
12 25
12 27
12 40
12 46
12 59
12 74
12 89
12 108
12 135
12 153
12 158
12 180
12 187
13 13
13 17
13 22
13 31
13 34
13 39
13 43
13 62
13 64
13 81
13 92
13 121
13 140
13 154
13 155
