0 12
0 15
0 54
0 80
0 88
0 91
0 104
0 118
0 119
0 126
0 147
0 150
0 165
0 168
0 178
0 181
0 192
1 13
1 17
1 22
1 31
1 34
1 39
1 43
1 62
1 64
1 81
1 84
1 92
1 140
1 154
1 155
2 1
2 55
2 65
2 66
2 70
2 78
2 117
2 121
2 125
2 146
2 173
2 186
2 195
3 5
3 10
3 56
3 77
3 95
3 105
3 141
3 151
3 160
3 163
4 11
4 32
4 35
4 41
4 58
4 68
4 72
4 73
4 90
4 96
4 111
4 114
4 137
4 145
4 156
4 157
4 166
4 175
4 194
4 197
5 8
5 24
5 26
5 51
5 85
5 86
5 99
5 103
5 120
5 127
5 128
5 161
5 170
5 176
5 184
6 19
6 23
6 29
6 30
6 38
6 50
6 76
6 131
6 136
6 142
6 149
6 162
6 171
6 182
7 4
7 7
7 18
7 47
7 53
7 75
7 97
7 102
7 130
7 138
7 148
7 152
7 159
7 174
7 177
7 188
8 60
8 67
8 82
8 93
8 98
8 167
8 198
9 0
9 3
9 9
9 79
9 164
9 190
9 191
9 196
10 6
10 14
10 28
10 33
10 36
10 44
10 48
10 52
10 57
10 101
10 106
10 110
10 143
10 144
10 179
10 185
10 189
11 2
11 16
11 42
11 45
11 83
11 94
11 112
11 199
12 61
12 63
12 69
12 87
12 107
12 123
12 124
12 132
12 133
12 139
12 169
12 193
13 20
13 21
13 25
13 27
13 40
13 46
13 59
13 74
13 89
13 100
13 108
13 115
13 116
13 129
13 135
13 153
13 158
13 172
13 180
13 183
13 187
14 37
14 49
14 71
14 109
14 113
14 122
14 134
