0 1
0 4
0 7
0 18
0 47
0 53
0 75
0 78
0 97
0 102
0 121
0 130
0 138
0 159
0 174
0 177
0 188
1 16
1 63
1 69
1 87
1 107
1 123
1 124
1 132
1 133
1 169
2 5
2 42
2 54
2 80
2 91
2 104
2 118
2 126
2 147
2 168
2 192
3 8
3 24
3 26
3 51
3 85
3 86
3 99
3 103
3 127
3 128
3 170
3 176
4 0
4 3
4 9
4 55
4 65
4 66
4 70
4 79
4 117
4 125
4 146
4 152
4 164
4 173
4 190
4 191
4 195
5 20
5 73
5 100
5 115
5 172
5 175
5 183
6 10
6 11
6 41
6 111
6 137
6 141
6 151
6 160
6 163
7 23
7 29
7 30
7 38
7 50
7 76
7 88
7 131
7 136
7 149
7 162
7 171
7 178
7 182
8 49
8 122
8 134
8 139
8 193
8 196
9 60
9 61
9 67
9 82
9 98
9 167
9 198
10 28
10 33
10 36
10 44
10 48
10 52
10 57
10 101
10 106
10 110
10 143
10 144
10 179
10 185
10 189
11 32
11 72
11 96
11 114
11 142
11 145
11 150
11 156
11 157
11 166
11 194
11 197
12 17
12 22
12 31
12 34
12 39
12 43
12 62
12 64
12 81
12 92
12 140
12 155
13 12
13 13
13 15
13 37
13 71
13 84
13 109
13 113
13 119
13 154
13 165
13 181
13 186
14 2
14 19
14 45
14 83
14 94
14 112
14 120
14 161
14 184
14 199
15 56
15 77
15 93
15 95
15 105
16 21
16 25
16 27
16 40
16 46
16 59
16 74
16 89
16 108
16 135
16 153
16 158
16 180
16 187
17 6
17 14
17 35
17 58
17 68
17 90
17 116
17 129
17 148
