0 2
0 4
0 5
0 6
0 8
0 10
0 11
0 13
0 14
0 17
0 18
0 19
0 20
0 21
0 22
0 23
0 24
0 25
0 26
0 27
0 29
0 30
0 31
0 32
0 34
0 35
0 38
0 39
0 40
0 41
0 42
0 43
0 45
0 46
0 50
0 51
0 54
0 58
0 59
0 62
0 64
0 68
0 72
0 73
0 74
0 76
0 77
0 80
0 81
0 83
0 84
0 85
0 86
0 88
0 89
0 90
0 91
0 92
0 94
0 96
0 97
0 99
0 100
0 103
0 104
0 108
0 111
0 112
0 114
0 115
0 116
0 118
0 119
0 120
0 126
0 127
0 128
0 129
0 131
0 135
0 136
0 137
0 138
0 140
0 141
0 142
0 145
0 147
0 148
0 149
0 150
0 151
0 153
0 154
0 155
0 156
0 157
0 158
0 160
0 161
0 162
0 163
0 165
0 166
0 168
0 170
0 171
0 172
0 175
0 176
0 178
0 180
0 181
0 182
0 183
0 184
0 187
0 192
0 194
0 197
0 199
1 0
1 1
1 3
1 7
1 9
1 12
1 15
1 16
1 28
1 33
1 36
1 37
1 44
1 47
1 48
1 49
1 52
1 53
1 55
1 56
1 57
1 60
1 61
1 63
1 65
1 66
1 67
1 69
1 70
1 71
1 75
1 78
1 79
1 82
1 87
1 93
1 95
1 98
1 101
1 102
1 105
1 106
1 107
1 109
1 110
1 113
1 117
1 121
1 122
1 123
1 124
1 125
1 130
1 132
1 133
1 134
1 139
1 143
1 144
1 146
1 152
1 159
1 164
1 167
1 169
1 173
1 174
1 177
1 179
1 185
1 186
1 188
1 189
1 190
1 191
1 193
1 195
1 196
1 198
