0 4
0 6
0 11
0 14
0 17
0 18
0 20
0 21
0 25
0 27
0 31
0 32
0 35
0 39
0 40
0 41
0 44
0 46
0 52
0 58
0 59
0 62
0 68
0 72
0 73
0 74
0 89
0 90
0 97
0 100
0 108
0 111
0 115
0 116
0 129
0 130
0 135
0 137
0 138
0 148
0 151
0 153
0 157
0 158
0 160
0 166
0 172
0 175
0 180
0 183
0 187
0 189
0 194
0 197
1 5
1 10
1 12
1 15
1 16
1 37
1 42
1 54
1 56
1 60
1 61
1 63
1 67
1 69
1 71
1 77
1 80
1 82
1 87
1 88
1 91
1 93
1 95
1 98
1 104
1 105
1 107
1 109
1 113
1 118
1 122
1 123
1 126
1 133
1 141
1 147
1 150
1 163
1 165
1 167
1 168
1 169
1 181
1 192
1 198
2 0
2 1
2 3
2 7
2 9
2 28
2 33
2 36
2 47
2 48
2 49
2 53
2 55
2 57
2 64
2 65
2 66
2 70
2 75
2 78
2 79
2 101
2 102
2 106
2 110
2 117
2 121
2 124
2 125
2 132
2 134
2 139
2 143
2 144
2 146
2 152
2 159
2 164
2 173
2 174
2 177
2 179
2 185
2 186
2 188
2 190
2 191
2 193
2 195
2 196
3 2
3 8
3 13
3 19
3 22
3 23
3 24
3 26
3 29
3 30
3 34
3 38
3 43
3 45
3 50
3 51
3 76
3 81
3 83
3 84
3 85
3 86
3 92
3 94
3 96
3 99
3 103
3 112
3 114
3 119
3 120
3 127
3 128
3 131
3 136
3 140
3 142
3 145
3 149
3 154
3 155
3 156
3 161
3 162
3 170
3 171
3 176
3 178
3 182
3 184
3 199
