0 2
0 8
0 19
0 23
0 24
0 26
0 29
0 30
0 38
0 45
0 51
0 76
0 83
0 85
0 86
0 94
0 96
0 99
0 103
0 112
0 114
0 120
0 127
0 128
0 136
0 142
0 149
0 161
0 162
0 166
0 170
0 171
0 176
0 182
0 184
0 199
1 0
1 1
1 3
1 7
1 9
1 47
1 49
1 55
1 57
1 65
1 66
1 70
1 75
1 78
1 79
1 101
1 102
1 110
1 117
1 124
1 125
1 132
1 134
1 139
1 144
1 146
1 152
1 159
1 164
1 173
1 185
1 190
1 191
1 193
1 195
1 196
2 5
2 12
2 16
2 37
2 42
2 54
2 60
2 61
2 63
2 67
2 69
2 80
2 82
2 87
2 88
2 91
2 93
2 98
2 104
2 107
2 109
2 118
2 122
2 123
2 126
2 133
2 147
2 165
2 167
2 168
2 169
2 192
2 198
3 4
3 17
3 18
3 20
3 21
3 25
3 27
3 35
3 39
3 40
3 46
3 48
3 53
3 58
3 59
3 73
3 74
3 89
3 97
3 100
3 108
3 115
3 116
3 129
3 130
3 135
3 138
3 148
3 153
3 158
3 172
3 174
3 175
3 177
3 180
3 183
3 187
3 188
4 13
4 15
4 22
4 31
4 34
4 43
4 50
4 62
4 64
4 71
4 81
4 84
4 92
4 113
4 119
4 121
4 131
4 140
4 154
4 155
4 178
4 181
4 186
5 6
5 10
5 11
5 14
5 28
5 32
5 33
5 36
5 41
5 44
5 52
5 56
5 68
5 72
5 77
5 90
5 95
5 105
5 106
5 111
5 137
5 141
5 143
5 145
5 150
5 151
5 156
5 157
5 160
5 163
5 179
5 189
5 194
5 197
