0 20
0 21
0 25
0 27
0 35
0 40
0 46
0 58
0 59
0 73
0 74
0 86
0 89
0 100
0 108
0 115
0 116
0 129
0 135
0 148
0 153
0 158
0 172
0 175
0 180
0 183
0 187
1 0
1 1
1 3
1 7
1 9
1 47
1 53
1 55
1 65
1 66
1 70
1 75
1 78
1 79
1 97
1 101
1 102
1 117
1 124
1 125
1 130
1 144
1 146
1 152
1 159
1 164
1 173
1 174
1 177
1 185
1 188
1 190
1 191
1 195
2 5
2 16
2 42
2 56
2 77
2 80
2 91
2 93
2 95
2 104
2 105
2 126
2 133
2 147
2 168
2 192
2 198
3 10
3 11
3 29
3 32
3 38
3 50
3 54
3 72
3 76
3 88
3 96
3 114
3 118
3 131
3 141
3 145
3 149
3 150
3 156
3 157
3 163
3 165
3 166
3 171
3 178
3 181
3 194
3 197
4 2
4 8
4 19
4 23
4 24
4 26
4 30
4 45
4 51
4 83
4 85
4 94
4 99
4 103
4 112
4 120
4 127
4 128
4 136
4 142
4 161
4 162
4 170
4 176
4 182
4 184
4 199
5 12
5 37
5 49
5 60
5 61
5 63
5 67
5 69
5 71
5 82
5 87
5 98
5 107
5 109
5 122
5 123
5 132
5 134
5 139
5 167
5 169
5 193
5 196
6 6
6 14
6 28
6 33
6 36
6 41
6 44
6 48
6 52
6 57
6 68
6 90
6 106
6 110
6 111
6 137
6 143
6 151
6 160
6 179
6 189
7 4
7 13
7 15
7 17
7 18
7 22
7 31
7 34
7 39
7 43
7 62
7 64
7 81
7 84
7 92
7 113
7 119
7 121
7 138
7 140
7 154
7 155
7 186
