0 6
0 14
0 28
0 33
0 36
0 44
0 48
0 52
0 57
0 68
0 90
0 101
0 106
0 110
0 143
0 144
0 179
0 185
0 189
1 13
1 15
1 17
1 22
1 31
1 34
1 39
1 43
1 62
1 64
1 81
1 84
1 92
1 113
1 119
1 140
1 154
1 155
2 19
2 23
2 29
2 30
2 38
2 42
2 50
2 54
2 76
2 88
2 91
2 96
2 118
2 131
2 149
2 150
2 162
2 165
2 171
2 178
2 181
2 182
3 10
3 11
3 32
3 41
3 56
3 72
3 77
3 95
3 105
3 111
3 137
3 141
3 145
3 151
3 156
3 157
3 160
3 163
3 194
4 5
4 12
4 16
4 37
4 60
4 61
4 63
4 67
4 69
4 71
4 80
4 82
4 87
4 93
4 98
4 104
4 107
4 109
4 122
4 123
4 126
4 133
4 147
4 167
4 168
4 169
4 192
4 198
5 2
5 8
5 24
5 26
5 45
5 51
5 83
5 85
5 86
5 94
5 99
5 103
5 112
5 114
5 120
5 127
5 128
5 136
5 142
5 161
5 170
5 176
5 184
5 199
6 20
6 21
6 25
6 27
6 35
6 40
6 46
6 58
6 59
6 73
6 74
6 89
6 100
6 108
6 115
6 116
6 129
6 135
6 148
6 153
6 158
6 166
6 172
6 175
6 180
6 183
6 187
6 197
7 0
7 3
7 9
7 49
7 65
7 79
7 117
7 124
7 125
7 132
7 134
7 139
7 146
7 164
7 186
7 190
7 191
7 193
7 196
8 1
8 4
8 7
8 18
8 47
8 53
8 55
8 66
8 70
8 75
8 78
8 97
8 102
8 121
8 130
8 138
8 152
8 159
8 173
8 174
8 177
8 188
8 195
