0 51
0 57
0 74
0 85
0 87
0 111
0 136
0 138
0 149
0 168
0 177
0 188
0 191
1 2
1 9
1 10
1 13
1 32
1 33
1 97
1 106
1 112
1 146
1 151
1 170
1 179
1 182
2 12
2 15
2 22
2 30
2 35
2 39
2 42
2 45
2 46
2 55
2 56
2 70
2 76
2 86
2 99
2 115
2 128
2 145
2 166
2 178
2 181
2 183
2 184
2 192
2 194
2 197
2 199
3 5
3 6
3 20
3 23
3 27
3 29
3 34
3 62
3 81
3 84
3 92
3 113
3 116
3 118
3 122
3 125
3 132
3 134
3 153
3 155
3 165
3 187
3 195
3 198
4 8
4 24
4 26
4 28
4 37
4 40
4 41
4 52
4 54
4 68
4 72
4 79
4 80
4 82
4 96
4 103
4 104
4 110
4 120
4 123
4 127
4 141
4 142
4 157
4 167
4 175
4 176
4 185
5 4
5 11
5 16
5 17
5 50
5 61
5 63
5 67
5 71
5 77
5 83
5 88
5 93
5 109
5 114
5 121
5 139
5 148
5 161
5 162
5 169
5 172
5 186
5 189
5 193
6 0
6 7
6 14
6 18
6 36
6 59
6 60
6 75
6 101
6 124
6 133
6 144
6 159
6 164
6 173
7 38
7 44
7 47
7 53
7 108
7 119
7 160
7 174
7 196
8 1
8 19
8 21
8 25
8 58
8 64
8 73
8 89
8 90
8 94
8 98
8 100
8 107
8 117
8 126
8 129
8 130
8 137
8 143
8 147
8 150
8 156
8 163
8 171
8 180
9 3
9 31
9 43
9 48
9 49
9 65
9 66
9 69
9 78
9 91
9 95
9 102
9 105
9 131
9 135
9 140
9 152
9 154
9 158
9 190
