0 19
0 21
0 25
0 46
0 58
0 67
0 73
0 88
0 89
0 98
0 107
0 109
0 117
0 126
0 129
0 137
0 143
0 147
0 150
0 156
0 163
0 171
0 180
0 189
0 193
1 12
1 15
1 22
1 24
1 30
1 35
1 39
1 42
1 45
1 55
1 56
1 70
1 76
1 83
1 86
1 99
1 112
1 115
1 128
1 145
1 162
1 166
1 178
1 181
1 182
1 183
1 184
1 192
1 194
1 197
1 199
2 6
2 23
2 29
2 65
2 78
2 84
2 102
2 116
2 118
2 132
2 134
2 155
2 165
2 195
2 196
3 1
3 27
3 38
3 90
3 94
3 108
3 119
3 130
3 160
3 172
4 34
4 43
4 50
4 61
4 62
4 63
4 71
4 77
4 81
4 91
4 92
4 93
4 97
4 113
4 114
4 121
4 122
4 125
4 131
4 139
4 146
4 161
4 169
4 179
4 187
4 198
5 8
5 28
5 52
5 68
5 96
5 103
5 104
5 110
5 120
5 123
5 127
5 167
5 175
6 0
6 5
6 7
6 18
6 20
6 36
6 44
6 47
6 53
6 59
6 60
6 75
6 100
6 101
6 124
6 133
6 144
6 153
6 159
6 164
6 173
6 174
7 4
7 51
7 57
7 74
7 85
7 87
7 111
7 136
7 138
7 142
7 148
7 168
7 177
7 188
7 191
8 2
8 9
8 10
8 11
8 13
8 16
8 17
8 32
8 33
8 66
8 106
8 149
8 151
8 170
8 186
9 26
9 37
9 40
9 41
9 54
9 72
9 79
9 80
9 82
9 141
9 157
9 176
9 185
10 3
10 14
10 31
10 48
10 49
10 64
10 69
10 95
10 105
10 135
10 140
10 152
10 154
10 158
10 190
