0 88
0 89
0 107
0 129
0 147
0 150
0 156
0 163
0 189
0 193
1 51
1 57
1 69
1 74
1 85
1 87
1 111
1 136
1 138
1 142
1 168
1 177
1 188
2 12
2 15
2 35
2 39
2 45
2 46
2 55
2 70
2 83
2 86
2 115
2 162
2 166
2 178
2 183
2 184
2 192
3 2
3 4
3 10
3 67
3 77
3 132
3 148
3 151
3 161
3 170
4 7
4 31
4 36
4 60
4 144
4 164
4 173
4 191
5 8
5 24
5 28
5 37
5 52
5 56
5 68
5 112
5 128
5 145
5 175
5 182
5 194
5 199
6 3
6 48
6 49
6 95
6 105
6 135
6 140
6 152
6 154
6 158
6 190
7 50
7 61
7 62
7 63
7 71
7 113
7 125
7 139
7 169
7 198
8 0
8 18
8 44
8 47
8 59
8 75
8 101
8 124
8 133
8 159
9 6
9 23
9 27
9 29
9 65
9 78
9 84
9 102
9 116
9 155
9 165
9 195
10 9
10 11
10 13
10 14
10 16
10 17
10 32
10 43
10 66
10 91
10 97
10 106
10 114
10 146
10 149
10 179
10 186
10 187
11 22
11 30
11 42
11 76
11 82
11 99
11 181
11 197
12 1
12 26
12 40
12 41
12 54
12 72
12 79
12 80
12 90
12 96
12 103
12 104
12 110
12 120
12 123
12 127
12 130
12 141
12 157
12 167
12 176
12 185
13 5
13 20
13 21
13 53
13 58
13 64
13 73
13 94
13 100
13 117
13 126
13 137
13 153
13 174
13 180
14 34
14 81
14 92
14 121
14 122
14 131
15 33
15 38
15 93
15 108
15 119
15 160
15 172
15 196
16 19
16 25
16 98
16 109
16 118
16 134
16 143
16 171
