0 3
0 31
0 48
0 49
0 64
0 65
0 102
0 135
0 140
0 152
0 154
0 158
0 190
1 12
1 15
1 45
1 46
1 55
1 70
1 83
1 86
1 115
1 162
1 178
1 183
1 192
2 0
2 7
2 14
2 36
2 60
2 101
2 124
2 144
2 159
2 173
3 33
3 38
3 47
3 108
3 119
3 160
3 196
4 2
4 4
4 67
4 77
4 82
4 93
4 132
4 161
4 197
5 9
5 16
5 17
5 32
5 43
5 66
5 78
5 91
5 97
5 106
5 149
5 179
5 186
6 25
6 50
6 61
6 62
6 63
6 71
6 113
6 125
6 139
6 169
6 198
7 88
7 89
7 150
7 156
7 189
7 193
8 26
8 40
8 54
8 100
8 120
8 141
9 1
9 27
9 90
9 130
9 172
10 5
10 18
10 20
10 44
10 53
10 59
10 75
10 133
10 153
10 164
10 174
11 24
11 56
11 128
11 145
11 157
11 194
11 199
12 19
12 21
12 58
12 73
12 94
12 98
12 107
12 109
12 117
12 126
12 129
12 137
12 143
12 147
12 163
12 171
12 180
13 11
13 51
13 57
13 69
13 74
13 85
13 87
13 111
13 136
13 138
13 142
13 148
13 168
13 177
13 188
13 191
14 34
14 81
14 92
14 95
14 105
14 114
14 121
14 122
14 131
14 146
14 165
14 187
15 22
15 30
15 42
15 76
15 99
15 166
15 181
16 8
16 28
16 37
16 41
16 52
16 68
16 72
16 79
16 80
16 96
16 103
16 104
16 110
16 123
16 127
16 167
16 175
16 176
16 185
17 6
17 23
17 29
17 84
17 116
17 118
17 134
17 155
17 195
18 10
18 13
18 35
18 39
18 112
18 151
18 170
18 182
18 184
