0 8
0 12
0 15
0 22
0 24
0 26
0 28
0 30
0 35
0 37
0 39
0 40
0 41
0 42
0 45
0 46
0 52
0 54
0 55
0 56
0 68
0 70
0 72
0 76
0 79
0 80
0 82
0 83
0 85
0 86
0 96
0 99
0 103
0 104
0 110
0 112
0 115
0 120
0 123
0 127
0 128
0 137
0 141
0 142
0 145
0 157
0 166
0 167
0 175
0 176
0 177
0 178
0 181
0 182
0 183
0 184
0 185
0 192
0 193
0 194
0 197
0 199
1 0
1 1
1 2
1 3
1 4
1 5
1 6
1 7
1 9
1 10
1 11
1 13
1 14
1 16
1 17
1 18
1 19
1 20
1 21
1 23
1 25
1 27
1 29
1 31
1 32
1 33
1 34
1 36
1 38
1 43
1 44
1 47
1 48
1 49
1 50
1 51
1 53
1 57
1 58
1 59
1 60
1 61
1 62
1 63
1 64
1 65
1 66
1 67
1 69
1 71
1 73
1 74
1 75
1 77
1 78
1 81
1 84
1 87
1 88
1 89
1 90
1 91
1 92
1 93
1 94
1 95
1 97
1 98
1 100
1 101
1 102
1 105
1 106
1 107
1 108
1 109
1 111
1 113
1 114
1 116
1 117
1 118
1 119
1 121
1 122
1 124
1 125
1 126
1 129
1 130
1 131
1 132
1 133
1 134
1 135
1 136
1 138
1 139
1 140
1 143
1 144
1 146
1 147
1 148
1 149
1 150
1 151
1 152
1 153
1 154
1 155
1 156
1 158
1 159
1 160
1 161
1 162
1 163
1 164
1 165
1 168
1 169
1 170
1 171
1 172
1 173
1 174
1 179
1 180
1 186
1 187
1 188
1 189
1 190
1 191
1 195
1 196
1 198
