0 29
0 109
0 118
0 134
0 160
0 171
0 195
0 196
1 20
1 58
1 107
1 117
2 45
2 46
2 55
2 83
2 86
2 115
2 162
2 178
3 0
3 7
3 14
3 36
3 53
3 60
3 124
3 144
3 159
3 164
3 173
4 34
4 81
4 92
4 97
4 105
4 114
4 122
4 146
4 187
4 189
5 12
5 24
5 183
6 1
6 26
6 54
6 90
6 96
6 104
6 110
6 120
6 123
6 130
6 141
6 193
7 19
7 21
7 25
7 64
7 73
7 89
7 94
7 98
7 100
7 126
7 129
7 137
7 143
7 147
7 150
7 156
7 163
7 174
7 180
8 43
8 48
8 49
8 66
8 91
8 131
8 135
8 140
8 152
8 154
8 158
8 190
9 35
9 39
9 56
9 70
9 85
9 128
9 145
9 184
9 194
9 199
10 51
10 57
10 69
10 74
10 87
10 111
10 136
10 138
10 142
10 168
10 177
10 188
10 191
11 6
11 23
11 27
11 65
11 78
11 102
11 116
11 165
12 37
12 40
12 72
12 79
12 80
12 157
12 176
12 185
13 8
13 28
13 41
13 52
13 68
13 103
13 127
13 167
13 175
14 9
14 10
14 32
14 33
14 112
14 151
14 170
14 182
15 50
15 61
15 62
15 63
15 71
15 84
15 113
15 125
15 139
15 155
15 169
15 198
16 11
16 13
16 16
16 17
16 31
16 93
16 106
16 108
16 119
16 121
16 148
16 149
16 172
16 179
16 186
17 15
17 22
17 30
17 42
17 76
17 99
17 166
17 181
17 192
18 2
18 4
18 67
18 77
18 82
18 88
18 132
18 161
18 197
19 3
19 5
19 18
19 38
19 44
19 47
19 59
19 75
19 95
19 101
19 133
19 153
