0 8
0 12
0 15
0 19
0 20
0 21
0 22
0 23
0 24
0 25
0 26
0 28
0 29
0 30
0 35
0 37
0 39
0 40
0 41
0 42
0 45
0 46
0 52
0 54
0 55
0 58
0 67
0 68
0 70
0 71
0 72
0 73
0 76
0 79
0 80
0 82
0 83
0 84
0 86
0 88
0 89
0 96
0 98
0 99
0 100
0 103
0 104
0 110
0 115
0 117
0 118
0 120
0 123
0 126
0 127
0 128
0 134
0 137
0 138
0 141
0 143
0 145
0 147
0 150
0 155
0 156
0 157
0 161
0 162
0 163
0 166
0 167
0 174
0 175
0 176
0 178
0 180
0 181
0 183
0 184
0 185
0 189
0 192
0 193
0 194
0 195
0 197
1 1
1 2
1 4
1 9
1 10
1 11
1 27
1 32
1 33
1 38
1 51
1 56
1 74
1 77
1 85
1 87
1 90
1 93
1 94
1 107
1 108
1 109
1 111
1 112
1 116
1 119
1 129
1 130
1 132
1 136
1 142
1 148
1 149
1 151
1 160
1 168
1 170
1 171
1 172
1 177
1 182
1 188
1 196
1 199
2 0
2 3
2 5
2 6
2 7
2 13
2 14
2 16
2 17
2 18
2 31
2 34
2 36
2 43
2 44
2 47
2 48
2 49
2 50
2 53
2 57
2 59
2 60
2 61
2 62
2 63
2 64
2 65
2 66
2 69
2 75
2 78
2 81
2 91
2 92
2 95
2 97
2 101
2 102
2 105
2 106
2 113
2 114
2 121
2 122
2 124
2 125
2 131
2 133
2 135
2 139
2 140
2 144
2 146
2 152
2 153
2 154
2 158
2 159
2 164
2 165
2 169
2 173
2 179
2 186
2 187
2 190
2 191
2 198
