0 2
0 6
0 22
0 23
0 30
0 42
0 43
0 50
0 61
0 62
0 63
0 66
0 67
0 71
0 76
0 77
0 82
0 84
0 91
0 97
0 99
0 113
0 114
0 125
0 132
0 139
0 155
0 161
0 165
0 169
0 179
0 181
0 187
0 197
0 198
1 0
1 5
1 7
1 14
1 16
1 17
1 18
1 20
1 26
1 36
1 40
1 44
1 47
1 53
1 54
1 59
1 60
1 75
1 79
1 100
1 101
1 106
1 124
1 133
1 141
1 144
1 153
1 157
1 159
1 164
1 173
1 174
1 176
1 180
1 185
1 186
2 8
2 12
2 15
2 24
2 28
2 35
2 37
2 39
2 41
2 45
2 46
2 52
2 55
2 56
2 68
2 70
2 72
2 80
2 83
2 85
2 86
2 96
2 103
2 104
2 110
2 112
2 115
2 120
2 123
2 127
2 128
2 137
2 145
2 162
2 166
2 167
2 175
2 178
2 182
2 183
2 184
2 192
2 194
2 199
3 3
3 4
3 11
3 13
3 27
3 31
3 34
3 48
3 49
3 51
3 57
3 64
3 65
3 69
3 74
3 78
3 81
3 87
3 90
3 92
3 95
3 102
3 105
3 111
3 121
3 122
3 131
3 135
3 136
3 138
3 140
3 142
3 146
3 148
3 149
3 152
3 154
3 158
3 168
3 177
3 188
3 190
3 191
4 1
4 9
4 10
4 19
4 21
4 25
4 29
4 32
4 33
4 38
4 58
4 73
4 88
4 89
4 93
4 94
4 98
4 107
4 108
4 109
4 116
4 117
4 118
4 119
4 126
4 129
4 130
4 134
4 143
4 147
4 150
4 151
4 156
4 160
4 163
4 170
4 171
4 172
4 189
4 193
4 195
4 196
