0 12
0 15
0 20
0 22
0 23
0 30
0 35
0 39
0 42
0 45
0 46
0 50
0 55
0 61
0 63
0 67
0 70
0 71
0 76
0 77
0 82
0 83
0 84
0 86
0 88
0 93
0 99
0 115
0 132
0 139
0 145
0 155
0 161
0 162
0 166
0 169
0 178
0 181
0 183
0 184
0 192
0 197
1 2
1 4
1 9
1 10
1 11
1 13
1 31
1 33
1 51
1 56
1 57
1 69
1 74
1 85
1 87
1 90
1 111
1 112
1 119
1 136
1 138
1 148
1 149
1 151
1 168
1 170
1 172
1 177
1 182
1 188
1 191
1 199
2 8
2 24
2 26
2 28
2 32
2 37
2 40
2 41
2 52
2 54
2 68
2 72
2 79
2 80
2 96
2 103
2 104
2 110
2 120
2 123
2 127
2 128
2 141
2 142
2 157
2 167
2 175
2 176
2 185
2 193
2 194
3 0
3 5
3 7
3 14
3 18
3 36
3 38
3 44
3 47
3 53
3 59
3 60
3 75
3 101
3 106
3 108
3 124
3 133
3 144
3 153
3 159
3 164
3 173
3 174
4 3
4 6
4 16
4 17
4 27
4 34
4 43
4 48
4 49
4 62
4 64
4 65
4 66
4 78
4 81
4 91
4 92
4 95
4 97
4 102
4 105
4 113
4 114
4 116
4 121
4 122
4 125
4 131
4 135
4 140
4 146
4 152
4 154
4 158
4 165
4 179
4 186
4 187
4 190
4 198
5 1
5 19
5 21
5 25
5 29
5 58
5 73
5 89
5 94
5 98
5 100
5 107
5 109
5 117
5 118
5 126
5 129
5 130
5 134
5 137
5 143
5 147
5 150
5 156
5 160
5 163
5 171
5 180
5 189
5 195
5 196
