0 12
0 20
0 29
0 50
0 54
0 55
0 68
0 106
0 118
0 122
0 131
0 135
0 163
0 165
0 177
0 190
0 236
0 238
0 248
0 259
0 266
0 296
0 298
0 303
0 310
0 332
0 363
0 377
0 395
0 401
0 417
0 425
0 426
0 434
0 435
0 439
0 447
0 450
0 463
0 466
0 471
0 482
0 493
0 500
0 523
0 526
0 529
1 0
1 3
1 30
1 71
1 98
1 134
1 148
1 151
1 195
1 351
1 372
1 409
1 412
1 418
1 436
1 477
1 486
2 22
2 40
2 42
2 46
2 72
2 91
2 125
2 188
2 196
2 200
2 206
2 231
2 294
2 302
2 329
2 347
2 348
2 349
2 359
2 387
2 421
2 456
2 502
2 509
2 510
2 532
3 17
3 19
3 21
3 61
3 81
3 86
3 92
3 108
3 114
3 150
3 162
3 170
3 181
3 230
3 282
3 290
3 292
3 297
3 318
3 320
3 327
3 335
3 367
3 382
3 429
3 468
4 10
4 14
4 104
4 142
4 147
4 240
4 251
4 378
4 494
4 530
5 27
5 37
5 43
5 63
5 79
5 82
5 110
5 112
5 137
5 194
5 219
5 224
5 241
5 257
5 268
5 291
5 402
5 404
5 414
5 422
5 453
5 504
5 515
5 517
6 18
6 23
6 38
6 39
6 97
6 116
6 136
6 166
6 168
6 178
6 180
6 198
6 202
6 208
6 211
6 225
6 254
6 281
6 295
6 325
6 330
6 379
6 399
6 416
6 437
6 460
6 481
6 491
6 501
6 505
6 524
7 26
7 126
7 189
7 214
7 216
7 262
7 305
7 340
7 380
7 446
7 457
8 9
8 65
8 69
8 133
8 154
8 182
8 209
8 227
8 249
8 313
8 321
8 324
8 328
8 341
8 420
8 430
8 444
8 448
8 472
8 489
9 28
9 64
9 83
9 90
9 105
9 127
9 128
9 139
9 143
9 144
9 155
9 179
9 221
9 272
9 284
9 293
9 326
9 440
10 16
10 58
10 75
10 95
10 100
10 111
10 132
10 192
10 204
10 229
10 315
10 338
10 371
10 403
10 428
10 451
10 533
11 31
11 32
11 35
11 36
11 44
11 52
11 70
11 88
11 96
11 103
11 121
11 124
11 145
11 157
11 187
11 217
11 233
11 234
11 243
11 263
11 264
11 265
11 308
11 344
11 368
11 369
11 370
11 381
11 386
11 391
11 415
11 423
11 442
11 458
11 462
11 479
11 484
11 490
11 514
11 528
11 535
12 15
12 25
12 73
12 74
12 101
12 156
12 169
12 175
12 199
12 212
12 288
12 307
12 354
12 364
12 376
12 406
12 443
12 487
12 519
12 520
13 6
13 49
13 78
13 85
13 130
13 174
13 185
13 205
13 232
13 304
13 345
13 346
13 362
13 388
13 393
13 400
13 419
13 464
13 465
13 467
13 478
13 512
13 516
14 41
14 56
14 77
14 117
14 138
14 191
14 260
14 301
14 309
14 337
14 343
14 353
14 358
14 366
14 375
14 389
14 405
14 498
14 499
15 48
15 115
15 176
15 213
15 235
15 246
15 269
15 286
15 311
15 312
15 350
15 360
15 410
15 411
15 413
15 470
15 497
15 506
15 507
15 508
15 511
15 521
16 24
16 51
16 60
16 84
16 87
16 107
16 152
16 245
16 250
16 261
16 278
16 279
16 317
16 336
16 373
16 384
16 385
16 390
16 407
16 459
16 461
16 485
16 522
17 2
17 34
17 47
17 80
17 119
17 123
17 173
17 207
17 215
17 223
17 255
17 323
17 392
17 492
18 53
18 67
18 76
18 99
18 159
18 183
18 210
18 222
18 267
18 275
18 277
18 289
18 352
18 361
18 431
18 438
18 449
18 452
18 488
18 495
18 496
18 518
