0 18
0 48
0 92
0 100
0 103
0 130
0 136
0 142
0 145
0 149
0 154
0 162
0 164
0 179
0 200
0 231
0 232
0 246
0 266
0 281
0 298
0 307
0 313
0 315
0 320
0 321
0 352
0 383
0 439
0 446
0 465
0 467
0 468
0 482
0 519
0 528
1 1
1 24
1 36
1 54
1 72
1 73
1 85
1 132
1 151
1 161
1 165
1 254
1 325
1 329
1 385
1 388
1 396
1 399
1 416
1 442
1 497
1 529
2 44
2 64
2 102
2 105
2 133
2 176
2 187
2 196
2 235
2 271
2 366
2 377
2 394
2 395
2 401
2 444
2 464
2 478
2 494
2 496
2 502
3 16
3 33
3 69
3 70
3 78
3 81
3 114
3 129
3 139
3 189
3 208
3 229
3 296
3 308
3 326
3 328
3 330
3 340
3 358
3 362
3 364
3 428
3 469
3 504
3 516
3 534
4 12
4 62
4 135
4 159
4 182
4 192
4 214
4 216
4 248
4 260
4 276
4 334
4 335
4 374
4 415
4 470
4 524
5 52
5 59
5 75
5 106
5 117
5 172
5 173
5 177
5 278
5 295
5 322
5 341
5 350
5 361
5 402
5 426
5 443
5 453
5 458
5 485
5 495
5 500
5 517
5 526
5 530
6 21
6 23
6 31
6 147
6 185
6 190
6 293
6 318
6 378
6 407
6 408
6 420
6 434
6 472
6 520
6 522
6 523
7 2
7 37
7 56
7 58
7 113
7 119
7 157
7 158
7 163
7 171
7 178
7 212
7 215
7 236
7 243
7 262
7 272
7 283
7 305
7 311
7 344
7 348
7 370
7 380
7 397
7 403
7 409
7 425
7 473
7 481
7 491
7 499
7 509
8 8
8 10
8 51
8 60
8 67
8 77
8 101
8 138
8 146
8 156
8 191
8 197
8 204
8 205
8 223
8 233
8 258
8 297
8 300
8 317
8 324
8 357
8 379
8 384
8 393
8 410
8 417
8 432
8 440
8 449
8 461
8 462
8 471
8 503
8 532
9 11
9 32
9 41
9 42
9 45
9 86
9 112
9 115
9 116
9 174
9 225
9 245
9 247
9 249
9 265
9 286
9 345
9 372
9 419
9 477
9 521
9 535
10 25
10 34
10 61
10 66
10 68
10 84
10 87
10 96
10 111
10 128
10 144
10 170
10 184
10 206
10 234
10 251
10 336
10 339
10 349
10 355
10 376
10 386
10 429
10 431
10 479
10 525
11 17
11 43
11 53
11 74
11 121
11 126
11 150
11 152
11 155
11 198
11 199
11 207
11 264
11 268
11 287
11 294
11 302
11 338
11 381
11 400
11 435
11 483
11 487
11 514
12 50
12 65
12 82
12 98
12 108
12 110
12 175
12 255
12 303
12 327
12 368
12 422
12 512
12 518
13 0
13 5
13 7
13 30
13 80
13 118
13 124
13 131
13 143
13 188
13 202
13 218
13 221
13 261
13 270
13 304
13 309
13 351
13 445
13 452
13 480
13 484
13 506
13 510
13 515
14 6
14 14
14 27
14 49
14 83
14 99
14 120
14 211
14 238
14 240
14 299
14 314
14 346
14 354
14 359
14 371
14 390
14 406
14 412
14 414
14 456
14 498
14 501
14 533
15 19
15 26
15 35
15 38
15 39
15 47
15 88
15 95
15 127
15 148
15 195
15 210
15 213
15 217
15 277
15 284
15 289
15 301
15 360
15 373
15 430
15 438
15 457
15 488
15 490
16 13
16 29
16 104
16 107
16 123
16 134
16 166
16 169
16 250
16 257
16 288
16 291
16 332
16 363
16 405
16 411
16 418
16 423
16 433
16 448
16 450
16 455
16 463
16 474
16 475
16 505
17 20
17 40
17 122
17 125
17 137
17 180
17 181
17 279
17 347
17 353
17 369
17 375
17 382
17 392
17 413
17 492
17 511
18 3
18 46
18 63
18 71
18 76
18 194
18 230
18 242
18 253
18 290
18 310
18 337
18 343
18 367
18 391
18 404
18 437
18 486
19 9
19 22
19 28
19 90
19 209
19 219
19 222
19 227
19 241
19 252
19 263
19 269
19 275
19 292
19 312
19 316
19 436
19 451
19 466
19 476
19 507
