0 2
0 22
0 28
0 33
0 62
0 83
0 85
0 86
0 137
0 161
0 187
0 192
0 219
0 241
0 262
0 305
0 316
0 371
0 386
0 456
0 469
0 510
0 535
1 61
1 78
1 108
1 123
1 135
1 151
1 155
1 202
1 204
1 227
1 233
1 250
1 257
1 279
1 281
1 290
1 328
1 349
1 367
1 372
1 395
1 418
1 452
1 463
1 467
1 477
1 482
1 491
1 501
2 13
2 43
2 53
2 163
2 209
2 222
2 238
2 248
2 309
2 320
2 396
2 409
2 425
2 444
2 453
2 458
2 499
2 507
2 530
3 5
3 26
3 47
3 49
3 64
3 68
3 121
3 131
3 139
3 146
3 150
3 152
3 172
3 199
3 200
3 265
3 289
3 330
3 351
3 370
3 383
3 397
3 402
3 419
3 428
3 430
3 436
3 489
3 519
4 8
4 18
4 54
4 56
4 63
4 103
4 114
4 119
4 177
4 182
4 203
4 247
4 249
4 255
4 261
4 300
4 303
4 322
4 323
4 374
4 391
4 392
4 410
4 413
4 414
4 422
4 432
4 451
4 490
4 526
4 528
5 21
5 70
5 80
5 105
5 126
5 157
5 185
5 189
5 217
5 235
5 252
5 277
5 301
5 310
5 312
5 314
5 317
5 364
5 366
5 408
5 435
5 448
5 457
5 480
5 492
5 533
6 1
6 4
6 9
6 15
6 27
6 31
6 66
6 113
6 122
6 130
6 132
6 144
6 213
6 225
6 231
6 276
6 321
6 357
6 360
6 388
6 400
6 442
6 471
6 515
6 525
7 30
7 40
7 51
7 92
7 97
7 124
7 169
7 230
7 275
7 297
7 341
7 362
7 368
7 378
7 384
7 417
7 474
7 487
7 505
7 509
8 3
8 25
8 72
8 81
8 96
8 104
8 142
8 145
8 147
8 158
8 165
8 211
8 264
8 287
8 325
8 326
8 344
8 345
8 346
8 353
8 385
8 399
8 404
8 439
8 443
8 455
8 466
8 472
8 494
8 495
8 497
8 502
8 504
8 521
8 523
8 529
9 16
9 23
9 76
9 134
9 176
9 291
9 298
9 359
9 423
9 449
9 512
9 524
10 19
10 20
10 67
10 90
10 127
10 159
10 166
10 191
10 195
10 212
10 337
10 361
10 376
10 380
10 389
10 416
10 431
10 468
10 478
11 35
11 38
11 45
11 58
11 65
11 82
11 180
11 243
11 286
11 288
11 295
11 307
11 315
11 334
11 335
11 336
11 382
11 401
11 406
11 473
11 476
12 39
12 107
12 118
12 174
12 179
12 181
12 194
12 207
12 208
12 223
12 229
12 232
12 268
12 284
12 311
12 324
12 338
12 340
12 352
12 358
12 363
12 387
12 407
12 433
12 450
12 484
12 485
13 7
13 32
13 34
13 42
13 73
13 99
13 100
13 112
13 128
13 138
13 197
13 245
13 254
13 258
13 263
13 292
13 302
13 331
13 332
13 339
13 355
13 373
13 412
13 429
13 438
13 464
13 470
13 479
13 500
13 506
13 508
13 518
13 534
14 10
14 12
14 37
14 50
14 87
14 102
14 117
14 175
14 210
14 214
14 242
14 327
14 329
14 348
14 379
14 420
14 461
14 462
14 481
14 517
14 522
15 36
15 59
15 60
15 74
15 77
15 84
15 116
15 133
15 136
15 143
15 149
15 162
15 178
15 188
15 196
15 215
15 216
15 234
15 236
15 240
15 253
15 260
15 266
15 269
15 296
15 299
15 304
15 318
15 343
15 390
15 403
15 411
15 437
15 475
15 488
15 503
15 520
15 532
16 11
16 24
16 41
16 52
16 69
16 95
16 101
16 106
16 111
16 120
16 125
16 156
16 171
16 184
16 190
16 206
16 218
16 350
16 369
16 434
16 446
16 486
16 496
17 6
17 14
17 88
17 110
17 115
17 148
17 164
17 198
17 224
17 375
17 377
17 445
17 498
17 514
18 0
18 17
18 46
18 48
18 71
18 98
18 129
18 154
18 170
18 221
18 246
18 259
18 272
18 294
18 313
18 393
18 405
18 426
18 440
18 465
18 511
19 44
19 75
19 173
19 205
19 271
19 278
19 283
19 293
19 308
19 347
19 354
19 394
19 415
19 493
19 516
