0 9
0 45
0 56
0 184
0 257
0 303
0 304
0 345
0 370
0 372
0 378
0 408
0 442
0 472
0 485
0 501
0 528
0 533
1 22
1 26
1 53
1 84
1 100
1 105
1 154
1 157
1 175
1 181
1 191
1 192
1 196
1 198
1 241
1 259
1 281
1 317
1 357
1 360
1 417
1 443
1 462
1 464
1 502
2 30
2 36
2 43
2 59
2 77
2 114
2 121
2 148
2 163
2 200
2 210
2 212
2 223
2 263
2 268
2 272
2 320
2 328
2 338
2 341
2 386
2 409
2 421
2 423
2 433
2 437
2 440
2 445
2 492
2 510
2 515
3 2
3 21
3 50
3 80
3 129
3 204
3 209
3 282
3 286
3 293
3 353
3 392
3 400
3 432
3 451
3 487
3 488
4 18
4 32
4 37
4 54
4 55
4 58
4 63
4 83
4 96
4 101
4 108
4 115
4 135
4 155
4 182
4 183
4 289
4 298
4 300
4 314
4 323
4 334
4 362
4 407
4 430
4 439
4 500
4 509
4 512
4 517
4 521
5 0
5 13
5 14
5 78
5 119
5 120
5 145
5 161
5 167
5 171
5 194
5 208
5 231
5 266
5 332
5 350
5 363
5 373
5 401
5 412
5 419
5 444
5 460
5 471
5 477
5 524
5 525
6 29
6 46
6 73
6 79
6 103
6 128
6 133
6 136
6 143
6 158
6 178
6 179
6 185
6 217
6 229
6 236
6 251
6 292
6 308
6 321
6 359
6 399
6 415
6 426
6 458
6 474
6 489
6 504
6 530
7 6
7 104
7 107
7 118
7 130
7 144
7 149
7 159
7 170
7 202
7 213
7 214
7 262
7 275
7 277
7 290
7 297
7 313
7 324
7 331
7 352
7 367
7 402
7 410
7 425
7 490
7 529
8 23
8 35
8 51
8 72
8 142
8 150
8 218
8 264
8 344
8 376
8 420
8 478
8 505
8 508
9 40
9 41
9 64
9 87
9 134
9 156
9 162
9 174
9 176
9 177
9 215
9 230
9 245
9 250
9 288
9 336
9 340
9 361
9 371
9 476
9 520
9 523
10 12
10 16
10 19
10 20
10 62
10 82
10 110
10 126
10 173
10 235
10 271
10 291
10 295
10 339
10 346
10 348
10 358
10 390
10 396
10 403
10 404
10 418
10 447
10 449
10 452
10 463
10 484
10 491
10 495
10 511
10 514
10 516
10 519
11 52
11 85
11 95
11 131
11 132
11 188
11 189
11 195
11 207
11 227
11 233
11 234
11 255
11 269
11 305
11 310
11 351
11 364
11 366
11 384
11 456
11 479
11 494
11 507
12 11
12 15
12 17
12 27
12 28
12 42
12 69
12 76
12 81
12 86
12 90
12 92
12 111
12 147
12 187
12 190
12 197
12 205
12 206
12 219
12 225
12 247
12 248
12 249
12 265
12 299
12 302
12 311
12 318
12 325
12 343
12 349
12 387
12 434
12 435
12 466
12 475
12 482
12 499
13 24
13 33
13 71
13 117
13 180
13 221
13 246
13 252
13 294
13 497
14 3
14 5
14 39
14 47
14 48
14 67
14 68
14 88
14 91
14 151
14 152
14 165
14 172
14 224
14 232
14 238
14 284
14 327
14 330
14 354
14 368
14 383
14 389
14 438
14 448
14 473
14 480
14 481
14 486
14 496
14 506
14 526
14 532
14 535
15 7
15 25
15 38
15 74
15 75
15 98
15 125
15 138
15 164
15 199
15 222
15 240
15 279
15 301
15 329
15 369
15 375
15 379
15 391
15 395
15 405
15 413
15 414
15 429
15 446
15 450
15 457
15 459
15 467
15 469
15 498
16 31
16 49
16 60
16 61
16 65
16 70
16 102
16 127
16 137
16 139
16 216
16 243
16 261
16 316
16 347
16 385
16 388
16 406
16 411
16 453
16 455
16 461
16 465
16 468
16 522
