0 64
0 98
0 138
0 157
0 177
0 185
0 188
0 257
0 262
0 270
0 292
0 353
0 387
0 409
0 449
0 458
0 528
1 67
1 106
1 155
1 170
1 213
1 224
1 272
1 283
1 330
1 379
1 396
1 399
1 425
1 520
2 5
2 11
2 19
2 27
2 46
2 48
2 53
2 58
2 75
2 135
2 172
2 176
2 179
2 199
2 230
2 269
2 276
2 298
2 320
2 336
2 350
2 352
2 355
2 361
2 407
2 415
2 422
2 443
2 456
2 459
2 461
3 22
3 25
3 30
3 63
3 70
3 104
3 123
3 126
3 152
3 154
3 180
3 210
3 215
3 232
3 242
3 260
3 268
3 271
3 303
3 337
3 360
3 440
3 452
3 462
3 472
3 502
3 519
4 6
4 8
4 74
4 83
4 114
4 166
4 189
4 223
4 233
4 275
4 281
4 322
4 324
4 346
4 374
4 388
4 397
4 468
4 529
5 14
5 18
5 21
5 81
5 86
5 91
5 128
5 145
5 204
5 217
5 254
5 294
5 308
5 309
5 316
5 332
5 348
5 354
5 383
5 391
5 406
5 439
5 471
5 489
5 490
5 497
5 518
5 524
6 24
6 71
6 82
6 87
6 136
6 137
6 208
6 231
6 246
6 255
6 315
6 329
6 364
6 380
6 448
6 466
6 481
6 510
7 3
7 61
7 85
7 121
7 127
7 134
7 147
7 158
7 187
7 194
7 216
7 250
7 251
7 296
7 311
7 327
7 372
7 376
7 401
7 408
7 410
7 479
7 486
7 496
7 506
8 7
8 54
8 68
8 77
8 133
8 142
8 162
8 171
8 197
8 200
8 240
8 248
8 253
8 367
8 403
8 463
8 478
8 494
8 503
9 26
9 32
9 84
9 144
9 173
9 174
9 202
9 229
9 338
9 373
9 418
9 534
10 50
10 69
10 76
10 78
10 100
10 102
10 110
10 146
10 182
10 196
10 207
10 299
10 313
10 317
10 323
10 351
10 384
10 400
10 417
10 473
10 476
10 483
10 495
10 504
10 526
11 23
11 38
11 59
11 60
11 80
11 105
11 107
11 116
11 117
11 125
11 130
11 175
11 178
11 181
11 191
11 205
11 263
11 291
11 321
11 328
11 357
11 368
11 386
11 420
11 453
11 455
11 516
12 90
12 111
12 132
12 148
12 192
12 267
12 278
12 341
12 414
12 428
12 457
12 491
12 501
12 507
12 511
12 512
13 42
13 49
13 72
13 96
13 139
13 163
13 169
13 238
13 302
13 304
13 339
13 369
13 416
13 426
13 429
13 467
13 469
14 1
14 33
14 35
14 36
14 39
14 47
14 51
14 57
14 120
14 122
14 131
14 184
14 190
14 198
14 211
14 239
14 241
14 247
14 264
14 277
14 290
14 325
14 334
14 359
14 378
14 381
14 385
14 394
14 405
14 411
14 412
14 433
14 437
14 442
14 474
14 485
14 533
14 535
15 2
15 29
15 34
15 45
15 56
15 73
15 97
15 112
15 113
15 115
15 119
15 156
15 161
15 195
15 249
15 252
15 258
15 265
15 293
15 301
15 305
15 307
15 314
15 318
15 331
15 344
15 377
15 382
15 390
15 413
15 419
15 430
15 434
15 438
15 444
15 477
15 480
15 484
15 487
15 514
15 517
16 13
16 41
16 62
16 88
16 95
16 99
16 101
16 108
16 124
16 159
16 209
16 212
16 235
16 243
16 245
16 279
16 284
16 300
16 312
16 423
16 432
16 460
16 482
16 488
17 0
17 9
17 12
17 31
17 37
17 103
17 149
17 150
17 206
17 214
17 218
17 222
17 234
17 286
17 287
17 289
17 297
17 343
17 345
17 362
17 363
17 375
17 404
17 421
17 445
17 447
17 465
17 515
17 525
17 532
18 16
18 358
18 392
18 435
18 492
19 17
19 28
19 40
19 44
19 52
19 65
19 118
19 221
19 236
19 288
19 395
19 402
19 446
19 464
19 470
19 498
19 500
19 530
