0 7
0 28
0 60
0 61
0 125
0 145
0 147
0 155
0 181
0 182
0 251
0 292
0 293
0 320
0 327
0 335
0 344
0 413
0 417
0 453
0 457
0 494
0 499
0 508
1 5
1 132
1 376
1 411
1 516
2 51
2 84
2 88
2 127
2 190
2 236
2 300
2 317
2 326
2 363
2 402
2 430
2 462
2 502
3 29
3 43
3 50
3 138
3 188
3 216
3 234
3 241
3 264
3 282
3 321
3 329
3 410
3 461
3 501
3 509
4 25
4 75
4 102
4 103
4 118
4 121
4 192
4 232
4 233
4 240
4 254
4 269
4 295
4 343
4 366
4 484
4 490
4 496
5 9
5 10
5 64
5 120
5 134
5 150
5 204
5 217
5 218
5 248
5 249
5 307
5 311
5 315
5 385
5 386
5 408
5 450
5 477
5 487
5 495
5 532
6 177
6 262
7 6
7 78
7 159
7 180
7 219
7 246
7 298
7 425
7 478
7 492
7 504
7 520
8 16
8 58
8 157
8 202
8 263
8 305
8 367
8 368
8 421
8 433
8 511
9 65
9 154
9 175
9 195
9 229
9 291
9 338
9 409
9 437
10 49
10 136
10 325
10 389
10 396
10 412
10 500
10 524
10 526
11 119
11 301
11 371
11 422
11 474
12 17
12 22
12 38
12 40
12 52
12 90
12 95
12 108
12 116
12 129
12 156
12 158
12 169
12 176
12 179
12 189
12 197
12 206
12 214
12 224
12 255
12 278
12 310
12 318
12 324
12 328
12 330
12 350
12 351
12 364
12 391
12 395
12 401
12 414
12 415
12 423
12 429
12 434
12 435
12 438
12 447
12 449
12 459
12 460
12 468
12 473
12 488
12 489
12 491
12 512
12 514
13 19
13 30
13 37
13 42
13 55
13 56
13 81
13 92
13 97
13 101
13 104
13 110
13 114
13 126
13 130
13 137
13 139
13 196
13 207
13 227
13 260
13 277
13 302
13 337
13 340
13 341
13 369
13 403
13 404
13 405
13 407
13 419
14 11
14 32
14 39
14 79
14 100
14 163
14 194
14 294
14 348
14 379
14 384
14 472
14 521
15 27
15 54
15 72
15 74
15 212
15 223
15 265
15 275
15 289
15 353
15 375
15 381
15 400
15 432
15 455
15 479
15 519
16 0
16 67
16 71
16 73
16 83
16 99
16 117
16 133
16 143
16 164
16 168
16 171
16 184
16 225
16 257
16 279
16 281
16 284
16 286
16 345
16 392
16 420
16 444
16 445
16 480
16 497
16 505
17 20
17 250
18 173
18 245
18 272
18 290
18 360
18 378
19 24
19 31
19 91
19 135
19 142
19 288
19 346
19 352
19 418
19 481
19 485
