0 9
0 37
0 69
0 157
0 170
0 275
0 283
0 394
0 405
0 416
0 421
0 462
0 492
0 493
0 505
0 507
0 514
0 534
1 64
1 92
1 114
1 169
1 177
1 189
1 192
1 194
1 202
1 278
1 325
1 372
1 376
1 378
1 386
1 392
1 395
1 456
1 474
1 528
2 6
2 25
2 67
2 88
2 152
2 176
2 191
2 229
2 243
2 245
2 281
2 303
2 334
2 366
2 415
2 445
2 471
2 477
2 502
2 506
2 510
2 535
3 16
3 29
3 60
3 106
3 122
3 142
3 150
3 180
3 204
3 234
3 239
3 250
3 251
3 271
3 321
3 324
3 374
3 377
3 390
3 406
3 458
3 511
4 7
4 22
4 26
4 28
4 47
4 56
4 75
4 86
4 97
4 128
4 131
4 182
4 195
4 211
4 215
4 218
4 223
4 224
4 235
4 268
4 272
4 295
4 320
4 326
4 350
4 355
4 383
4 385
4 388
4 391
4 401
4 402
4 403
4 461
4 489
4 496
4 518
4 522
4 523
5 8
5 21
5 53
5 63
5 71
5 102
5 113
5 117
5 119
5 130
5 138
5 144
5 221
5 230
5 261
5 289
5 299
5 311
5 313
5 323
5 354
5 364
5 367
5 400
5 422
5 437
5 443
5 446
5 451
5 455
5 503
5 525
5 526
6 30
6 38
6 62
6 81
6 118
6 121
6 133
6 158
6 159
6 165
6 166
6 208
6 236
6 255
6 264
6 302
6 330
6 349
6 363
6 412
6 414
6 439
6 452
6 527
6 532
7 5
7 101
7 139
7 200
7 205
7 248
7 253
7 292
7 293
7 335
7 338
7 345
7 353
7 362
7 373
7 417
7 491
7 500
7 516
8 0
8 27
8 39
8 41
8 49
8 80
8 90
8 127
8 149
8 232
8 270
8 290
8 291
8 294
8 309
8 327
8 369
8 380
8 393
8 453
8 467
8 469
8 499
9 13
9 61
9 76
9 78
9 98
9 116
9 134
9 154
9 188
9 216
9 227
9 337
9 375
9 435
9 440
9 482
9 504
9 524
10 34
10 44
10 45
10 54
10 58
10 68
10 147
10 155
10 164
10 173
10 178
10 196
10 207
10 252
10 266
10 276
10 282
10 286
10 305
10 312
10 315
10 318
10 352
10 360
10 389
10 396
10 409
10 418
10 423
10 429
10 457
10 459
10 465
10 472
10 512
11 19
11 23
11 32
11 51
11 72
11 111
11 148
11 161
11 206
11 219
11 238
11 246
11 262
11 263
11 288
11 296
11 317
11 351
11 370
11 381
11 387
11 404
11 407
11 410
11 411
11 426
11 428
11 478
11 484
11 517
11 520
12 17
12 31
12 95
12 110
12 136
12 146
12 184
12 222
12 231
12 298
12 301
12 336
12 361
12 470
12 479
12 529
12 533
13 3
13 18
13 24
13 43
13 57
13 104
13 112
13 124
13 172
13 174
13 175
13 185
13 198
13 212
13 242
13 247
13 254
13 265
13 269
13 348
13 384
13 420
13 432
13 447
13 463
14 46
14 50
14 65
14 70
14 87
14 100
14 105
14 107
14 129
14 168
14 209
14 217
14 257
14 328
14 332
14 339
14 357
14 358
14 431
14 438
14 449
14 515
15 12
15 14
15 52
15 59
15 77
15 82
15 84
15 115
15 123
15 132
15 135
15 225
15 233
15 249
15 331
15 340
15 444
15 464
15 466
15 498
15 509
16 11
16 33
16 35
16 36
16 40
16 42
16 83
16 93
16 99
16 103
16 108
16 120
16 126
16 137
16 171
16 187
16 197
16 210
16 213
16 260
16 277
16 300
16 314
16 322
16 329
16 343
16 382
16 399
16 425
16 430
16 475
16 480
16 483
16 490
16 519
17 73
17 74
17 190
17 199
17 214
17 240
17 241
17 267
17 287
17 310
17 379
17 397
17 408
17 433
17 448
17 481
17 494
17 497
17 501
17 530
18 2
18 66
18 85
18 96
18 125
18 143
18 145
18 156
18 162
18 163
18 179
18 181
18 279
18 297
18 304
18 307
18 341
18 368
18 419
18 434
18 442
18 460
18 468
18 485
18 486
18 521
