0 48
0 132
0 143
0 150
0 272
0 325
0 445
0 455
1 0
1 9
1 16
1 21
1 22
1 37
1 41
1 45
1 46
1 52
1 62
1 65
1 82
1 84
1 87
1 91
1 99
1 103
1 105
1 118
1 123
1 126
1 130
1 135
1 139
1 142
1 164
1 165
1 168
1 176
1 178
1 180
1 185
1 196
1 202
1 212
1 250
1 267
1 268
1 283
1 300
1 305
1 318
1 338
1 344
1 349
1 359
1 366
1 385
1 392
1 403
1 420
1 442
1 446
1 451
1 452
1 460
1 465
1 486
1 503
1 509
1 519
1 533
2 31
2 106
2 107
2 119
2 138
2 219
2 229
2 242
2 264
2 288
2 328
2 352
2 399
2 401
2 412
2 478
2 504
3 6
3 32
3 101
3 230
3 254
3 260
3 337
3 345
3 407
3 414
3 417
4 38
4 60
4 75
4 121
4 152
4 179
4 241
4 278
4 357
4 378
4 379
4 432
4 480
4 512
5 26
5 146
5 172
5 195
5 217
5 238
5 245
5 269
5 302
5 343
5 367
5 380
5 443
5 489
5 524
5 526
6 24
6 50
6 124
6 174
6 177
6 194
6 210
6 263
6 339
6 493
7 2
7 20
7 42
7 54
7 71
7 95
7 117
7 136
7 151
7 175
7 187
7 223
7 224
7 227
7 276
7 293
7 297
7 416
7 456
7 492
7 505
7 515
7 517
8 5
8 39
8 171
8 233
8 277
8 289
8 311
8 317
8 371
8 375
8 472
8 481
8 485
8 530
9 58
9 81
9 157
9 188
9 324
9 390
9 396
9 490
10 44
10 68
10 183
10 200
10 304
10 321
10 423
10 425
10 474
11 3
11 53
11 78
11 154
11 166
11 184
11 310
11 353
11 387
11 391
11 400
11 459
11 488
11 497
12 19
12 30
12 40
12 67
12 74
12 98
12 110
12 131
12 149
12 181
12 189
12 197
12 211
12 222
12 236
12 257
12 292
12 295
12 308
12 327
12 329
12 348
12 360
12 364
12 368
12 384
12 418
12 487
12 501
12 518
12 528
13 15
13 64
13 102
13 120
13 147
13 158
13 170
13 192
13 207
13 216
13 249
13 265
13 284
13 315
13 346
13 408
13 434
13 450
13 491
13 508
14 8
14 56
14 66
14 259
14 326
14 341
14 358
14 363
14 370
14 402
14 413
14 468
14 499
15 27
15 85
15 86
15 90
15 97
15 133
15 145
15 156
15 173
15 208
15 213
15 252
15 261
15 262
15 271
15 351
15 362
15 393
15 404
15 409
15 415
15 429
15 448
15 466
15 473
15 482
15 496
15 506
15 521
15 529
16 125
16 162
16 204
16 240
16 298
16 301
16 422
16 437
16 444
16 532
17 61
17 114
17 148
17 167
17 206
17 221
17 234
17 248
17 275
17 281
17 296
17 369
17 411
17 433
17 440
17 449
17 457
17 462
18 25
18 28
18 286
18 453
18 458
