0 56
0 58
0 73
0 91
0 96
0 107
0 113
0 131
0 151
0 168
0 177
0 209
0 217
0 230
0 243
0 267
0 281
0 286
0 293
0 316
0 325
0 330
0 345
0 346
0 361
0 425
0 443
0 453
0 473
0 476
0 532
0 534
1 3
1 21
1 87
1 92
1 133
1 150
1 180
1 181
1 185
1 192
1 208
1 224
1 315
1 337
1 394
1 465
1 496
2 2
2 25
2 33
2 88
2 138
2 156
2 172
2 218
2 239
2 312
2 336
2 349
2 362
2 363
2 367
2 372
2 410
2 438
2 444
2 460
2 521
2 535
3 19
3 22
3 37
3 38
3 70
3 118
3 144
3 275
3 283
3 292
3 351
3 388
3 396
3 397
3 491
3 504
3 505
3 517
4 6
4 30
4 32
4 36
4 48
4 51
4 60
4 71
4 80
4 116
4 120
4 122
4 123
4 127
4 132
4 142
4 152
4 213
4 236
4 289
4 294
4 332
4 383
4 386
4 391
4 399
4 436
4 447
4 448
4 455
4 503
4 515
4 526
5 5
5 20
5 63
5 121
5 125
5 166
5 187
5 195
5 353
5 373
5 375
5 411
5 428
5 457
5 466
5 481
5 501
5 514
6 23
6 44
6 68
6 99
6 102
6 108
6 128
6 158
6 163
6 184
6 210
6 233
6 247
6 254
6 261
6 269
6 344
6 352
6 377
6 400
6 409
6 422
6 439
6 445
6 485
6 487
6 490
6 519
7 27
7 42
7 75
7 105
7 117
7 119
7 137
7 175
7 188
7 216
7 222
7 238
7 260
7 265
7 296
7 297
7 310
7 317
7 318
7 327
7 329
7 331
7 334
7 348
7 418
7 512
8 17
8 232
8 262
8 270
8 313
8 384
8 432
8 433
8 440
8 507
8 511
9 64
9 76
9 90
9 139
9 154
9 162
9 169
9 170
9 178
9 189
9 212
9 251
9 276
9 278
9 291
9 299
9 328
9 339
9 360
9 381
9 392
9 435
9 442
9 529
10 7
10 9
10 39
10 47
10 49
10 52
10 67
10 69
10 82
10 83
10 84
10 100
10 110
10 182
10 196
10 200
10 215
10 223
10 253
10 257
10 311
10 323
10 369
10 380
10 402
10 404
10 405
10 408
10 416
10 419
10 426
10 429
10 437
10 458
10 462
10 469
10 472
10 482
10 530
11 0
11 8
11 12
11 26
11 28
11 72
11 77
11 111
11 126
11 130
11 173
11 221
11 234
11 246
11 250
11 264
11 307
11 340
11 376
11 395
11 430
11 483
11 497
12 16
12 148
12 242
12 255
12 301
12 309
12 321
12 338
12 357
12 389
12 401
12 403
12 474
12 478
12 500
12 502
13 11
13 13
13 29
13 55
13 61
13 62
13 78
13 85
13 95
13 97
13 101
13 135
13 143
13 145
13 149
13 155
13 157
13 214
13 227
13 229
13 241
13 245
13 252
13 266
13 279
13 290
13 300
13 303
13 308
13 354
13 387
13 406
13 412
13 423
13 434
13 446
13 461
13 470
13 477
13 484
13 506
13 510
14 18
14 24
14 35
14 46
14 86
14 124
14 134
14 136
14 146
14 198
14 204
14 205
14 211
14 219
14 249
14 258
14 359
14 374
14 378
14 379
14 382
14 413
14 420
14 452
14 464
14 467
14 471
14 479
14 480
14 486
14 489
14 495
14 525
14 528
15 45
15 53
15 59
15 112
15 115
15 129
15 159
15 176
15 248
15 284
15 390
15 449
15 459
15 533
16 40
16 57
16 98
16 103
16 104
16 147
16 179
16 194
16 199
16 206
16 207
16 231
16 240
16 263
16 272
16 287
16 322
16 324
16 358
16 364
16 414
16 456
16 463
16 468
16 488
16 492
16 494
16 498
16 516
17 31
17 54
17 74
17 174
17 190
17 197
17 235
17 268
17 271
17 277
17 288
17 298
17 304
17 320
17 341
17 368
17 417
17 475
17 520
17 523
