0 24
0 27
0 28
0 31
0 34
0 40
0 45
0 69
0 83
0 85
0 112
0 239
0 257
0 284
0 307
0 350
0 391
0 413
0 437
0 445
0 500
0 521
0 528
1 22
1 26
1 72
1 103
1 104
1 121
1 137
1 173
1 181
1 189
1 196
1 224
1 229
1 246
1 250
1 253
1 278
1 305
1 324
1 325
1 337
1 345
1 357
1 376
1 380
1 396
1 409
1 412
1 414
1 416
1 446
1 447
1 463
1 469
1 490
1 502
1 519
1 526
1 530
2 1
2 44
2 55
2 90
2 91
2 122
2 170
2 187
2 211
2 214
2 217
2 219
2 247
2 254
2 294
2 312
2 313
2 315
2 316
2 322
2 332
2 334
2 348
2 359
2 361
2 419
2 421
2 453
2 488
2 506
2 514
3 13
3 23
3 63
3 64
3 65
3 111
3 120
3 130
3 174
3 182
3 191
3 232
3 262
3 276
3 292
3 299
3 358
3 386
3 435
3 444
3 457
3 474
3 496
3 504
3 516
4 32
4 51
4 97
4 119
4 123
4 127
4 131
4 136
4 169
4 176
4 230
4 236
4 329
4 346
4 363
4 372
4 383
4 394
4 401
4 403
4 407
4 418
4 422
4 423
4 448
4 465
4 467
4 486
4 497
4 501
4 510
4 524
4 535
5 3
5 6
5 21
5 42
5 74
5 96
5 100
5 106
5 132
5 148
5 162
5 172
5 194
5 240
5 252
5 303
5 331
5 362
5 379
5 381
5 402
5 408
5 410
5 440
5 478
5 485
5 525
6 2
6 30
6 57
6 59
6 76
6 80
6 108
6 152
6 179
6 190
6 235
6 245
6 268
6 272
6 296
6 321
6 338
6 339
6 352
6 481
6 484
6 487
6 515
7 38
7 39
7 50
7 98
7 102
7 107
7 116
7 126
7 135
7 147
7 221
7 269
7 286
7 317
7 343
7 375
7 397
7 415
7 482
7 491
7 494
7 512
7 532
8 11
8 25
8 53
8 68
8 70
8 99
8 206
8 208
8 255
8 264
8 281
8 320
8 341
8 351
8 360
8 374
8 378
8 384
8 417
8 420
8 430
8 458
8 459
9 7
9 8
9 46
9 52
9 95
9 142
9 156
9 215
9 223
9 279
9 295
9 323
9 392
9 479
10 134
10 146
10 149
10 177
10 180
10 241
10 242
10 271
10 311
10 330
10 364
10 452
10 462
10 472
10 503
10 529
11 12
11 19
11 37
11 67
11 71
11 78
11 84
11 150
11 163
11 166
11 185
11 202
11 369
11 395
11 404
11 432
11 449
11 455
12 5
12 77
12 82
12 87
12 155
12 159
12 195
12 199
12 222
12 234
12 267
12 270
12 277
12 283
12 327
12 429
12 480
12 534
13 36
13 49
13 92
13 101
13 117
13 139
13 198
13 205
13 210
13 231
13 243
13 258
13 287
13 297
13 300
13 428
13 442
13 443
13 476
13 483
13 489
13 498
14 17
14 54
14 60
14 81
14 115
14 118
14 128
14 157
14 158
14 192
14 213
14 218
14 233
14 275
14 291
14 367
14 399
14 406
14 425
14 426
14 433
14 507
14 511
14 517
14 527
15 16
15 47
15 48
15 61
15 73
15 110
15 133
15 138
15 144
15 248
15 251
15 263
15 298
15 304
15 328
15 387
15 400
15 405
15 461
15 464
15 470
15 520
16 0
16 9
16 14
16 18
16 29
16 41
16 56
16 58
16 75
16 86
16 88
16 105
16 113
16 124
16 161
16 171
16 184
16 200
16 207
16 238
16 249
16 265
16 289
16 301
16 302
16 314
16 318
16 377
16 382
16 385
16 390
16 411
16 456
16 460
16 471
16 477
16 518
17 114
17 125
17 154
17 178
17 188
17 197
17 212
17 216
17 288
17 290
17 355
17 388
17 492
