0 3
0 76
0 83
0 136
0 156
0 207
0 254
0 324
0 338
0 363
0 364
0 368
0 406
0 457
0 459
0 478
0 482
0 485
0 511
0 514
1 18
1 69
1 115
1 221
1 250
1 279
1 366
1 397
1 419
1 438
1 465
1 468
1 493
1 515
2 51
2 55
2 72
2 121
2 125
2 154
2 161
2 180
2 205
2 208
2 223
2 261
2 297
2 300
2 312
2 339
2 348
2 376
2 381
2 385
2 391
2 403
2 429
2 443
2 461
2 467
3 70
3 71
3 133
3 200
3 217
3 235
3 272
3 290
3 325
3 341
3 367
3 383
3 422
3 487
3 530
3 532
4 77
4 157
4 192
4 255
4 268
4 287
4 380
4 386
4 402
4 448
4 497
5 19
5 29
5 34
5 36
5 91
5 95
5 108
5 110
5 117
5 134
5 163
5 164
5 189
5 224
5 233
5 241
5 245
5 248
5 249
5 253
5 263
5 264
5 270
5 278
5 316
5 322
5 353
5 382
5 395
5 399
5 411
5 420
5 423
5 446
5 456
5 479
5 504
5 506
5 518
5 524
6 5
6 75
6 96
6 104
6 174
6 181
6 204
6 215
6 277
6 281
6 372
6 374
6 375
6 379
6 409
6 412
6 413
6 440
6 477
6 507
7 66
7 238
7 289
7 298
7 303
7 503
8 7
8 42
8 84
8 107
8 123
8 150
8 195
8 242
8 299
8 311
8 352
8 357
8 360
8 435
8 472
8 489
8 490
8 491
9 16
9 74
9 78
9 81
9 159
9 327
9 329
9 330
9 340
9 400
9 401
9 463
9 469
9 505
9 512
10 21
10 58
10 59
10 99
10 105
10 126
10 147
10 179
10 194
10 218
10 351
10 354
10 528
11 2
11 22
11 31
11 52
11 82
11 98
11 106
11 118
11 148
11 198
11 214
11 227
11 234
11 275
11 321
11 378
11 388
11 394
11 414
11 418
11 432
11 455
11 494
11 498
11 510
11 516
12 23
12 57
12 80
12 102
12 142
12 158
12 188
12 212
12 213
12 216
12 240
12 262
12 271
12 276
12 294
12 295
12 310
12 313
12 320
12 373
12 408
12 426
12 433
12 474
12 502
12 526
13 37
13 38
13 103
13 116
13 138
13 155
13 162
13 173
13 185
13 229
13 232
13 257
13 266
13 301
13 305
13 362
13 392
13 417
13 436
13 453
13 488
14 8
14 9
14 14
14 20
14 24
14 25
14 47
14 53
14 56
14 61
14 62
14 68
14 87
14 127
14 130
14 143
14 144
14 146
14 152
14 169
14 211
14 225
14 239
14 243
14 258
14 265
14 331
14 336
14 404
14 405
14 410
14 437
14 486
14 533
14 534
15 46
15 48
15 100
15 119
15 128
15 291
15 296
15 369
15 384
15 428
15 452
15 462
15 484
15 495
15 496
16 6
16 12
16 60
16 67
16 85
16 86
16 92
16 124
16 137
16 175
16 177
16 236
16 246
16 288
16 292
16 293
16 323
16 332
16 425
16 449
16 492
16 520
17 10
17 30
17 39
17 63
17 73
17 97
17 114
17 129
17 135
17 166
17 182
17 184
17 202
17 206
17 219
17 269
17 283
17 284
17 286
17 314
17 326
17 337
17 442
17 444
17 509
