0 11
0 13
0 24
0 32
0 38
0 40
0 43
0 45
0 111
0 113
0 115
0 123
0 159
0 176
0 177
0 179
0 203
0 225
0 238
0 247
0 284
0 288
0 297
0 325
0 338
0 378
0 380
0 383
0 403
0 408
0 419
0 434
0 466
0 471
0 481
0 489
0 490
0 517
0 528
1 70
1 71
1 78
1 99
1 134
1 148
1 169
1 171
1 196
1 217
1 229
1 232
1 262
1 278
1 281
1 314
1 368
1 409
1 415
1 450
1 456
1 468
1 503
1 507
1 535
2 18
2 49
2 83
2 86
2 102
2 210
2 253
2 299
2 331
2 367
2 373
2 420
2 440
2 461
2 465
2 492
2 496
2 510
2 516
3 0
3 17
3 29
3 47
3 61
3 95
3 98
3 125
3 174
3 183
3 195
3 236
3 242
3 248
3 269
3 271
3 287
3 304
3 317
3 330
3 347
3 349
3 359
3 404
3 463
3 467
3 469
3 498
3 512
4 2
4 23
4 26
4 50
4 82
4 104
4 120
4 166
4 192
4 233
4 260
4 279
4 283
4 311
4 345
4 372
4 376
4 392
4 406
4 413
4 431
4 475
4 479
4 491
4 518
4 522
4 524
4 526
4 534
5 19
5 31
5 46
5 51
5 53
5 58
5 81
5 119
5 122
5 132
5 158
5 172
5 204
5 209
5 214
5 219
5 231
5 251
5 257
5 263
5 266
5 309
5 346
5 363
5 397
5 439
5 442
5 444
5 445
5 476
5 486
5 530
6 42
6 48
6 63
6 124
6 133
6 143
6 146
6 155
6 185
6 218
6 224
6 240
6 268
6 291
6 315
6 321
6 322
6 327
6 328
6 387
6 432
6 449
6 488
6 494
7 41
7 67
7 75
7 92
7 110
7 117
7 131
7 144
7 152
7 154
7 175
7 189
7 198
7 290
7 305
7 318
7 335
7 369
7 379
7 395
7 405
7 412
7 428
7 443
7 455
8 62
8 136
8 149
8 182
8 303
8 323
8 326
8 337
8 362
8 495
8 499
8 501
8 520
8 525
9 27
9 52
9 77
9 106
9 118
9 165
9 191
9 194
9 212
9 252
9 264
9 272
9 292
9 294
9 302
9 313
9 344
9 360
9 400
9 423
9 436
9 438
9 477
9 506
10 12
10 16
10 87
10 100
10 101
10 103
10 107
10 137
10 151
10 156
10 216
10 221
10 227
10 250
10 255
10 295
10 296
10 310
10 312
10 316
10 329
10 343
10 354
10 358
10 385
10 416
10 418
10 453
10 459
10 480
10 485
10 519
11 37
11 44
11 64
11 72
11 108
11 112
11 116
11 127
11 130
11 163
11 184
11 197
11 234
11 246
11 298
11 307
11 320
11 336
11 351
11 374
11 401
11 417
11 433
11 448
11 514
11 523
11 533
12 14
12 28
12 34
12 54
12 69
12 74
12 96
12 121
12 139
12 145
12 161
12 170
12 180
12 181
12 199
12 215
12 245
12 265
12 267
12 276
12 282
12 286
12 340
12 353
12 361
12 388
12 407
12 421
12 435
12 446
12 464
12 472
12 497
12 502
13 3
13 10
13 15
13 21
13 35
13 39
13 55
13 88
13 128
13 135
13 157
13 173
13 187
13 190
13 200
13 202
13 208
13 241
13 275
13 339
13 352
13 357
13 396
13 414
13 426
13 462
13 474
13 487
13 511
14 5
14 6
14 65
14 80
14 85
14 114
14 138
14 142
14 150
14 211
14 222
14 223
14 235
14 277
14 293
14 301
14 332
14 390
14 410
14 411
14 430
14 500
14 508
15 20
15 25
15 60
15 68
15 73
15 97
15 147
15 207
15 300
15 334
15 348
15 384
15 391
15 457
15 482
15 504
15 515
16 9
16 22
16 30
16 33
16 56
16 90
16 126
16 162
16 164
16 205
16 206
16 213
16 230
16 258
16 261
16 289
16 308
16 350
16 370
16 375
16 377
16 393
16 402
16 422
16 425
16 429
16 437
16 447
16 451
16 452
16 484
16 509
16 521
16 532
17 7
17 36
17 76
17 84
17 105
17 188
17 249
17 341
17 364
17 366
17 386
17 458
17 478
17 529
