0 0
0 22
0 37
0 69
0 80
0 82
0 122
0 164
0 233
0 240
0 263
0 268
0 277
0 308
0 316
0 340
0 370
0 384
0 408
0 451
0 453
0 467
0 469
0 475
0 506
1 43
1 53
1 58
1 88
1 99
1 132
1 150
1 213
1 234
1 254
1 294
1 321
1 330
1 360
1 382
1 391
1 411
1 415
1 416
1 429
1 438
1 490
2 3
2 56
2 103
2 113
2 118
2 123
2 137
2 142
2 155
2 158
2 162
2 195
2 245
2 265
2 284
2 298
2 311
2 318
2 331
2 334
2 361
2 402
2 403
2 405
2 413
2 434
2 444
2 445
2 471
2 486
2 497
3 7
3 34
3 42
3 76
3 117
3 121
3 199
3 221
3 230
3 242
3 260
3 269
3 322
3 324
3 332
3 341
3 348
3 372
3 387
3 422
3 456
3 461
3 492
3 528
4 29
4 35
4 40
4 47
4 159
4 161
4 248
4 276
4 288
4 353
4 374
4 378
4 425
4 465
4 489
4 500
4 501
4 503
4 510
4 518
5 19
5 20
5 36
5 70
5 87
5 95
5 97
5 146
5 148
5 173
5 177
5 179
5 191
5 197
5 207
5 208
5 212
5 229
5 232
5 236
5 279
5 327
5 329
5 335
5 350
5 355
5 392
5 412
5 419
5 423
5 468
5 491
5 496
5 502
5 514
5 532
5 535
6 101
6 107
6 114
6 127
6 175
6 215
6 261
6 266
6 296
6 310
6 410
6 440
6 488
6 530
7 6
7 12
7 64
7 68
7 100
7 203
7 264
7 275
7 283
7 292
7 313
7 395
7 431
7 450
7 507
7 511
7 519
8 17
8 67
8 98
8 105
8 124
8 272
8 346
8 347
8 386
8 436
8 474
8 516
8 533
9 15
9 18
9 26
9 27
9 32
9 51
9 52
9 65
9 72
9 78
9 86
9 108
9 112
9 119
9 125
9 130
9 131
9 143
9 149
9 156
9 178
9 190
9 217
9 238
9 289
9 305
9 314
9 315
9 349
9 359
9 371
9 379
9 393
9 420
9 498
9 523
10 24
10 33
10 39
10 45
10 59
10 61
10 62
10 74
10 81
10 85
10 129
10 139
10 145
10 163
10 170
10 174
10 183
10 189
10 231
10 241
10 267
10 270
10 278
10 286
10 302
10 325
10 326
10 328
10 345
10 358
10 396
10 400
10 407
10 417
10 466
10 473
10 481
10 508
10 525
11 8
11 23
11 50
11 60
11 198
11 291
11 304
11 351
11 394
11 418
11 435
11 447
11 479
12 16
12 106
12 136
12 154
12 187
12 188
12 200
12 216
12 253
12 271
12 295
12 399
12 428
12 430
12 432
12 449
12 457
12 463
12 493
12 522
13 21
13 41
13 46
13 48
13 96
13 147
13 196
13 243
13 249
13 299
13 301
13 309
13 343
13 344
13 357
13 363
13 377
13 446
13 504
13 512
14 10
14 14
14 28
14 66
14 75
14 102
14 110
14 135
14 157
14 166
14 176
14 209
14 210
14 224
14 246
14 293
14 354
14 385
14 397
14 401
14 458
14 462
14 484
14 499
14 515
15 13
15 63
15 77
15 111
15 116
15 128
15 151
15 172
15 184
15 218
15 227
15 337
15 367
15 376
15 433
15 443
15 452
15 472
15 476
15 526
15 529
16 2
16 5
16 25
16 83
16 133
16 171
16 185
16 194
16 202
16 205
16 219
16 222
16 235
16 250
16 287
16 300
16 312
16 366
16 373
16 380
16 409
16 426
16 442
16 478
16 487
16 505
16 517
17 9
17 30
17 31
17 84
17 120
17 138
17 144
17 152
17 169
17 181
17 204
17 206
17 281
17 303
17 320
17 352
17 364
17 369
17 414
17 437
17 477
17 509
18 11
18 38
18 71
18 73
18 126
18 134
18 182
18 214
18 252
18 262
18 323
18 336
18 338
18 368
18 375
18 388
18 389
18 455
18 459
18 524
19 44
19 54
19 90
19 92
19 104
19 115
19 165
19 180
19 192
19 211
19 223
19 247
19 251
19 255
19 257
19 258
19 290
19 297
19 307
19 317
19 339
19 362
19 383
19 390
19 404
19 406
19 439
19 448
19 480
19 482
19 485
19 494
19 495
19 520
