0 6
0 14
0 32
0 35
0 56
0 67
0 69
0 75
0 88
0 98
0 125
0 138
0 139
0 188
0 191
0 206
0 223
0 246
0 257
0 298
0 300
0 338
0 372
0 392
0 403
0 468
0 469
0 484
0 514
0 519
1 31
1 45
1 58
1 120
1 230
1 249
1 265
1 307
1 327
1 347
1 378
1 406
1 419
1 436
1 466
1 480
1 509
1 517
1 523
1 534
2 19
2 28
2 76
2 131
2 132
2 156
2 189
2 231
2 284
2 290
2 291
2 313
2 323
2 328
2 411
2 412
2 435
2 529
3 34
3 80
3 90
3 97
3 146
3 151
3 169
3 170
3 215
3 229
3 308
3 363
3 377
3 422
3 449
3 463
3 481
3 501
4 1
4 43
4 60
4 121
4 172
4 194
4 199
4 227
4 234
4 235
4 276
4 315
4 326
4 335
4 339
4 346
4 460
4 473
4 476
4 479
4 491
4 497
4 521
4 525
5 5
5 49
5 86
5 92
5 108
5 124
5 133
5 209
5 286
5 293
5 295
5 368
5 371
5 397
5 410
5 457
6 3
6 33
6 41
6 54
6 64
6 82
6 95
6 115
6 145
6 171
6 190
6 201
6 219
6 225
6 245
6 283
6 302
6 324
6 355
6 359
6 383
6 390
6 415
6 490
6 518
6 522
6 524
6 527
6 528
7 11
7 16
7 72
7 81
7 87
7 104
7 122
7 149
7 164
7 177
7 264
7 314
7 337
7 381
7 439
7 452
7 458
7 500
7 515
7 532
8 12
8 22
8 63
8 71
8 84
8 85
8 150
8 174
8 178
8 233
8 241
8 248
8 277
8 299
8 312
8 321
8 357
8 369
8 401
8 404
8 433
8 453
8 461
8 462
8 477
8 483
8 485
8 495
8 496
8 499
8 502
9 29
9 53
9 55
9 68
9 78
9 101
9 112
9 144
9 157
9 175
9 179
9 187
9 202
9 210
9 271
9 297
9 332
9 343
9 364
9 374
9 391
9 395
9 408
9 420
9 440
9 464
9 470
10 10
10 21
10 42
10 52
10 73
10 77
10 105
10 123
10 134
10 152
10 173
10 192
10 218
10 221
10 261
10 269
10 278
10 279
10 294
10 334
10 348
10 366
10 393
10 418
10 445
10 447
10 503
10 504
10 510
10 511
11 24
11 40
11 130
11 143
11 197
11 287
11 309
11 340
11 382
11 402
11 506
11 520
12 17
12 30
12 70
12 148
12 154
12 181
12 184
12 195
12 311
12 320
12 352
12 362
12 375
12 379
12 380
12 405
12 413
12 417
12 444
12 533
13 0
13 20
13 62
13 107
13 126
13 127
13 136
13 155
13 205
13 212
13 216
13 270
13 272
13 292
13 305
13 317
13 325
13 341
13 361
13 409
13 429
13 456
13 486
13 505
14 7
14 39
14 59
14 61
14 66
14 96
14 135
14 158
14 163
14 204
14 207
14 211
14 236
14 247
14 252
14 262
14 288
14 289
14 303
14 349
14 350
14 407
14 425
14 465
14 474
14 507
14 526
15 23
15 47
15 50
15 110
15 111
15 159
15 161
15 176
15 182
15 185
15 238
15 260
15 263
15 344
15 351
15 376
15 387
15 394
15 428
15 430
15 434
15 443
15 451
15 471
15 482
15 494
16 44
16 51
16 102
16 103
16 196
16 253
16 310
16 330
16 345
16 388
16 400
16 492
16 512
16 516
16 535
17 2
17 25
17 27
17 36
17 37
17 38
17 162
17 217
17 222
17 240
17 250
17 251
17 258
17 268
17 296
17 304
17 331
17 336
17 385
17 396
17 414
17 423
17 467
17 472
17 478
17 488
18 46
18 48
18 83
18 106
18 118
18 119
18 128
18 129
18 142
18 147
18 180
18 198
18 200
18 214
18 232
18 266
18 281
18 353
18 367
18 370
18 373
18 384
18 386
18 399
18 437
18 438
18 442
18 446
18 475
18 487
18 498
19 8
19 9
19 18
19 57
19 74
19 100
19 114
19 116
19 117
19 137
19 165
19 166
19 213
19 254
19 255
19 267
19 318
19 322
19 329
19 354
19 358
19 360
19 426
19 432
19 448
19 455
19 530
