0 53
0 81
0 131
0 132
0 159
0 184
0 192
0 208
0 236
0 243
0 314
0 315
0 335
0 377
0 385
0 389
0 407
0 411
0 430
0 448
0 470
0 521
1 23
1 32
1 46
1 63
1 103
1 104
1 118
1 188
1 197
1 254
1 263
1 298
1 378
1 409
1 461
1 519
2 47
2 76
2 195
2 212
2 216
2 224
2 242
2 261
2 294
2 295
2 296
2 317
2 339
2 364
2 367
2 386
2 432
2 456
2 517
3 25
3 37
3 55
3 56
3 86
3 145
3 155
3 164
3 174
3 235
3 269
3 305
3 313
3 331
3 375
3 453
4 27
4 30
4 31
4 40
4 42
4 54
4 77
4 136
4 189
4 252
4 338
4 343
4 348
4 360
4 363
4 380
4 390
4 394
4 423
4 426
4 446
4 449
4 465
4 520
4 530
5 5
5 65
5 67
5 80
5 172
5 221
5 250
5 300
5 311
5 330
5 391
5 402
5 408
5 420
5 435
5 474
5 490
5 494
5 504
5 516
5 518
5 534
6 62
6 97
6 116
6 119
6 147
6 200
6 240
6 270
6 286
6 289
6 293
6 299
6 312
6 355
6 387
6 410
6 485
6 527
7 9
7 24
7 75
7 125
7 144
7 198
7 207
7 234
7 245
7 277
7 290
7 291
7 302
7 381
7 383
7 422
7 438
7 533
8 128
8 262
8 412
8 526
9 14
9 17
9 19
9 26
9 45
9 51
9 74
9 101
9 111
9 120
9 154
9 171
9 175
9 178
9 204
9 209
9 229
9 232
9 238
9 257
9 268
9 278
9 292
9 304
9 345
9 388
9 397
9 400
9 429
9 492
9 501
9 503
9 510
9 514
10 11
10 87
10 100
10 133
10 148
10 150
10 202
10 205
10 206
10 239
10 249
10 255
10 279
10 281
10 284
10 320
10 324
10 351
10 392
10 404
10 442
10 444
10 457
10 466
10 475
10 486
10 487
10 507
11 3
11 12
11 39
11 50
11 59
11 61
11 71
11 106
11 110
11 114
11 246
11 267
11 287
11 328
11 396
11 425
11 433
11 463
11 484
12 8
12 73
12 276
12 372
12 379
12 418
12 464
13 0
13 16
13 29
13 34
13 38
13 44
13 49
13 57
13 84
13 91
13 105
13 108
13 121
13 124
13 139
13 156
13 170
13 176
13 181
13 182
13 185
13 190
13 210
13 215
13 222
13 316
13 332
13 340
13 346
13 369
13 382
13 384
13 395
13 406
13 443
13 455
13 480
13 515
13 525
13 532
14 2
14 107
14 123
14 130
14 134
14 149
14 158
14 166
14 264
14 301
14 303
14 307
14 309
14 318
14 327
14 329
14 341
14 353
14 368
14 399
14 415
14 416
14 452
14 482
14 497
14 499
14 511
14 528
15 48
15 78
15 99
15 127
15 191
15 194
15 196
15 219
15 248
15 251
15 271
15 272
15 358
15 401
15 496
16 13
16 68
16 146
16 157
16 169
16 177
16 179
16 288
16 325
16 374
16 376
16 405
16 458
16 524
17 6
17 64
17 223
17 233
17 321
17 462
17 472
