0 1
0 4
0 19
0 32
0 36
0 39
0 41
0 49
0 54
0 62
0 72
0 145
0 148
0 150
0 161
0 177
0 197
0 203
0 216
0 235
0 243
0 245
0 269
0 270
0 301
0 349
0 372
0 378
0 383
0 388
0 404
0 410
0 416
0 419
0 429
0 434
0 442
0 447
0 470
0 476
0 490
0 497
0 499
0 500
0 502
1 17
1 29
1 34
1 38
1 56
1 74
1 78
1 87
1 135
1 157
1 172
1 209
1 219
1 250
1 277
1 316
1 336
1 344
1 346
1 355
1 390
1 401
1 403
1 423
1 453
1 504
1 524
2 3
2 8
2 92
2 106
2 143
2 165
2 184
2 225
2 229
2 266
2 289
2 303
2 335
2 348
2 368
2 391
2 392
2 399
2 409
2 422
2 431
2 438
2 495
2 509
2 526
2 529
3 44
3 84
3 119
3 123
3 128
3 130
3 191
3 198
3 211
3 254
3 283
3 353
3 386
3 405
3 415
3 418
3 433
3 446
3 467
3 487
3 534
4 47
4 59
4 96
4 98
4 104
4 113
4 122
4 138
4 170
4 176
4 234
4 297
4 308
4 328
4 363
4 420
4 439
4 448
4 457
4 472
4 473
4 480
4 503
4 518
4 522
5 5
5 35
5 48
5 50
5 53
5 69
5 105
5 107
5 117
5 133
5 154
5 166
5 222
5 240
5 248
5 252
5 261
5 281
5 305
5 315
5 317
5 322
5 329
5 341
5 376
5 377
5 395
5 417
5 430
5 432
5 435
5 444
5 475
5 483
5 494
5 505
5 512
6 6
6 9
6 20
6 61
6 90
6 108
6 139
6 149
6 152
6 169
6 173
6 187
6 192
6 217
6 227
6 233
6 296
6 310
6 320
6 352
6 354
6 364
6 373
6 375
6 394
6 413
6 469
6 496
6 514
6 516
6 517
7 13
7 26
7 66
7 102
7 110
7 131
7 156
7 164
7 180
7 182
7 194
7 212
7 271
7 287
7 294
7 324
7 358
7 362
7 366
7 369
7 393
7 412
7 414
7 449
7 455
7 461
7 463
7 465
7 468
7 484
7 485
7 511
8 21
8 40
8 42
8 43
8 58
8 155
8 159
8 221
8 247
8 249
8 279
8 307
8 332
8 350
8 380
9 30
9 33
9 67
9 68
9 112
9 115
9 158
9 178
9 188
9 189
9 213
9 231
9 238
9 255
9 264
9 265
9 284
9 299
9 302
9 304
9 325
9 326
9 351
9 357
9 359
9 374
9 385
9 402
9 406
9 428
9 464
9 474
9 479
9 535
10 11
10 14
10 37
10 45
10 86
10 88
10 111
10 118
10 163
10 185
10 190
10 206
10 257
10 263
10 275
10 276
10 286
10 295
10 338
10 339
10 361
10 382
10 387
10 389
10 397
10 407
10 425
10 436
10 506
10 523
10 525
11 10
11 12
11 22
11 51
11 64
11 70
11 71
11 77
11 80
11 81
11 116
11 127
11 137
11 181
11 199
11 214
11 246
11 298
11 312
11 334
11 340
11 347
11 379
11 381
11 400
11 440
11 452
11 481
11 519
11 530
11 532
12 7
12 16
12 18
12 28
12 63
12 95
12 125
12 126
12 129
12 196
12 204
12 208
12 223
12 278
12 314
12 318
12 330
12 337
12 437
12 477
12 478
12 488
12 492
13 23
13 52
13 65
13 76
13 100
13 114
13 142
13 174
13 202
13 242
13 309
13 313
13 396
13 450
13 471
13 486
14 2
14 75
14 82
14 83
14 99
14 134
14 146
14 147
14 171
14 175
14 200
14 215
14 260
14 288
14 290
14 321
14 345
14 370
14 371
14 443
14 451
14 458
14 462
14 466
14 491
14 507
15 27
15 31
15 60
15 85
15 121
15 124
15 136
15 144
15 179
15 195
15 207
15 218
15 258
15 272
15 293
15 311
15 343
15 408
15 445
15 482
15 498
15 520
16 0
16 46
16 101
16 103
16 120
16 162
16 205
16 210
16 230
16 232
16 241
16 253
16 262
16 268
16 291
16 292
16 300
16 327
16 360
16 367
16 384
16 411
16 426
16 456
16 501
16 510
16 515
16 528
16 533
