0 2
0 28
0 33
0 55
0 145
0 163
0 169
0 173
0 177
0 178
0 183
0 190
0 267
0 282
0 285
0 302
0 311
0 326
0 334
0 363
0 370
0 371
0 396
0 402
0 413
0 420
0 421
0 453
0 459
0 460
0 464
1 16
1 51
1 65
1 73
1 83
1 84
1 90
1 117
1 121
1 128
1 143
1 158
1 159
1 182
1 184
1 198
1 211
1 215
1 227
1 259
1 276
1 300
1 312
1 321
1 327
1 345
1 351
1 354
1 401
1 405
1 423
1 431
1 455
1 462
1 468
1 518
2 35
2 38
2 39
2 42
2 70
2 75
2 105
2 119
2 122
2 164
2 187
2 223
2 279
2 286
2 290
2 310
2 339
2 383
2 410
2 418
2 422
2 450
2 479
2 491
2 499
2 509
3 20
3 50
3 53
3 61
3 67
3 146
3 194
3 203
3 275
3 295
3 315
3 332
3 344
3 352
3 360
3 372
3 380
3 416
3 435
3 449
3 482
3 489
3 524
4 18
4 24
4 49
4 52
4 71
4 79
4 101
4 114
4 131
4 134
4 147
4 174
4 175
4 192
4 196
4 272
4 277
4 304
4 314
4 323
4 362
4 393
4 473
4 494
4 496
4 508
4 511
4 526
5 12
5 26
5 43
5 87
5 100
5 166
5 179
5 195
5 205
5 212
5 219
5 222
5 235
5 246
5 269
5 278
5 308
5 366
5 391
5 392
5 399
5 440
5 463
5 492
5 519
6 9
6 21
6 31
6 47
6 54
6 64
6 76
6 80
6 91
6 110
6 123
6 130
6 136
6 138
6 165
6 189
6 206
6 209
6 218
6 271
6 317
6 324
6 350
6 353
6 369
6 375
6 384
6 430
6 433
6 446
6 451
6 498
6 502
6 522
6 530
6 532
7 37
7 45
7 74
7 86
7 88
7 92
7 98
7 108
7 112
7 116
7 124
7 150
7 155
7 157
7 180
7 225
7 245
7 247
7 249
7 265
7 284
7 297
7 298
7 336
7 338
7 357
7 359
7 361
7 364
7 376
7 378
7 386
7 407
7 408
7 419
7 429
7 434
7 467
7 471
7 485
7 515
7 516
7 521
7 523
7 525
8 5
8 22
8 25
8 44
8 68
8 113
8 133
8 171
8 172
8 197
8 200
8 261
8 299
8 318
8 337
8 340
8 412
8 432
8 438
8 439
8 448
8 476
8 497
8 500
8 503
8 504
8 506
9 3
9 13
9 48
9 72
9 99
9 125
9 137
9 221
9 262
9 268
9 291
9 305
9 329
9 331
9 347
9 387
9 390
9 400
9 411
9 414
9 428
9 452
9 481
9 529
10 23
10 82
10 127
10 148
10 233
10 250
10 252
10 253
10 266
10 283
10 289
10 301
10 303
10 322
10 330
10 343
10 346
10 373
10 426
10 457
10 469
10 470
10 478
10 487
10 512
10 517
10 520
11 36
11 111
11 126
11 142
11 149
11 152
11 156
11 204
11 207
11 238
11 255
11 294
11 313
11 379
11 415
11 505
12 27
12 32
12 40
12 58
12 81
12 115
12 161
12 162
12 181
12 202
12 240
12 248
12 258
12 263
12 292
12 296
12 316
12 325
12 348
12 367
12 389
12 395
12 417
12 425
12 443
12 474
12 493
12 495
12 528
12 533
13 7
13 11
13 15
13 56
13 62
13 69
13 78
13 102
13 106
13 132
13 154
13 176
13 188
13 191
13 208
13 213
13 224
13 232
13 234
13 243
13 254
13 257
13 264
13 309
13 335
13 358
13 368
13 444
13 465
13 466
13 486
14 17
14 19
14 34
14 41
14 46
14 85
14 95
14 104
14 135
14 139
14 144
14 151
14 170
14 210
14 214
14 216
14 229
14 230
14 236
14 242
14 293
14 307
14 328
14 349
14 382
14 403
14 437
14 442
14 445
14 447
14 472
14 477
14 490
14 501
14 507
14 514
15 0
15 6
15 10
15 29
15 30
15 60
15 77
15 96
15 103
15 107
15 118
15 185
15 217
15 241
15 281
15 341
15 388
15 404
15 406
15 456
15 458
15 461
15 480
15 484
15 488
15 510
15 535
