0 0
0 3
0 5
0 9
0 10
0 12
0 14
0 19
0 20
0 23
0 25
0 36
0 44
0 51
0 53
0 64
0 65
0 71
0 72
0 79
0 82
0 87
0 91
0 98
0 100
0 101
0 102
0 103
0 104
0 106
0 107
0 111
0 114
0 116
0 123
0 130
0 138
0 150
0 151
0 156
0 174
0 176
0 177
0 179
0 185
0 190
0 191
0 200
0 202
0 204
0 206
0 208
0 210
0 212
0 235
0 242
0 248
0 249
0 250
0 257
0 263
0 267
0 268
0 279
0 284
0 291
0 295
0 300
0 303
0 312
0 314
0 323
0 330
0 338
0 340
0 341
0 343
0 346
0 347
0 354
0 364
0 370
0 372
0 373
0 375
0 382
0 384
0 389
0 390
0 391
0 399
0 400
0 408
0 410
0 419
0 421
0 428
0 430
0 433
0 436
0 440
0 446
0 451
0 458
0 461
0 463
0 467
0 468
0 470
0 474
0 478
0 484
0 489
0 490
0 491
0 492
0 493
0 502
0 503
0 514
0 515
0 522
0 524
1 6
1 13
1 15
1 24
1 31
1 32
1 33
1 54
1 55
1 63
1 68
1 74
1 75
1 81
1 86
1 88
1 92
1 95
1 97
1 99
1 110
1 113
1 115
1 118
1 119
1 134
1 135
1 136
1 139
1 145
1 155
1 157
1 161
1 163
1 167
1 168
1 169
1 173
1 187
1 192
1 195
1 203
1 205
1 221
1 225
1 251
1 258
1 260
1 261
1 269
1 271
1 272
1 281
1 285
1 288
1 289
1 293
1 302
1 305
1 307
1 331
1 334
1 337
1 345
1 350
1 351
1 352
1 357
1 361
1 368
1 378
1 380
1 383
1 386
1 387
1 396
1 407
1 413
1 416
1 417
1 434
1 450
1 455
1 469
1 471
1 472
1 476
1 485
1 494
1 495
1 510
1 511
1 519
1 523
1 528
2 16
2 21
2 22
2 26
2 28
2 29
2 30
2 35
2 38
2 43
2 56
2 66
2 67
2 69
2 76
2 77
2 85
2 90
2 117
2 121
2 125
2 126
2 133
2 137
2 142
2 146
2 148
2 159
2 170
2 181
2 188
2 194
2 198
2 199
2 209
2 224
2 234
2 236
2 246
2 259
2 262
2 275
2 282
2 283
2 292
2 301
2 308
2 310
2 317
2 328
2 329
2 332
2 339
2 358
2 359
2 366
2 377
2 388
2 392
2 393
2 402
2 414
2 415
2 420
2 425
2 435
2 437
2 443
2 449
2 457
2 460
2 477
2 482
2 487
2 501
2 516
2 521
3 1
3 2
3 11
3 17
3 18
3 27
3 34
3 37
3 39
3 40
3 41
3 42
3 45
3 46
3 47
3 48
3 49
3 50
3 52
3 58
3 60
3 61
3 62
3 70
3 73
3 78
3 80
3 83
3 84
3 96
3 105
3 108
3 112
3 120
3 122
3 124
3 127
3 128
3 131
3 132
3 143
3 144
3 147
3 149
3 152
3 154
3 158
3 162
3 164
3 165
3 166
3 171
3 172
3 175
3 178
3 180
3 182
3 183
3 184
3 189
3 196
3 197
3 207
3 211
3 213
3 214
3 215
3 216
3 217
3 218
3 219
3 222
3 223
3 227
3 229
3 230
3 231
3 232
3 233
3 238
3 240
3 241
3 243
3 245
3 247
3 252
3 253
3 254
3 255
3 264
3 265
3 266
3 276
3 277
3 278
3 286
3 290
3 294
3 296
3 297
3 298
3 299
3 304
3 309
3 311
3 313
3 315
3 318
3 320
3 321
3 322
3 324
3 326
3 327
3 335
3 336
3 344
3 348
3 349
3 353
3 362
3 367
3 369
3 371
3 376
3 379
3 385
3 395
3 403
3 404
3 405
3 406
3 409
3 411
3 412
3 418
3 422
3 423
3 426
3 429
3 431
3 432
3 438
3 439
3 442
3 444
3 445
3 447
3 448
3 452
3 453
3 456
3 459
3 462
3 464
3 465
3 466
3 473
3 479
3 480
3 481
3 486
3 488
3 496
3 497
3 498
3 499
3 500
3 504
3 505
3 506
3 507
3 508
3 509
3 512
3 517
3 518
3 520
3 525
3 526
3 529
3 530
3 532
3 533
3 535
