0 2
0 9
0 61
0 133
0 162
0 207
0 255
0 268
0 279
0 290
0 315
0 327
0 391
0 413
0 453
0 477
0 478
0 534
1 60
1 82
1 154
1 288
1 300
1 329
1 390
1 394
1 448
1 468
1 486
1 495
1 499
1 512
1 520
2 24
2 70
2 78
2 87
2 108
2 173
2 192
2 425
2 452
2 490
3 80
3 114
3 124
3 127
3 174
3 191
3 251
3 276
3 293
3 414
4 3
4 6
4 32
4 40
4 58
4 64
4 72
4 111
4 137
4 184
4 200
4 219
4 221
4 233
4 270
4 297
4 310
4 321
4 378
4 380
4 381
4 401
4 443
4 456
4 484
4 503
5 8
5 13
5 20
5 23
5 47
5 65
5 102
5 128
5 131
5 142
5 185
5 211
5 217
5 254
5 296
5 346
5 355
5 369
5 374
5 399
5 409
5 410
5 415
5 426
5 436
5 442
5 465
6 12
6 52
6 73
6 143
6 150
6 180
6 182
6 216
6 232
6 240
6 246
6 272
6 311
6 324
6 325
6 337
6 339
6 367
6 376
6 386
6 408
6 429
6 433
6 455
6 479
6 485
6 489
6 491
7 17
7 110
7 181
7 373
7 392
7 438
7 449
7 457
7 496
8 19
8 22
8 126
8 164
8 206
8 229
8 241
8 263
8 269
8 271
8 291
8 313
8 341
8 437
8 446
8 488
8 492
8 514
8 522
9 7
9 39
9 44
9 106
9 130
9 157
9 213
9 218
9 281
9 298
9 352
9 372
9 469
9 498
9 515
10 16
10 42
10 48
10 56
10 69
10 74
10 77
10 118
10 132
10 136
10 159
10 190
10 198
10 235
10 289
10 368
10 383
10 403
10 411
10 435
10 440
10 451
10 458
10 461
10 463
10 482
10 532
11 43
11 138
11 194
11 277
11 302
11 317
11 332
11 354
11 418
11 422
11 423
11 472
11 474
11 506
11 517
12 0
12 30
12 31
12 46
12 76
12 84
12 100
12 103
12 115
12 139
12 169
12 176
12 179
12 199
12 212
12 242
12 250
12 312
12 363
12 396
12 405
12 444
13 54
13 147
13 175
13 202
13 287
13 292
13 305
13 323
13 353
13 481
13 494
13 507
13 526
14 38
14 86
14 92
14 117
14 148
14 155
14 156
14 205
14 309
14 471
14 487
14 521
14 524
15 26
15 83
15 134
15 204
15 227
15 357
15 511
16 1
16 10
16 21
16 49
16 50
16 98
16 99
16 121
16 151
16 163
16 170
16 195
16 210
16 215
16 249
16 275
16 303
16 322
16 382
16 385
16 388
16 416
16 419
16 420
16 431
16 450
16 466
16 480
16 497
16 504
16 529
16 530
16 535
17 37
17 67
17 158
17 234
17 257
17 294
17 308
17 340
17 343
17 377
17 397
17 404
17 412
17 417
17 432
17 445
17 462
17 502
17 516
18 25
18 29
18 97
18 107
18 152
18 177
18 187
18 209
18 261
18 358
18 375
18 393
18 464
18 510
19 27
19 123
19 135
19 144
19 188
19 196
19 223
19 262
19 295
19 330
19 335
19 338
19 348
19 351
19 360
19 364
19 379
19 384
19 402
19 428
