0 31
0 121
0 163
0 192
0 202
0 219
0 240
0 248
0 266
0 291
0 326
0 354
0 377
0 423
0 443
0 484
0 506
0 521
1 22
1 60
1 70
1 78
1 98
1 173
1 208
1 236
1 268
1 281
1 323
1 384
1 388
1 442
1 492
1 516
2 8
2 72
2 73
2 90
2 158
2 242
2 258
2 289
2 318
2 327
2 351
2 374
2 381
2 404
2 405
2 440
2 486
2 496
3 17
3 51
3 85
3 91
3 115
3 120
3 154
3 161
3 162
3 172
3 175
3 215
3 230
3 243
3 249
3 252
3 255
3 309
3 316
3 349
3 350
3 353
3 382
3 395
3 400
3 445
3 446
3 467
3 476
3 502
3 518
3 525
3 528
4 6
4 20
4 37
4 66
4 129
4 150
4 212
4 250
4 292
4 293
4 364
4 399
4 419
4 449
4 488
4 517
5 83
5 118
5 166
5 182
5 200
5 204
5 232
5 270
5 329
5 340
5 408
5 412
5 433
5 435
5 448
5 456
5 465
6 52
6 54
6 59
6 77
6 128
6 190
6 223
6 283
6 286
6 394
6 396
6 402
6 403
6 425
6 429
6 444
6 495
6 534
7 30
7 38
7 125
7 142
7 149
7 179
7 216
7 229
7 239
7 245
7 312
7 337
7 348
7 378
7 409
7 420
7 489
7 514
7 526
8 18
8 27
8 45
8 62
8 74
8 84
8 86
8 138
8 184
8 211
8 214
8 218
8 221
8 262
8 263
8 277
8 311
8 317
8 352
8 383
8 390
8 413
8 422
8 478
8 487
8 512
8 523
8 533
8 535
9 133
9 177
9 199
9 227
9 246
9 288
9 303
9 341
9 362
9 520
9 530
10 10
10 68
10 96
10 105
10 134
10 146
10 155
10 188
10 264
10 269
10 272
10 276
10 296
10 297
10 325
10 330
10 336
10 339
10 363
10 379
10 397
10 417
10 428
10 452
10 462
10 505
10 529
11 12
11 19
11 39
11 40
11 47
11 75
11 106
11 123
11 159
11 338
11 391
11 455
11 497
11 498
12 42
12 53
12 61
12 63
12 69
12 92
12 119
12 185
12 205
12 241
12 275
12 284
12 287
12 294
12 357
12 372
12 401
12 410
12 437
12 464
13 16
13 108
13 124
13 174
13 207
13 217
13 279
13 301
13 305
13 359
13 366
13 426
13 432
14 7
14 82
14 102
14 104
14 116
14 147
14 148
14 169
14 181
14 213
14 222
14 261
14 320
14 321
14 324
14 367
14 369
14 380
14 414
14 416
14 463
14 472
14 482
14 491
14 494
14 504
14 510
15 56
15 57
15 67
15 76
15 80
15 132
15 137
15 157
15 195
15 198
15 235
15 253
15 257
15 332
15 376
15 392
15 436
15 468
15 474
15 515
15 532
16 3
16 5
16 87
16 103
16 152
16 194
16 271
16 322
16 360
16 373
16 386
16 457
16 469
17 2
17 88
17 107
17 112
17 117
17 135
17 233
17 238
17 265
17 343
17 368
17 418
17 434
17 471
17 477
18 9
18 21
18 24
18 33
18 35
18 71
18 99
18 110
18 126
18 130
18 143
18 144
18 206
18 247
18 254
18 278
18 300
18 307
18 310
18 313
18 331
18 406
18 439
18 461
18 479
18 485
18 490
18 499
18 503
18 511
19 23
19 32
19 36
19 46
19 48
19 55
19 81
19 97
19 100
19 113
19 127
19 136
19 139
19 176
19 224
19 234
19 290
19 298
19 299
19 375
19 411
19 458
19 480
19 507
19 509
