0 13
0 21
0 35
0 121
0 122
0 135
0 166
0 187
0 222
0 259
0 264
0 276
0 293
0 384
0 391
0 450
0 468
0 475
1 11
1 24
1 30
1 32
1 38
1 53
1 65
1 66
1 115
1 171
1 181
1 195
1 223
1 260
1 288
1 311
1 312
1 347
1 370
1 378
1 470
1 486
1 500
1 506
1 523
1 528
2 0
2 134
2 137
2 139
2 179
2 190
2 305
2 313
2 320
2 334
2 374
2 396
2 399
2 428
2 430
2 433
2 437
2 517
2 520
3 3
3 8
3 28
3 36
3 67
3 68
3 81
3 95
3 102
3 118
3 158
3 216
3 241
3 246
3 261
3 270
3 272
3 287
3 292
3 324
3 328
3 339
3 390
3 412
3 417
3 423
3 436
3 446
3 453
3 457
3 483
3 484
3 494
3 502
3 505
4 15
4 41
4 48
4 92
4 101
4 126
4 152
4 159
4 172
4 188
4 191
4 209
4 217
4 234
4 238
4 290
4 297
4 299
4 303
4 326
4 327
4 355
4 362
4 440
4 482
4 489
4 492
4 495
4 498
4 522
5 14
5 23
5 74
5 87
5 96
5 146
5 157
5 214
5 247
5 268
5 358
5 359
5 363
5 368
5 401
5 418
5 509
6 17
6 43
6 90
6 98
6 103
6 123
6 125
6 136
6 143
6 180
6 240
6 253
6 278
6 308
6 321
6 329
6 345
6 411
6 420
6 422
6 438
6 442
6 499
6 512
6 518
6 526
7 26
7 59
7 61
7 75
7 106
7 194
7 231
7 245
7 283
7 286
7 332
7 348
7 364
7 380
7 432
7 478
7 479
8 16
8 46
8 73
8 78
8 97
8 150
8 184
8 204
8 227
8 251
8 257
8 309
8 330
8 354
8 360
8 379
8 413
8 415
8 426
8 461
8 516
9 31
9 117
9 174
9 208
9 235
9 236
9 314
9 353
9 372
9 414
9 435
9 447
9 458
9 504
9 524
10 7
10 10
10 25
10 84
10 88
10 108
10 111
10 119
10 124
10 149
10 164
10 165
10 169
10 176
10 196
10 203
10 232
10 255
10 258
10 266
10 284
10 291
10 325
10 331
10 343
10 361
10 402
10 408
10 445
10 462
10 480
10 490
10 497
11 44
11 70
11 100
11 114
11 129
11 147
11 173
11 189
11 200
11 229
11 275
11 296
11 304
11 310
11 335
11 337
11 375
11 385
11 403
11 404
11 409
11 443
11 452
11 465
11 474
11 515
11 533
12 29
12 42
12 50
12 52
12 80
12 127
12 177
12 207
12 230
12 233
12 250
12 301
12 307
12 317
12 344
12 366
12 503
12 508
13 9
13 22
13 40
13 60
13 83
13 105
13 116
13 132
13 219
13 254
13 350
13 367
13 382
13 386
13 387
13 395
13 400
13 451
13 466
13 477
13 501
13 511
14 39
14 45
14 51
14 58
14 69
14 72
14 86
14 104
14 112
14 142
14 145
14 163
14 185
14 210
14 263
14 265
14 279
14 315
14 323
14 336
14 349
14 371
14 383
14 405
14 407
14 419
14 425
14 429
14 439
14 444
14 448
14 471
14 476
14 491
14 521
15 2
15 5
15 6
15 20
15 27
15 71
15 76
15 77
15 154
15 162
15 212
15 249
15 262
15 271
15 277
15 300
15 318
15 322
15 338
15 357
15 392
15 397
15 487
15 496
15 535
16 18
16 47
16 62
16 110
16 144
16 182
16 192
16 198
16 213
16 289
16 316
16 388
16 431
16 488
16 507
17 12
17 107
17 148
17 156
17 206
17 211
17 242
17 252
17 369
17 456
17 463
17 469
17 514
17 530
17 532
18 56
18 63
18 130
18 131
18 138
18 175
18 199
18 202
18 205
18 218
18 221
18 248
18 269
18 281
18 298
18 340
18 341
18 351
18 352
18 373
18 393
18 410
18 455
18 467
18 472
18 485
18 510
18 529
19 19
19 33
19 34
19 37
19 49
19 54
19 64
19 82
19 85
19 113
19 120
19 128
19 133
19 155
19 161
19 170
19 183
19 197
19 215
19 224
19 243
19 294
19 295
19 346
19 376
19 394
19 406
19 416
19 434
19 449
19 473
19 525
