0 1
0 12
0 21
0 26
0 58
0 68
0 85
0 96
0 118
0 120
0 125
0 134
0 138
0 148
0 157
0 160
0 165
0 184
0 197
0 215
0 242
0 245
0 252
0 311
0 320
0 370
0 371
0 388
0 391
0 417
0 435
0 449
0 450
0 452
0 463
0 466
0 488
0 493
0 512
0 518
0 526
0 528
0 529
1 7
1 24
1 43
1 166
1 189
1 212
1 216
1 232
1 260
1 264
1 353
1 364
1 389
1 396
1 399
1 438
1 486
2 111
2 117
2 130
2 146
2 151
2 179
2 191
2 204
2 209
2 243
2 261
2 304
2 310
2 323
2 336
2 384
2 392
2 428
2 432
2 448
2 462
2 472
2 477
2 482
2 492
2 507
2 535
3 73
3 74
3 101
3 339
3 357
3 468
3 491
3 504
4 14
4 28
4 39
4 56
4 83
4 86
4 99
4 114
4 159
4 175
4 185
4 194
4 210
4 247
4 295
4 348
4 387
4 393
4 407
4 416
4 423
4 453
4 457
4 485
5 5
5 6
5 16
5 23
5 42
5 60
5 61
5 70
5 78
5 97
5 105
5 122
5 124
5 127
5 131
5 136
5 149
5 150
5 158
5 211
5 217
5 229
5 241
5 271
5 286
5 287
5 289
5 346
5 350
5 354
5 360
5 373
5 374
5 415
5 439
5 494
5 496
5 497
5 501
5 530
6 53
6 69
6 102
6 121
6 133
6 161
6 162
6 163
6 182
6 221
6 251
6 275
6 309
6 335
6 395
6 471
7 22
7 30
7 37
7 49
7 63
7 77
7 81
7 112
7 123
7 137
7 155
7 196
7 199
7 240
7 283
7 297
7 301
7 305
7 338
7 367
7 376
7 394
7 397
7 443
7 478
7 509
7 510
7 532
8 0
8 35
8 36
8 128
8 129
8 176
8 190
8 203
8 206
8 213
8 219
8 235
8 238
8 246
8 265
8 266
8 299
8 308
8 315
8 330
8 349
8 379
8 401
8 420
8 461
8 525
9 2
9 8
9 27
9 44
9 47
9 90
9 108
9 139
9 147
9 164
9 173
9 208
9 223
9 255
9 257
9 268
9 290
9 302
9 317
9 366
9 400
9 412
9 422
9 470
9 503
9 521
10 156
10 205
10 224
10 277
10 324
10 329
10 341
10 382
10 440
10 467
10 508
11 72
11 76
11 103
11 142
11 178
11 180
11 195
11 227
11 278
11 296
11 298
11 316
11 431
11 502
11 524
12 32
12 50
12 51
12 54
12 75
12 104
12 132
12 145
12 174
12 198
12 249
12 269
12 279
12 288
12 340
12 344
12 403
12 404
12 409
12 444
12 469
12 506
13 9
13 41
13 45
13 62
13 87
13 135
13 154
13 181
13 234
13 250
13 281
13 291
13 321
13 337
13 358
13 429
13 446
13 465
13 498
14 15
14 31
14 40
14 110
14 116
14 171
14 202
14 233
14 263
14 325
14 328
14 352
14 362
14 368
14 369
14 386
14 406
14 419
14 426
14 489
14 490
14 522
15 25
15 92
15 98
15 126
15 169
15 214
15 236
15 313
15 332
15 372
15 380
15 517
16 20
16 46
16 67
16 188
16 253
16 262
16 270
16 294
16 318
16 345
16 347
16 405
16 410
16 437
17 3
17 48
17 59
17 113
17 119
17 144
17 152
17 170
17 259
17 272
17 276
17 293
17 300
17 312
17 343
17 355
17 359
17 363
17 383
17 390
17 402
17 411
17 413
17 455
17 475
17 480
17 484
17 487
17 500
17 511
17 534
18 10
18 17
18 38
18 64
18 65
18 71
18 84
18 88
18 95
18 100
18 143
18 192
18 200
18 207
18 231
18 254
18 326
18 351
18 385
18 414
18 418
18 430
18 434
18 436
18 451
18 479
18 520
19 13
19 19
19 80
19 230
19 292
19 327
19 375
19 456
19 495
19 499
19 516
