0 25
0 29
0 34
0 82
0 88
0 103
0 112
0 203
0 207
0 229
0 238
0 281
0 298
0 314
0 320
0 339
0 340
0 344
0 367
0 403
0 425
0 428
0 486
0 521
1 32
1 40
1 78
1 81
1 181
1 209
1 210
1 215
1 234
1 260
1 261
1 304
1 364
1 371
1 394
1 477
2 10
2 13
2 68
2 107
2 194
2 227
2 231
2 235
2 284
2 338
2 366
2 400
2 416
2 436
2 446
2 447
2 448
2 458
2 459
2 461
2 468
2 472
2 480
2 481
2 487
2 504
2 515
3 2
3 5
3 14
3 20
3 22
3 24
3 48
3 51
3 165
3 196
3 218
3 248
3 252
3 266
3 276
3 278
3 286
3 348
3 349
3 352
3 358
3 368
3 377
3 386
3 393
3 396
3 415
3 423
3 435
3 438
3 453
3 466
3 471
3 495
3 525
3 528
4 21
4 23
4 28
4 41
4 52
4 65
4 86
4 95
4 97
4 104
4 106
4 111
4 117
4 124
4 240
4 246
4 255
4 269
4 300
4 313
4 360
4 373
4 376
4 385
4 402
4 404
4 408
4 418
4 419
4 430
4 452
4 455
4 465
4 484
4 491
4 494
4 499
4 510
5 3
5 53
5 60
5 72
5 84
5 116
5 118
5 122
5 133
5 145
5 149
5 158
5 175
5 176
5 198
5 208
5 213
5 219
5 249
5 307
5 322
5 326
5 363
5 442
5 444
5 449
5 463
5 473
5 488
5 498
5 508
6 17
6 26
6 33
6 35
6 85
6 115
6 134
6 170
6 183
6 206
6 225
6 245
6 270
6 277
6 288
6 308
6 331
6 334
6 345
6 374
6 378
6 405
6 411
6 414
6 434
6 476
6 490
6 533
6 535
7 30
7 46
7 66
7 74
7 98
7 102
7 105
7 108
7 110
7 127
7 131
7 139
7 154
7 161
7 222
7 242
7 292
7 361
7 369
7 399
7 450
7 467
7 475
7 482
7 501
7 505
7 519
8 15
8 27
8 38
8 45
8 75
8 99
8 101
8 150
8 179
8 180
8 185
8 223
8 253
8 272
8 279
8 283
8 290
8 293
8 294
8 309
8 336
8 341
8 372
8 389
8 409
8 433
9 19
9 42
9 87
9 114
9 156
9 221
9 230
9 382
9 391
9 397
9 432
9 451
9 462
9 485
9 496
10 56
10 70
10 100
10 128
10 144
10 162
10 177
10 199
10 202
10 217
10 305
10 323
10 346
10 351
10 426
10 431
10 511
10 529
11 0
11 9
11 31
11 58
11 83
11 92
11 120
11 130
11 163
11 172
11 174
11 182
11 188
11 247
11 297
11 303
11 350
11 354
11 392
11 407
11 500
11 503
11 520
11 522
12 39
12 44
12 121
12 148
12 189
12 191
12 197
12 232
12 257
12 289
12 302
12 312
12 335
12 413
12 443
12 478
12 497
12 502
12 506
13 16
13 18
13 36
13 54
13 63
13 67
13 71
13 73
13 96
13 132
13 151
13 155
13 178
13 190
13 192
13 204
13 211
13 212
13 263
13 264
13 268
13 275
13 295
13 296
13 318
13 324
13 325
13 328
13 330
13 357
13 388
13 395
13 406
13 420
13 439
13 509
13 518
13 523
13 524
13 526
14 50
14 69
14 90
14 123
14 125
14 137
14 159
14 171
14 200
14 214
14 216
14 233
14 301
14 321
14 327
14 337
14 347
14 353
14 362
14 410
14 422
14 456
14 457
14 474
14 479
14 492
14 493
14 512
14 514
15 8
15 47
15 119
15 138
15 142
15 143
15 157
15 164
15 166
15 173
15 205
15 236
15 310
15 332
15 387
15 507
16 6
16 7
16 37
16 43
16 61
16 64
16 77
16 135
16 136
16 146
16 147
16 152
16 184
16 187
16 195
16 241
16 243
16 250
16 251
16 258
16 262
16 265
16 267
16 287
16 291
16 299
16 315
16 316
16 317
16 343
16 359
16 370
16 379
16 384
16 390
16 412
16 429
16 437
16 440
16 469
16 470
16 489
17 76
17 80
17 126
17 169
17 224
17 375
17 380
17 383
17 401
17 516
17 517
17 530
