0 6
0 13
0 35
0 46
0 51
0 68
0 103
0 107
0 165
0 184
0 199
0 210
0 230
0 250
0 252
0 290
0 296
0 299
0 300
0 303
0 312
0 346
0 367
0 390
0 395
0 397
0 401
0 408
0 432
0 437
0 443
0 445
0 455
0 465
0 492
0 514
1 21
1 117
1 124
1 148
1 162
1 190
1 205
1 222
1 227
1 264
1 276
1 288
1 289
1 363
1 392
1 416
1 456
1 468
1 471
2 8
2 16
2 27
2 40
2 73
2 76
2 95
2 139
2 176
2 235
2 242
2 311
2 317
2 340
2 348
2 371
2 377
2 409
2 440
2 444
2 462
2 466
2 469
2 482
2 505
2 512
2 533
3 26
3 32
3 58
3 65
3 97
3 101
3 161
3 207
3 234
3 270
3 272
3 275
3 297
3 336
3 381
3 393
3 403
3 407
3 439
3 457
3 461
3 501
4 22
4 39
4 99
4 118
4 135
4 174
4 182
4 213
4 232
4 246
4 255
4 310
4 313
4 335
4 341
4 355
4 376
4 399
4 449
4 478
4 489
4 491
4 516
5 12
5 24
5 82
5 111
5 123
5 132
5 134
5 185
5 194
5 217
5 223
5 257
5 343
5 366
5 372
5 383
5 402
5 442
5 446
5 486
5 515
5 529
6 1
6 14
6 33
6 56
6 62
6 84
6 88
6 90
6 96
6 98
6 115
6 149
6 151
6 163
6 170
6 172
6 173
6 197
6 202
6 215
6 219
6 236
6 241
6 243
6 254
6 258
6 265
6 266
6 277
6 304
6 307
6 321
6 326
6 331
6 349
6 361
6 362
6 388
6 411
6 418
6 436
6 481
6 485
6 518
6 521
6 535
7 3
7 31
7 38
7 52
7 59
7 69
7 116
7 127
7 147
7 166
7 196
7 209
7 262
7 308
7 327
7 357
7 360
7 378
7 405
7 464
7 488
7 520
8 20
8 50
8 126
8 136
8 150
8 192
8 204
8 240
8 248
8 279
8 323
8 338
8 339
8 396
8 422
8 431
8 438
8 480
8 498
8 507
8 510
9 2
9 42
9 77
9 120
9 125
9 175
9 187
9 198
9 229
9 245
9 318
9 330
9 345
9 352
9 412
9 448
9 506
10 61
10 114
10 133
10 251
10 261
10 292
10 320
10 353
10 364
10 394
10 463
10 490
10 494
10 499
11 5
11 7
11 9
11 10
11 17
11 19
11 92
11 110
11 169
11 269
11 281
11 329
11 354
11 358
11 373
11 374
11 391
11 410
11 414
11 425
11 426
11 452
11 503
11 526
12 23
12 36
12 44
12 67
12 72
12 78
12 83
12 102
12 106
12 121
12 130
12 131
12 142
12 143
12 154
12 155
12 159
12 164
12 177
12 212
12 216
12 218
12 324
12 328
12 380
12 404
12 502
12 534
13 47
13 53
13 80
13 100
13 137
13 156
13 158
13 180
13 268
13 295
13 298
13 302
13 305
13 337
13 351
13 382
13 385
13 413
13 419
13 423
13 428
13 435
13 451
13 458
13 475
13 495
13 496
14 63
14 214
14 271
14 293
14 368
14 375
14 384
14 474
14 504
14 511
15 37
15 43
15 64
15 86
15 108
15 138
15 152
15 179
15 181
15 188
15 191
15 200
15 206
15 221
15 287
15 309
15 325
15 332
15 347
15 350
15 379
15 472
15 517
15 522
15 524
15 530
16 0
16 29
16 30
16 48
16 54
16 60
16 70
16 74
16 87
16 144
16 157
16 195
16 263
16 294
16 315
16 322
16 359
16 369
16 386
16 417
16 433
16 477
16 484
16 487
16 528
