0 3
0 10
0 26
0 27
0 31
0 83
0 92
0 97
0 121
0 132
0 133
0 148
0 168
0 187
1 0
1 2
1 19
1 30
1 61
1 75
1 78
1 80
1 85
1 95
1 100
1 101
1 105
1 114
1 141
1 157
1 165
1 166
1 174
2 22
2 25
2 28
2 29
2 34
2 46
2 47
2 64
2 70
2 74
2 81
2 88
2 107
2 112
2 119
2 127
2 138
2 146
2 153
2 160
2 161
2 173
2 183
2 194
2 197
2 198
3 1
3 32
3 35
3 38
3 42
3 43
3 44
3 45
3 48
3 51
3 53
3 68
3 93
3 99
3 103
3 111
3 116
3 124
3 136
3 139
3 150
3 154
3 156
3 163
4 4
4 6
4 12
4 20
4 37
4 54
4 63
4 117
4 140
4 142
4 145
4 178
4 181
4 182
5 13
5 14
5 17
5 50
5 66
5 113
5 120
5 128
5 129
5 131
5 137
5 162
5 169
5 171
5 191
6 9
6 16
6 40
6 57
6 65
6 84
6 134
6 152
6 199
7 11
7 33
7 59
7 71
7 72
7 73
7 76
7 77
7 82
7 115
7 143
7 149
7 175
7 179
7 189
7 190
7 193
7 196
8 49
8 79
8 89
8 108
8 125
8 130
8 164
8 176
8 192
9 5
9 18
9 21
9 23
9 36
9 41
9 55
9 56
9 86
9 90
9 91
9 96
9 102
9 106
9 109
9 122
9 126
9 135
9 144
9 147
9 151
9 159
9 180
10 8
10 15
10 24
10 39
10 58
10 67
10 87
10 110
10 123
10 155
10 167
10 170
10 185
10 186
10 195
11 7
11 52
11 60
11 62
11 69
11 94
11 98
11 104
11 118
11 158
11 172
11 177
11 184
11 188
