0 9
0 16
0 26
0 27
0 57
0 63
0 65
0 79
0 84
0 92
0 97
0 125
0 132
0 152
0 168
1 32
1 38
1 42
1 43
1 44
1 51
1 93
1 99
1 116
1 124
1 150
1 154
1 156
1 163
2 13
2 17
2 28
2 29
2 46
2 112
2 113
2 120
2 129
2 131
2 137
2 138
2 191
2 194
2 197
3 4
3 6
3 12
3 20
3 37
3 54
3 117
3 140
3 142
3 178
3 181
3 182
3 192
4 5
4 18
4 21
4 23
4 36
4 41
4 55
4 56
4 86
4 91
4 96
4 102
4 122
4 126
4 135
4 147
4 151
4 159
4 180
4 187
5 0
5 11
5 19
5 33
5 71
5 72
5 73
5 75
5 76
5 77
5 80
5 95
5 115
5 143
5 175
5 189
5 190
5 193
5 196
6 3
6 7
6 14
6 40
6 50
6 66
6 83
6 128
6 162
6 169
6 171
6 199
7 8
7 15
7 24
7 31
7 39
7 58
7 67
7 87
7 110
7 121
7 123
7 133
7 148
7 155
7 167
7 170
7 185
7 186
7 195
8 49
8 89
8 130
8 134
8 176
9 2
9 30
9 61
9 78
9 85
9 100
9 101
9 105
9 108
9 114
9 141
9 157
9 164
9 165
9 166
9 174
10 10
10 22
10 25
10 34
10 47
10 64
10 70
10 74
10 81
10 88
10 90
10 106
10 107
10 109
10 119
10 127
10 144
10 146
10 153
10 160
10 161
10 173
10 183
10 198
11 52
11 60
11 62
11 69
11 94
11 98
11 104
11 118
11 145
11 158
11 172
11 177
11 184
11 188
12 1
12 35
12 45
12 48
12 53
12 59
12 68
12 82
12 103
12 111
12 136
12 139
12 149
12 179
