0 13
0 17
0 28
0 29
0 34
0 46
0 107
0 112
0 120
0 129
0 131
0 138
0 153
0 173
0 191
0 194
0 197
0 198
1 5
1 21
1 32
1 36
1 41
1 42
1 43
1 44
1 86
1 93
1 96
1 99
1 116
1 122
1 124
1 135
1 150
1 151
1 156
1 163
2 9
2 16
2 40
2 57
2 65
2 83
2 134
2 152
2 199
3 0
3 11
3 19
3 33
3 72
3 75
3 76
3 80
3 143
3 189
3 190
3 196
4 49
4 78
4 79
4 89
4 105
4 114
4 125
4 130
4 164
4 176
5 10
5 26
5 27
5 63
5 92
5 97
5 106
5 109
5 132
5 161
5 168
6 7
6 14
6 50
6 52
6 60
6 62
6 66
6 69
6 94
6 104
6 118
6 137
6 158
6 162
6 171
6 172
6 184
6 188
7 2
7 30
7 61
7 85
7 95
7 100
7 101
7 115
7 141
7 157
7 165
7 166
7 174
8 3
8 18
8 55
8 56
8 91
8 113
8 126
8 128
8 147
8 169
8 180
8 187
9 1
9 35
9 38
9 45
9 48
9 51
9 53
9 59
9 68
9 82
9 103
9 111
9 136
9 139
9 149
9 154
9 179
10 20
10 37
10 71
10 73
10 77
10 175
10 178
10 181
10 182
10 193
11 24
11 31
11 84
11 87
11 121
11 133
11 148
11 186
12 4
12 6
12 12
12 54
12 98
12 108
12 117
12 140
12 142
12 145
12 177
12 192
13 22
13 23
13 25
13 47
13 64
13 70
13 74
13 81
13 88
13 90
13 102
13 119
13 127
13 144
13 146
13 159
13 160
13 183
14 8
14 15
14 39
14 58
14 67
14 110
14 123
14 155
14 167
14 170
14 185
14 195
