0 8
0 24
0 31
0 58
0 79
0 84
0 87
0 121
0 133
0 148
0 155
0 170
0 186
1 14
1 50
1 66
1 120
1 137
1 153
1 162
1 171
1 173
1 191
2 10
2 23
2 25
2 27
2 88
2 91
2 92
2 97
2 106
2 109
2 132
2 144
2 146
2 161
2 168
2 180
3 4
3 6
3 54
3 108
3 125
3 130
3 140
3 192
4 0
4 11
4 19
4 33
4 71
4 72
4 73
4 75
4 76
4 77
4 115
4 143
4 175
4 189
4 190
4 193
4 196
5 1
5 35
5 38
5 43
5 44
5 45
5 48
5 51
5 53
5 68
5 82
5 99
5 103
5 111
5 116
5 136
5 139
5 154
5 156
5 179
6 22
6 34
6 47
6 59
6 64
6 70
6 74
6 81
6 107
6 119
6 127
6 149
6 160
6 183
6 198
7 9
7 16
7 40
7 49
7 57
7 65
7 134
7 152
7 176
8 7
8 52
8 60
8 62
8 69
8 94
8 104
8 118
8 158
8 172
8 184
8 188
9 78
9 89
9 101
9 105
9 114
9 164
9 195
10 5
10 18
10 21
10 32
10 36
10 41
10 55
10 56
10 86
10 90
10 96
10 102
10 122
10 126
10 135
10 147
10 151
10 159
11 3
11 83
11 128
11 169
11 187
11 199
12 20
12 37
12 178
12 181
12 182
13 2
13 26
13 30
13 61
13 85
13 100
13 141
13 157
13 165
13 166
13 174
14 13
14 17
14 28
14 29
14 46
14 112
14 113
14 129
14 131
14 138
14 194
14 197
15 12
15 63
15 98
15 117
15 142
15 145
15 177
16 15
16 39
16 42
16 67
16 80
16 93
16 95
16 110
16 123
16 124
16 150
16 163
16 167
16 185
