0 3
0 31
0 83
0 133
0 148
0 187
0 199
1 0
1 15
1 19
1 75
1 80
1 95
1 105
1 110
1 114
2 22
2 25
2 34
2 47
2 64
2 70
2 74
2 81
2 88
2 107
2 119
2 127
2 146
2 153
2 160
2 173
2 183
2 198
3 32
3 39
3 42
3 43
3 44
3 93
3 99
3 123
3 124
3 150
3 154
3 163
3 167
4 4
4 6
4 12
4 54
4 63
4 98
4 108
4 117
4 140
4 142
4 145
4 177
4 192
5 14
5 50
5 66
5 128
5 137
5 162
5 169
5 171
5 191
6 9
6 16
6 57
6 65
6 79
6 84
6 125
6 152
7 1
7 35
7 38
7 45
7 48
7 51
7 53
7 59
7 68
7 82
7 103
7 111
7 116
7 136
7 139
7 156
7 179
8 49
8 89
8 130
8 176
9 5
9 18
9 21
9 23
9 36
9 41
9 55
9 56
9 86
9 90
9 91
9 96
9 102
9 122
9 126
9 135
9 144
9 147
9 151
9 159
9 180
10 8
10 24
10 58
10 67
10 87
10 155
10 170
10 185
10 186
10 195
11 7
11 52
11 60
11 62
11 69
11 94
11 104
11 118
11 158
11 172
11 184
11 188
12 10
12 26
12 27
12 92
12 97
12 106
12 109
12 121
12 132
12 161
12 168
13 13
13 17
13 28
13 29
13 46
13 112
13 113
13 120
13 129
13 131
13 138
13 194
13 197
14 2
14 30
14 61
14 78
14 85
14 100
14 101
14 141
14 157
14 164
14 165
14 166
14 174
15 20
15 37
15 71
15 73
15 149
15 178
15 181
15 182
16 40
16 134
17 11
17 33
17 72
17 76
17 77
17 115
17 143
17 175
17 189
17 190
17 193
17 196
