0 13
0 17
0 74
0 113
0 129
0 131
0 197
1 0
1 11
1 19
1 33
1 72
1 75
1 76
1 77
1 143
1 175
1 189
1 190
1 196
2 22
2 25
2 34
2 47
2 64
2 70
2 81
2 88
2 107
2 119
2 127
2 145
2 146
2 153
2 160
2 173
2 183
2 198
3 18
3 21
3 36
3 41
3 55
3 86
3 96
3 126
3 135
3 147
3 151
3 187
4 7
4 60
4 62
4 69
4 104
4 118
4 172
4 184
4 188
5 2
5 4
5 6
5 12
5 30
5 54
5 61
5 85
5 117
5 140
5 142
5 157
5 165
5 166
5 178
5 182
5 192
6 32
6 38
6 42
6 43
6 44
6 45
6 48
6 51
6 99
6 103
6 116
6 136
6 139
6 154
6 156
7 24
7 87
7 170
7 195
8 26
8 79
8 84
8 108
8 125
8 130
9 5
9 10
9 23
9 27
9 56
9 90
9 91
9 97
9 102
9 106
9 109
9 122
9 132
9 144
9 159
9 161
9 180
10 8
10 31
10 58
10 67
10 133
10 148
10 155
10 185
10 186
11 78
11 80
11 100
11 101
11 105
11 110
11 114
11 141
11 164
11 174
12 49
12 89
12 176
13 14
13 50
13 66
13 120
13 128
13 137
13 162
13 169
13 171
13 191
14 15
14 39
14 93
14 95
14 115
14 121
14 123
14 124
14 150
14 163
14 167
15 9
15 16
15 52
15 57
15 63
15 65
15 83
15 92
15 94
15 98
15 152
15 158
15 168
15 177
16 1
16 20
16 35
16 37
16 53
16 59
16 68
16 71
16 73
16 82
16 111
16 149
16 179
16 181
16 193
17 3
17 40
17 134
17 199
18 28
18 29
18 46
18 112
18 138
18 194
