0 9
0 16
0 52
0 57
0 65
0 94
0 152
0 158
0 168
1 18
1 55
1 126
1 147
2 4
2 6
2 54
2 78
2 108
2 125
2 140
2 157
2 192
3 39
3 42
3 43
3 44
3 67
3 93
3 99
3 123
3 124
3 150
3 163
3 167
3 185
4 13
4 17
4 28
4 46
4 112
4 113
4 120
4 129
4 131
4 138
4 194
4 197
5 0
5 11
5 19
5 33
5 72
5 75
5 76
5 77
5 80
5 143
5 189
5 190
6 8
6 24
6 31
6 58
6 79
6 84
6 87
6 133
6 148
6 155
6 170
6 186
7 32
7 38
7 48
7 51
7 53
7 103
7 116
7 122
7 136
7 139
7 156
7 159
8 23
8 25
8 88
8 90
8 91
8 92
8 102
8 106
8 109
8 144
8 146
8 153
8 161
8 180
9 10
9 26
9 27
9 30
9 97
9 121
9 132
10 20
10 37
10 71
10 73
10 149
10 175
10 178
10 181
10 182
10 193
11 3
11 40
11 83
11 134
11 199
12 12
12 63
12 98
12 117
12 142
12 145
12 177
13 2
13 15
13 61
13 85
13 95
13 100
13 101
13 105
13 110
13 114
13 141
13 164
13 165
13 166
13 174
13 195
14 7
14 60
14 62
14 69
14 104
14 118
14 172
14 184
14 188
15 49
15 89
15 130
15 176
16 22
16 29
16 34
16 47
16 64
16 70
16 74
16 81
16 107
16 119
16 127
16 160
16 173
16 183
16 198
17 1
17 35
17 45
17 59
17 68
17 82
17 111
17 115
17 154
17 179
17 196
18 14
18 50
18 66
18 128
18 137
18 162
18 169
18 171
18 191
19 5
19 21
19 36
19 41
19 56
19 86
19 96
19 135
19 151
19 187
