0 5
0 10
0 12
0 13
0 17
0 18
0 21
0 22
0 23
0 25
0 27
0 28
0 29
0 34
0 36
0 41
0 46
0 47
0 55
0 56
0 64
0 70
0 74
0 81
0 86
0 88
0 90
0 91
0 96
0 102
0 106
0 107
0 109
0 112
0 113
0 119
0 120
0 122
0 126
0 127
0 129
0 131
0 135
0 138
0 144
0 146
0 147
0 151
0 153
0 159
0 160
0 161
0 173
0 180
0 183
0 187
0 191
0 194
0 197
0 198
1 0
1 1
1 11
1 19
1 20
1 32
1 33
1 35
1 37
1 38
1 42
1 43
1 44
1 45
1 48
1 51
1 53
1 59
1 68
1 71
1 72
1 73
1 75
1 76
1 77
1 82
1 93
1 95
1 97
1 99
1 103
1 111
1 115
1 116
1 124
1 136
1 139
1 143
1 149
1 150
1 154
1 156
1 163
1 167
1 175
1 178
1 179
1 181
1 182
1 189
1 190
1 193
1 196
2 3
2 7
2 9
2 14
2 16
2 40
2 49
2 50
2 52
2 57
2 60
2 62
2 63
2 65
2 66
2 69
2 83
2 92
2 94
2 98
2 104
2 117
2 118
2 128
2 132
2 134
2 137
2 145
2 152
2 158
2 162
2 168
2 169
2 171
2 172
2 177
2 184
2 188
2 199
3 2
3 4
3 6
3 8
3 15
3 24
3 26
3 30
3 31
3 39
3 54
3 58
3 61
3 67
3 78
3 79
3 80
3 84
3 85
3 87
3 89
3 100
3 101
3 105
3 108
3 110
3 114
3 121
3 123
3 125
3 130
3 133
3 140
3 141
3 142
3 148
3 155
3 157
3 164
3 165
3 166
3 170
3 174
3 176
3 185
3 186
3 192
3 195
