0 0
0 1
0 6
0 11
0 12
0 19
0 20
0 33
0 35
0 37
0 45
0 53
0 59
0 68
0 71
0 72
0 73
0 75
0 76
0 77
0 82
0 95
0 111
0 115
0 117
0 143
0 149
0 154
0 175
0 178
0 179
0 181
0 182
0 189
0 190
0 193
0 196
1 5
1 10
1 21
1 27
1 31
1 32
1 36
1 38
1 39
1 41
1 42
1 43
1 44
1 48
1 51
1 56
1 67
1 86
1 93
1 96
1 97
1 99
1 103
1 106
1 109
1 116
1 121
1 122
1 123
1 124
1 126
1 132
1 133
1 135
1 136
1 139
1 148
1 150
1 151
1 156
1 159
1 163
1 167
1 180
1 185
1 186
1 187
2 13
2 17
2 18
2 22
2 23
2 25
2 28
2 29
2 34
2 46
2 47
2 55
2 64
2 70
2 74
2 81
2 88
2 90
2 91
2 102
2 107
2 112
2 113
2 119
2 120
2 127
2 129
2 131
2 138
2 144
2 145
2 146
2 147
2 153
2 160
2 161
2 173
2 183
2 191
2 194
2 197
2 198
3 2
3 4
3 8
3 15
3 24
3 26
3 30
3 49
3 54
3 58
3 61
3 78
3 79
3 80
3 84
3 85
3 87
3 89
3 100
3 101
3 105
3 108
3 110
3 114
3 125
3 130
3 140
3 141
3 142
3 155
3 157
3 164
3 165
3 166
3 170
3 174
3 176
3 192
3 195
4 3
4 7
4 9
4 14
4 16
4 40
4 50
4 52
4 57
4 60
4 62
4 63
4 65
4 66
4 69
4 83
4 92
4 94
4 98
4 104
4 118
4 128
4 134
4 137
4 152
4 158
4 162
4 168
4 169
4 171
4 172
4 177
4 184
4 188
4 199
