0 5
0 10
0 18
0 21
0 23
0 27
0 36
0 41
0 55
0 56
0 86
0 90
0 91
0 93
0 96
0 97
0 102
0 106
0 109
0 122
0 124
0 126
0 132
0 135
0 144
0 147
0 151
0 159
0 161
0 180
0 187
1 2
1 8
1 15
1 24
1 26
1 30
1 31
1 39
1 58
1 67
1 84
1 85
1 87
1 110
1 121
1 123
1 133
1 148
1 155
1 165
1 166
1 167
1 170
1 185
1 186
1 195
2 3
2 7
2 9
2 14
2 16
2 40
2 50
2 57
2 65
2 66
2 83
2 92
2 113
2 128
2 134
2 162
2 168
2 169
2 171
2 199
3 1
3 32
3 35
3 38
3 42
3 43
3 44
3 45
3 48
3 51
3 53
3 59
3 68
3 82
3 99
3 103
3 111
3 116
3 136
3 139
3 149
3 150
3 154
3 156
3 163
3 179
4 13
4 17
4 22
4 25
4 28
4 29
4 34
4 46
4 47
4 64
4 70
4 74
4 81
4 88
4 107
4 112
4 119
4 120
4 127
4 129
4 131
4 137
4 138
4 146
4 153
4 160
4 173
4 183
4 191
4 194
4 197
4 198
5 4
5 49
5 54
5 78
5 79
5 89
5 100
5 101
5 105
5 108
5 114
5 125
5 130
5 140
5 141
5 142
5 164
5 174
5 176
5 192
6 12
6 52
6 60
6 62
6 63
6 69
6 94
6 98
6 104
6 117
6 118
6 145
6 152
6 158
6 172
6 177
6 184
6 188
7 0
7 6
7 11
7 19
7 20
7 33
7 37
7 61
7 71
7 72
7 73
7 75
7 76
7 77
7 80
7 95
7 115
7 143
7 157
7 175
7 178
7 181
7 182
7 189
7 190
7 193
7 196
