0 8
0 15
0 31
0 32
0 39
0 42
0 43
0 44
0 67
0 93
0 99
0 110
0 121
0 123
0 124
0 150
0 163
0 167
0 170
0 185
0 186
1 13
1 17
1 28
1 29
1 34
1 46
1 50
1 107
1 112
1 113
1 120
1 129
1 131
1 137
1 138
1 153
1 162
1 171
1 173
1 191
1 194
1 197
1 198
2 7
2 9
2 14
2 16
2 40
2 52
2 57
2 60
2 62
2 66
2 69
2 94
2 98
2 104
2 118
2 152
2 158
2 168
2 169
2 172
2 184
2 188
3 4
3 6
3 12
3 20
3 37
3 54
3 63
3 117
3 140
3 142
3 145
3 177
3 178
3 181
3 182
3 192
4 5
4 10
4 22
4 23
4 25
4 41
4 47
4 55
4 64
4 70
4 74
4 81
4 88
4 90
4 91
4 96
4 97
4 102
4 106
4 109
4 119
4 122
4 127
4 135
4 144
4 146
4 147
4 159
4 160
4 161
4 183
5 0
5 2
5 19
5 24
5 26
5 30
5 61
5 75
5 78
5 80
5 85
5 95
5 100
5 101
5 105
5 108
5 114
5 141
5 157
5 164
5 165
5 166
5 174
5 195
6 1
6 11
6 33
6 35
6 38
6 45
6 48
6 51
6 53
6 59
6 68
6 71
6 72
6 73
6 76
6 77
6 82
6 103
6 111
6 115
6 116
6 136
6 139
6 143
6 149
6 154
6 156
6 175
6 179
6 189
6 190
6 193
6 196
7 3
7 18
7 21
7 27
7 36
7 56
7 58
7 83
7 86
7 92
7 126
7 128
7 132
7 133
7 148
7 151
7 155
7 180
7 187
7 199
8 49
8 65
8 79
8 84
8 87
8 89
8 125
8 130
8 134
8 176
