0 15
0 29
0 55
0 70
0 74
0 79
0 111
0 118
0 131
0 162
0 168
0 184
1 4
1 12
1 16
1 24
1 38
1 63
1 100
1 102
1 109
1 151
1 167
1 172
1 185
1 197
2 10
2 35
2 36
2 37
2 41
2 42
2 46
2 48
2 51
2 59
2 65
2 81
2 87
2 99
2 115
2 136
2 149
2 152
2 153
2 154
2 158
2 175
2 179
2 180
2 193
3 0
3 2
3 5
3 6
3 7
3 13
3 21
3 23
3 28
3 32
3 40
3 45
3 56
3 58
3 88
3 90
3 92
3 98
3 116
3 122
3 123
3 126
3 130
3 139
3 141
3 145
3 146
3 150
3 186
3 190
4 26
4 30
4 43
4 49
4 61
4 78
4 104
4 108
4 114
4 117
4 121
4 127
4 132
4 140
4 159
4 163
4 164
4 170
4 176
4 182
4 192
5 3
5 14
5 17
5 18
5 22
5 27
5 39
5 64
5 75
5 89
5 96
5 101
5 110
5 120
5 124
5 128
5 134
5 147
5 161
5 181
5 194
6 1
6 20
6 33
6 67
6 83
6 84
6 85
6 112
6 125
6 133
6 156
6 160
6 199
7 11
7 19
7 34
7 47
7 50
7 54
7 57
7 60
7 66
7 69
7 72
7 77
7 80
7 82
7 86
7 91
7 94
7 103
7 106
7 107
7 113
7 119
7 129
7 135
7 138
7 155
7 166
7 169
7 171
7 173
7 177
7 183
7 196
7 198
8 9
8 25
8 31
8 44
8 52
8 53
8 95
8 97
8 137
8 142
8 165
8 178
8 188
8 191
9 8
9 62
9 68
9 71
9 73
9 76
9 93
9 105
9 143
9 144
9 148
9 157
9 174
9 187
9 189
9 195
