0 5
0 13
0 42
0 69
0 88
0 112
0 122
0 137
0 142
0 150
0 162
0 167
0 176
0 186
0 192
1 8
1 14
1 17
1 20
1 23
1 30
1 41
1 51
1 57
1 62
1 65
1 76
1 78
1 85
1 91
1 100
1 102
1 119
1 131
1 138
1 145
1 157
1 165
1 171
1 172
1 173
1 198
2 1
2 3
2 4
2 15
2 43
2 47
2 49
2 55
2 70
2 71
2 82
2 84
2 114
2 124
2 134
2 139
2 159
2 163
2 185
2 188
2 190
2 193
2 195
2 196
3 21
3 27
3 35
3 59
3 61
3 73
3 74
3 75
3 89
3 93
3 99
3 105
3 108
3 110
3 129
3 135
3 158
3 160
3 183
3 189
4 0
4 7
4 11
4 36
4 44
4 46
4 56
4 58
4 83
4 90
4 96
4 98
4 153
4 197
5 12
5 33
5 40
5 53
5 63
5 68
5 77
5 92
5 97
5 106
5 116
5 125
5 130
5 152
5 161
5 175
5 178
5 194
6 9
6 19
6 25
6 52
6 60
6 72
6 103
6 111
6 132
6 154
6 164
6 166
6 184
7 2
7 16
7 18
7 26
7 29
7 94
7 95
7 120
7 127
7 133
7 141
7 151
7 170
8 22
8 34
8 45
8 50
8 54
8 66
8 79
8 80
8 104
8 109
8 113
8 118
8 126
8 136
8 147
8 148
8 168
8 169
8 177
8 182
8 191
9 10
9 31
9 37
9 39
9 48
9 67
9 81
9 87
9 101
9 115
9 117
9 140
9 144
9 146
9 155
9 174
10 6
10 24
10 28
10 32
10 38
10 64
10 86
10 107
10 121
10 123
10 128
10 143
10 149
10 156
10 179
10 180
10 181
10 187
10 199
