0 22
0 34
0 45
0 50
0 66
0 79
0 80
0 104
0 109
0 113
0 118
0 126
0 136
0 147
0 148
0 168
0 169
0 177
0 182
0 191
1 27
1 56
1 59
1 61
1 74
1 75
1 89
1 93
1 99
1 108
1 110
1 129
1 135
1 158
1 160
1 189
2 4
2 10
2 33
2 39
2 48
2 49
2 101
2 115
2 139
2 144
2 174
2 190
2 193
3 8
3 14
3 17
3 20
3 23
3 41
3 51
3 57
3 62
3 65
3 76
3 78
3 85
3 91
3 100
3 102
3 119
3 131
3 138
3 145
3 154
3 157
3 164
3 165
3 171
3 172
3 173
3 176
3 198
4 1
4 3
4 15
4 43
4 47
4 55
4 64
4 70
4 71
4 82
4 84
4 114
4 124
4 134
4 159
4 163
4 185
4 188
4 195
4 196
5 6
5 24
5 28
5 32
5 38
5 86
5 107
5 123
5 128
5 149
5 156
5 179
5 180
5 181
5 187
5 199
6 9
6 11
6 19
6 25
6 52
6 58
6 60
6 72
6 83
6 103
6 111
6 132
6 153
6 166
6 184
6 197
7 2
7 16
7 18
7 26
7 29
7 94
7 95
7 120
7 127
7 133
7 141
7 151
7 170
8 5
8 13
8 42
8 69
8 88
8 112
8 122
8 137
8 142
8 150
8 162
8 167
8 186
8 192
9 0
9 7
9 21
9 35
9 36
9 44
9 46
9 73
9 90
9 96
9 98
9 105
9 121
9 143
9 183
10 31
10 37
10 54
10 67
10 81
10 87
10 117
10 146
10 155
11 12
11 30
11 40
11 53
11 63
11 68
11 77
11 92
11 97
11 106
11 116
11 125
11 130
11 140
11 152
11 161
11 175
11 178
11 194
