0 27
0 33
0 40
0 53
0 61
0 63
0 68
0 77
0 93
0 97
0 106
0 108
0 110
0 116
0 129
0 130
0 152
0 175
0 194
1 62
1 76
1 78
1 85
1 100
1 148
1 154
1 164
1 176
2 1
2 3
2 4
2 15
2 43
2 47
2 49
2 55
2 70
2 71
2 82
2 84
2 114
2 124
2 134
2 139
2 159
2 163
2 174
2 185
2 188
2 190
2 193
2 195
2 196
3 35
3 59
3 73
3 74
3 75
3 89
3 99
3 105
3 121
3 135
3 143
3 158
3 183
3 189
4 34
4 45
4 50
4 54
4 66
4 79
4 81
4 109
4 126
4 182
4 191
5 8
5 17
5 20
5 23
5 30
5 41
5 51
5 65
5 91
5 102
5 119
5 131
5 138
5 165
5 171
5 172
5 198
6 10
6 12
6 31
6 37
6 39
6 48
6 67
6 87
6 92
6 101
6 115
6 117
6 125
6 140
6 144
6 146
6 155
6 178
7 9
7 11
7 14
7 19
7 25
7 52
7 57
7 58
7 60
7 72
7 83
7 103
7 111
7 132
7 145
7 157
7 166
7 173
7 184
7 197
8 2
8 16
8 18
8 26
8 29
8 94
8 95
8 120
8 127
8 133
8 141
8 151
8 161
8 170
9 6
9 24
9 28
9 32
9 38
9 64
9 86
9 107
9 123
9 128
9 149
9 156
9 179
9 180
9 181
9 187
9 199
10 0
10 7
10 21
10 36
10 44
10 46
10 56
10 90
10 96
10 98
10 153
10 160
11 5
11 13
11 42
11 69
11 88
11 112
11 122
11 137
11 142
11 150
11 162
11 167
11 186
11 192
12 22
12 80
12 104
12 113
12 118
12 136
12 147
12 168
12 169
12 177
