0 25
0 34
0 55
0 60
0 62
0 70
0 74
0 81
0 88
0 91
0 106
0 107
0 119
0 127
0 131
0 137
0 160
0 161
0 173
0 183
0 198
1 24
1 26
1 58
1 79
1 87
1 109
1 121
1 123
1 133
2 3
2 14
2 84
2 132
2 134
3 8
3 15
3 75
3 115
3 143
3 164
3 170
3 174
3 185
3 189
3 190
3 195
4 27
4 40
4 49
4 66
4 69
4 83
4 104
4 152
4 162
4 168
4 171
4 184
4 191
4 199
5 1
5 10
5 11
5 71
5 73
5 76
5 105
5 111
5 141
5 149
5 166
5 175
5 178
5 196
6 5
6 23
6 39
6 56
6 67
6 99
6 102
6 126
6 148
6 151
6 180
7 52
7 57
7 63
7 65
7 97
7 118
7 125
7 130
7 145
7 158
7 177
8 17
8 18
8 29
8 47
8 85
8 92
8 120
8 128
8 135
8 144
8 153
8 169
8 187
8 197
9 7
9 172
9 188
10 31
10 38
10 42
10 43
10 44
10 156
10 167
10 186
11 16
11 89
11 94
12 13
12 28
12 46
12 64
12 112
12 113
12 129
12 138
12 194
13 78
14 32
14 35
14 41
14 45
14 48
14 51
14 53
14 59
14 68
14 82
14 93
14 103
14 116
14 122
14 124
14 136
14 139
14 150
14 154
14 159
14 163
14 179
15 4
15 6
15 9
15 12
15 54
15 98
15 108
15 117
15 142
16 2
16 30
16 80
16 101
16 114
16 140
16 157
16 165
16 176
16 192
17 0
17 19
17 20
17 33
17 37
17 61
17 72
17 77
17 95
17 100
17 110
17 181
17 182
17 193
18 21
18 22
18 36
18 50
18 86
18 90
18 96
18 146
18 147
18 155
