0 1
0 5
0 6
0 8
0 9
0 15
0 17
0 18
0 20
0 23
0 25
0 26
0 29
0 30
0 31
0 33
0 39
0 43
0 44
0 49
0 52
0 53
0 55
0 62
0 63
0 64
0 67
0 68
0 70
0 74
0 75
0 76
0 78
0 79
0 83
0 84
0 85
0 89
0 93
0 95
0 97
0 101
0 104
0 108
0 110
0 111
0 112
0 114
0 117
0 118
0 121
0 123
0 125
0 131
0 133
0 134
0 137
0 140
0 141
0 142
0 144
0 145
0 146
0 148
0 151
0 156
0 157
0 160
0 162
0 163
0 164
0 165
0 168
0 170
0 174
0 176
0 178
0 184
0 186
0 187
0 188
0 189
0 191
0 192
0 199
1 0
1 2
1 3
1 4
1 7
1 10
1 11
1 12
1 13
1 14
1 16
1 19
1 21
1 22
1 24
1 27
1 28
1 32
1 34
1 35
1 36
1 37
1 38
1 40
1 41
1 42
1 45
1 46
1 47
1 48
1 50
1 51
1 54
1 56
1 57
1 58
1 59
1 60
1 61
1 65
1 66
1 69
1 71
1 72
1 73
1 77
1 80
1 81
1 82
1 86
1 87
1 88
1 90
1 91
1 92
1 94
1 96
1 98
1 99
1 100
1 102
1 103
1 105
1 106
1 107
1 109
1 113
1 115
1 116
1 119
1 120
1 122
1 124
1 126
1 127
1 128
1 129
1 130
1 132
1 135
1 136
1 138
1 139
1 143
1 147
1 149
1 150
1 152
1 153
1 154
1 155
1 158
1 159
1 161
1 166
1 167
1 169
1 171
1 172
1 173
1 175
1 177
1 179
1 180
1 181
1 182
1 183
1 185
1 190
1 193
1 194
1 195
1 196
1 197
1 198
