0 22
0 29
0 36
0 76
0 104
0 122
0 126
0 150
0 166
0 172
0 188
1 0
1 40
1 53
1 93
1 100
1 123
1 159
1 164
1 179
1 189
2 18
2 56
2 85
2 90
2 140
2 142
2 190
3 30
3 34
3 87
3 97
3 102
3 107
3 116
3 139
3 169
3 185
3 192
3 193
4 6
4 17
4 65
4 84
4 111
4 113
4 125
4 135
4 146
4 152
5 5
5 16
5 37
5 49
5 51
5 63
5 64
5 69
5 103
5 105
5 114
5 127
5 133
5 136
5 160
5 191
5 196
6 9
6 23
6 52
6 61
6 62
6 68
6 70
6 82
6 95
6 98
6 115
6 128
6 145
6 174
6 180
6 181
6 183
7 71
7 109
7 117
7 129
7 157
7 162
8 10
8 19
8 28
8 58
8 75
8 77
8 83
8 88
8 110
8 153
8 156
8 161
8 177
9 13
9 33
9 43
9 60
9 78
9 91
9 112
9 170
9 182
9 198
9 199
10 48
10 66
10 67
10 197
11 2
11 11
11 35
11 106
11 137
11 138
11 184
11 194
12 14
12 21
12 42
12 99
12 108
12 118
12 143
12 165
12 195
13 32
13 38
13 45
13 47
13 54
13 55
13 57
13 134
13 144
13 151
13 168
13 176
13 178
14 3
14 24
14 39
14 41
14 96
14 101
14 163
14 173
15 124
15 186
16 15
16 27
16 72
16 74
16 81
16 92
16 148
16 154
16 187
17 4
17 12
17 25
17 46
17 50
17 79
17 89
17 132
17 155
17 167
17 175
18 7
18 8
18 20
18 26
18 31
18 44
18 59
18 73
18 80
18 94
18 119
18 120
18 130
18 141
18 171
19 1
19 86
19 121
19 131
19 147
19 149
19 158
