0 1
0 6
0 8
0 20
0 21
0 23
0 33
0 67
0 74
0 83
0 84
0 85
0 88
0 110
0 112
0 125
0 130
0 131
0 133
0 141
0 145
0 146
0 150
0 156
0 160
0 186
0 199
1 4
1 10
1 11
1 12
1 13
1 14
1 16
1 19
1 22
1 24
1 27
1 32
1 34
1 35
1 36
1 37
1 38
1 39
1 40
1 41
1 42
1 45
1 46
1 47
1 48
1 50
1 51
1 54
1 56
1 57
1 59
1 60
1 65
1 66
1 69
1 72
1 77
1 80
1 81
1 82
1 86
1 87
1 90
1 91
1 92
1 94
1 96
1 98
1 99
1 100
1 102
1 103
1 106
1 107
1 109
1 113
1 115
1 116
1 119
1 120
1 122
1 124
1 126
1 128
1 129
1 135
1 136
1 138
1 139
1 147
1 149
1 151
1 152
1 153
1 154
1 155
1 158
1 161
1 166
1 167
1 169
1 171
1 173
1 175
1 177
1 179
1 180
1 181
1 183
1 185
1 194
1 196
1 197
1 198
2 3
2 9
2 15
2 17
2 18
2 25
2 29
2 31
2 44
2 52
2 53
2 55
2 64
2 70
2 75
2 79
2 89
2 95
2 97
2 101
2 111
2 118
2 134
2 137
2 142
2 162
2 165
2 168
2 178
2 184
2 188
2 191
3 0
3 2
3 5
3 7
3 26
3 28
3 30
3 43
3 49
3 58
3 61
3 62
3 63
3 68
3 71
3 73
3 76
3 78
3 93
3 104
3 105
3 108
3 114
3 117
3 121
3 123
3 127
3 132
3 140
3 143
3 144
3 148
3 157
3 159
3 163
3 164
3 170
3 172
3 174
3 176
3 182
3 187
3 189
3 190
3 192
3 193
3 195
