0 5
0 23
0 32
0 35
0 38
0 39
0 41
0 45
0 48
0 51
0 53
0 56
0 59
0 67
0 68
0 82
0 99
0 102
0 103
0 116
0 122
0 124
0 126
0 136
0 139
0 148
0 150
0 151
0 154
0 159
0 163
0 167
0 179
0 180
1 3
1 14
1 16
1 27
1 40
1 49
1 57
1 63
1 66
1 69
1 83
1 84
1 89
1 94
1 97
1 104
1 132
1 134
1 152
1 158
1 162
1 168
1 171
1 172
1 177
1 184
1 191
1 199
2 2
2 8
2 15
2 19
2 24
2 30
2 31
2 42
2 43
2 44
2 72
2 75
2 77
2 78
2 80
2 87
2 114
2 115
2 143
2 156
2 157
2 164
2 165
2 170
2 174
2 185
2 186
2 189
2 190
2 195
3 7
3 13
3 17
3 18
3 21
3 22
3 25
3 28
3 29
3 34
3 36
3 46
3 47
3 50
3 52
3 55
3 60
3 62
3 64
3 70
3 73
3 74
3 81
3 85
3 86
3 88
3 90
3 91
3 92
3 96
3 106
3 107
3 112
3 113
3 118
3 119
3 120
3 127
3 128
3 129
3 131
3 135
3 137
3 138
3 144
3 145
3 146
3 147
3 149
3 153
3 155
3 160
3 161
3 169
3 173
3 183
3 187
3 188
3 194
3 197
3 198
4 0
4 1
4 4
4 6
4 9
4 10
4 11
4 12
4 20
4 26
4 33
4 37
4 54
4 58
4 61
4 65
4 71
4 76
4 79
4 93
4 95
4 98
4 100
4 101
4 105
4 108
4 109
4 110
4 111
4 117
4 121
4 123
4 125
4 130
4 133
4 140
4 141
4 142
4 166
4 175
4 176
4 178
4 181
4 182
4 192
4 193
4 196
