0 9
0 11
0 14
0 19
0 25
0 52
0 57
0 58
0 60
0 62
0 72
0 76
0 78
0 83
0 85
0 100
0 102
0 103
0 111
0 132
0 145
0 154
0 157
0 164
0 165
0 166
0 173
0 184
0 197
0 198
1 0
1 6
1 7
1 21
1 24
1 28
1 32
1 35
1 36
1 38
1 44
1 46
1 56
1 73
1 74
1 75
1 86
1 90
1 96
1 98
1 99
1 105
1 107
1 110
1 121
1 123
1 128
1 135
1 143
1 149
1 153
1 156
1 158
1 160
1 179
1 180
1 181
1 183
1 187
1 189
1 199
2 10
2 12
2 27
2 31
2 33
2 37
2 39
2 40
2 53
2 59
2 61
2 63
2 67
2 68
2 77
2 87
2 89
2 92
2 93
2 97
2 101
2 106
2 108
2 115
2 116
2 117
2 125
2 129
2 130
2 140
2 144
2 146
2 152
2 155
2 175
2 178
2 194
3 5
3 13
3 22
3 34
3 42
3 45
3 50
3 54
3 69
3 79
3 80
3 81
3 88
3 109
3 112
3 113
3 118
3 122
3 126
3 136
3 137
3 142
3 147
3 148
3 150
3 162
3 167
3 168
3 169
3 177
3 182
3 186
3 191
3 192
4 1
4 3
4 4
4 15
4 43
4 47
4 48
4 49
4 55
4 64
4 66
4 70
4 71
4 82
4 84
4 104
4 114
4 124
4 134
4 139
4 159
4 163
4 174
4 185
4 188
4 190
4 193
4 195
4 196
5 2
5 8
5 16
5 17
5 18
5 20
5 23
5 26
5 29
5 30
5 41
5 51
5 65
5 91
5 94
5 95
5 119
5 120
5 127
5 131
5 133
5 138
5 141
5 151
5 161
5 170
5 171
5 172
5 176
