0 0
0 2
0 11
0 35
0 40
0 47
0 53
0 55
0 93
0 100
0 107
0 123
0 137
0 159
0 164
0 168
0 169
0 179
0 184
0 189
0 194
1 9
1 10
1 15
1 22
1 23
1 27
1 29
1 41
1 52
1 58
1 62
1 68
1 70
1 72
1 74
1 76
1 82
1 98
1 106
1 115
1 122
1 128
1 138
1 145
1 148
1 150
1 172
1 174
1 177
1 180
1 183
2 7
2 18
2 46
2 48
2 56
2 59
2 66
2 67
2 90
2 94
2 104
2 119
2 120
2 126
2 141
2 142
2 154
2 181
2 197
3 5
3 16
3 32
3 37
3 38
3 49
3 51
3 54
3 57
3 63
3 64
3 69
3 103
3 105
3 114
3 127
3 133
3 134
3 136
3 140
3 144
3 160
3 176
3 190
3 191
3 196
4 6
4 13
4 17
4 33
4 43
4 60
4 65
4 78
4 84
4 85
4 91
4 111
4 112
4 113
4 124
4 125
4 135
4 146
4 152
4 170
4 178
4 182
4 186
4 198
4 199
5 1
5 14
5 21
5 30
5 34
5 42
5 86
5 87
5 97
5 99
5 102
5 108
5 116
5 118
5 121
5 131
5 139
5 143
5 147
5 149
5 158
5 165
5 185
5 192
5 193
5 195
6 3
6 8
6 19
6 20
6 24
6 26
6 28
6 31
6 36
6 39
6 44
6 45
6 73
6 75
6 77
6 80
6 83
6 88
6 96
6 101
6 110
6 130
6 151
6 153
6 156
6 161
6 163
6 166
6 171
6 173
6 188
7 4
7 12
7 25
7 50
7 61
7 71
7 79
7 81
7 89
7 92
7 95
7 109
7 117
7 129
7 132
7 155
7 157
7 162
7 167
7 175
7 187
