0 7
0 13
0 17
0 25
0 28
0 29
0 34
0 46
0 55
0 60
0 62
0 64
0 70
0 74
0 79
0 81
0 85
0 88
0 91
0 92
0 106
0 107
0 112
0 113
0 118
0 119
0 120
0 127
0 129
0 131
0 137
0 138
0 160
0 161
0 173
0 183
0 187
0 188
0 194
0 198
1 8
1 19
1 30
1 75
1 77
1 78
1 80
1 114
1 115
1 143
1 157
1 164
1 170
1 174
1 185
1 189
1 190
1 195
2 3
2 14
2 27
2 40
2 49
2 66
2 69
2 83
2 84
2 94
2 104
2 132
2 134
2 152
2 153
2 162
2 168
2 171
2 184
2 191
2 199
3 0
3 2
3 6
3 20
3 24
3 26
3 37
3 54
3 58
3 61
3 72
3 87
3 95
3 100
3 101
3 117
3 121
3 123
3 133
3 140
3 165
3 176
3 181
3 182
3 192
3 193
4 5
4 23
4 32
4 39
4 48
4 51
4 56
4 59
4 67
4 99
4 102
4 103
4 116
4 122
4 124
4 126
4 136
4 139
4 148
4 150
4 159
4 163
4 179
4 180
5 15
5 31
5 38
5 42
5 43
5 44
5 151
5 156
5 167
5 186
6 18
6 21
6 22
6 36
6 47
6 50
6 86
6 90
6 96
6 128
6 135
6 144
6 146
6 147
6 155
6 169
6 197
7 9
7 16
7 52
7 57
7 63
7 65
7 89
7 97
7 108
7 125
7 130
7 145
7 158
7 172
7 177
8 1
8 4
8 10
8 11
8 12
8 33
8 35
8 41
8 45
8 53
8 68
8 71
8 73
8 76
8 82
8 93
8 98
8 105
8 109
8 110
8 111
8 141
8 142
8 149
8 154
8 166
8 175
8 178
8 196
