0 15
0 17
0 19
0 39
0 57
0 60
0 66
0 72
0 75
0 86
0 91
0 138
0 147
0 165
0 166
0 178
1 4
1 31
1 33
1 46
1 49
1 55
1 104
1 132
1 135
1 142
1 162
1 164
1 167
1 172
1 173
1 187
1 192
2 6
2 10
2 43
2 63
2 73
2 79
2 87
2 92
2 109
2 127
2 148
2 176
2 184
3 0
3 1
3 8
3 9
3 26
3 28
3 35
3 40
3 41
3 58
3 59
3 62
3 65
3 68
3 71
3 77
3 83
3 88
3 98
3 110
3 116
3 117
3 130
3 140
3 146
3 152
3 153
3 158
3 161
3 175
3 179
3 189
3 193
4 2
4 5
4 13
4 37
4 44
4 51
4 64
4 76
4 81
4 99
4 100
4 115
4 122
4 124
4 126
4 128
4 133
4 136
4 139
4 149
4 170
4 177
4 185
4 190
5 20
5 23
5 42
5 61
5 67
5 74
5 78
5 84
5 85
5 93
5 114
5 121
5 123
5 144
5 145
5 157
5 159
5 163
5 174
5 195
5 199
6 7
6 29
6 32
6 36
6 48
6 50
6 69
6 96
6 105
6 108
6 131
6 141
6 143
6 150
6 154
6 182
7 12
7 24
7 25
7 27
7 52
7 97
7 102
7 103
7 112
7 118
7 125
7 137
7 156
7 180
7 188
7 191
7 197
8 11
8 16
8 21
8 22
8 30
8 45
8 47
8 53
8 54
8 70
8 82
8 89
8 90
8 95
8 101
8 106
8 107
8 113
8 119
8 120
8 129
8 151
8 155
8 160
8 168
8 171
8 183
8 196
8 198
9 3
9 14
9 18
9 34
9 38
9 56
9 80
9 94
9 111
9 134
9 169
9 181
9 186
9 194
