0 6
0 12
0 54
0 63
0 66
0 79
0 87
0 125
0 140
0 142
0 145
0 158
0 164
0 174
0 192
0 195
1 0
1 1
1 35
1 45
1 51
1 68
1 80
1 97
1 111
1 121
1 123
1 133
1 166
1 196
2 40
2 50
2 60
2 62
2 92
2 94
2 98
2 104
2 118
2 134
2 137
2 169
2 171
2 176
2 177
2 184
2 186
2 188
3 5
3 7
3 8
3 9
3 14
3 24
3 34
3 52
3 56
3 65
3 132
3 146
3 148
3 172
3 180
4 4
4 49
4 105
4 130
5 10
5 13
5 16
5 18
5 25
5 26
5 46
5 57
5 58
5 70
5 74
5 102
5 126
5 129
5 131
5 194
6 15
6 19
6 20
6 37
6 61
6 72
6 75
6 78
6 84
6 89
6 101
6 108
6 155
6 157
6 165
6 178
6 181
6 182
7 27
7 32
7 41
7 42
7 47
7 64
7 81
7 109
7 122
7 128
7 156
7 159
7 160
7 168
7 170
7 185
8 3
8 55
8 83
8 86
8 95
8 110
8 135
8 150
8 151
9 31
9 33
9 36
9 43
9 48
9 53
9 82
9 93
9 96
9 99
9 103
9 136
9 139
9 163
9 189
9 199
10 38
10 44
10 59
10 71
10 73
10 77
10 91
10 106
10 114
10 115
10 116
10 117
10 143
10 144
10 149
10 152
10 154
10 167
10 179
10 190
10 193
11 2
11 17
11 21
11 22
11 23
11 28
11 29
11 30
11 69
11 88
11 90
11 107
11 112
11 113
11 119
11 120
11 127
11 138
11 147
11 153
11 161
11 162
11 173
11 183
11 187
11 191
11 197
11 198
12 11
12 39
12 67
12 76
12 85
12 100
12 124
12 141
12 175
