0 14
0 18
0 34
0 38
0 56
0 80
0 94
0 134
0 169
0 181
0 186
0 194
1 1
1 8
1 26
1 35
1 41
1 59
1 65
1 68
1 71
1 83
1 88
1 98
1 116
1 146
1 152
1 153
1 158
1 175
1 179
1 193
2 29
2 36
2 48
2 50
2 69
2 87
2 96
2 105
2 108
2 141
2 150
2 154
2 182
3 25
3 97
3 102
3 125
3 137
3 156
3 165
3 188
3 197
4 37
4 51
4 61
4 62
4 67
4 74
4 78
4 84
4 99
4 121
4 133
4 136
4 145
4 157
4 159
4 174
4 189
5 6
5 10
5 43
5 49
5 104
5 127
5 187
6 11
6 15
6 17
6 19
6 39
6 47
6 57
6 60
6 66
6 72
6 75
6 86
6 91
6 101
6 138
6 147
6 166
6 178
7 20
7 23
7 42
7 85
7 93
7 114
7 123
7 144
7 163
7 195
7 199
8 2
8 5
8 13
8 44
8 64
8 76
8 81
8 100
8 115
8 122
8 124
8 126
8 139
8 149
8 170
8 177
8 190
9 63
9 73
9 79
9 92
9 109
9 148
9 176
9 184
10 0
10 9
10 22
10 28
10 30
10 40
10 54
10 77
10 82
10 90
10 110
10 113
10 119
10 120
10 130
10 151
10 161
10 183
10 196
10 198
11 4
11 31
11 33
11 46
11 55
11 117
11 132
11 140
11 142
11 162
11 164
11 167
11 172
11 173
11 192
12 3
12 7
12 32
12 111
12 128
12 131
12 135
12 143
13 16
13 21
13 45
13 53
13 58
13 70
13 89
13 95
13 106
13 107
13 129
13 155
13 160
13 168
13 171
13 185
14 12
14 24
14 27
14 52
14 103
14 112
14 118
14 180
14 191
