0 37
0 51
0 62
0 78
0 84
0 99
0 121
0 133
0 136
0 145
0 149
0 157
0 159
0 189
1 3
1 16
1 19
1 34
1 66
1 95
1 111
1 135
1 162
1 165
1 173
2 0
2 1
2 8
2 9
2 22
2 28
2 30
2 41
2 58
2 70
2 88
2 89
2 90
2 116
2 129
2 130
2 146
2 151
2 155
2 168
2 183
2 196
3 12
3 24
3 27
3 52
3 103
3 112
3 118
3 180
3 191
4 63
4 73
4 87
4 92
4 109
4 148
4 176
5 7
5 29
5 32
5 36
5 48
5 50
5 69
5 96
5 105
5 108
5 131
5 141
5 143
5 150
5 154
5 182
6 17
6 39
6 57
6 72
6 75
6 86
6 91
6 138
6 147
6 166
7 2
7 5
7 13
7 44
7 45
7 64
7 76
7 81
7 100
7 115
7 122
7 124
7 126
7 128
7 139
7 170
7 177
7 185
7 190
8 20
8 23
8 42
8 61
8 67
8 74
8 85
8 93
8 114
8 123
8 144
8 163
8 174
8 195
8 199
9 14
9 18
9 38
9 56
9 80
9 94
9 134
9 169
9 181
9 186
9 194
10 6
10 10
10 31
10 43
10 49
10 104
10 127
10 172
10 187
11 11
11 15
11 21
11 47
11 53
11 54
11 60
11 82
11 101
11 106
11 107
11 113
11 119
11 120
11 160
11 171
11 178
11 198
12 25
12 97
12 102
12 125
12 137
12 156
12 188
12 197
13 79
13 184
14 4
14 33
14 46
14 55
14 117
14 132
14 140
14 142
14 164
14 167
14 192
15 26
15 35
15 40
15 59
15 65
15 68
15 71
15 77
15 83
15 98
15 110
15 152
15 153
15 158
15 161
15 175
15 179
15 193
