0 3
0 41
0 55
0 83
0 110
0 150
0 151
1 12
1 14
1 50
1 52
1 60
1 66
1 87
1 142
1 145
1 146
1 177
1 188
1 192
2 11
2 39
2 67
2 76
2 124
3 31
3 33
3 43
3 48
3 77
3 82
3 99
3 103
3 163
3 189
3 196
4 40
4 62
4 104
4 118
4 134
4 169
4 176
4 184
5 6
5 24
5 63
5 79
5 100
5 125
5 144
5 154
5 158
5 164
5 167
5 174
5 195
6 17
6 28
6 29
6 112
6 113
6 131
6 138
6 187
7 0
7 36
7 51
7 53
7 91
7 93
7 95
7 96
7 97
7 106
7 133
7 135
7 136
7 139
7 199
8 15
8 20
8 75
8 84
8 85
8 108
8 141
8 155
8 157
8 178
8 182
9 27
9 32
9 42
9 47
9 64
9 81
9 109
9 122
9 128
9 132
9 156
9 159
9 160
9 168
9 170
9 185
10 4
10 49
10 105
10 130
11 9
11 10
11 13
11 16
11 18
11 25
11 26
11 46
11 57
11 58
11 70
11 74
11 102
11 126
11 129
11 194
12 2
12 21
12 22
12 23
12 30
12 69
12 88
12 90
12 107
12 119
12 120
12 127
12 147
12 153
12 161
12 162
12 173
12 183
12 191
12 197
12 198
13 5
13 7
13 8
13 34
13 56
13 65
13 92
13 94
13 98
13 137
13 148
13 171
13 172
13 180
13 186
14 37
14 38
14 44
14 54
14 59
14 71
14 73
14 78
14 115
14 116
14 117
14 140
14 143
14 149
14 152
14 165
14 181
14 190
14 193
15 1
15 35
15 45
15 68
15 80
15 86
15 111
15 121
15 123
15 166
16 19
16 61
16 72
16 89
16 101
16 114
16 175
16 179
