0 9
0 26
0 35
0 40
0 59
0 65
0 68
0 71
0 83
0 98
0 110
0 152
0 153
0 158
0 161
0 175
0 179
0 193
1 36
1 48
1 63
1 69
1 87
1 105
1 109
1 148
1 176
2 7
2 29
2 32
2 50
2 96
2 108
2 131
2 141
2 143
2 150
2 154
2 182
3 12
3 24
3 25
3 27
3 52
3 103
3 118
3 180
3 191
4 20
4 23
4 42
4 74
4 85
4 93
4 114
4 123
4 144
4 163
4 195
4 199
5 17
5 39
5 95
5 147
5 173
6 37
6 51
6 61
6 62
6 67
6 78
6 84
6 99
6 121
6 133
6 145
6 157
6 159
6 174
6 189
7 18
7 80
7 94
7 134
7 169
7 194
8 73
8 79
8 92
8 184
9 3
9 14
9 34
9 38
9 56
9 66
9 111
9 112
9 135
9 186
10 15
10 22
10 30
10 47
10 54
10 77
10 82
10 101
10 113
10 119
10 120
10 183
10 196
10 198
11 11
11 16
11 19
11 21
11 45
11 53
11 60
11 106
11 107
11 160
11 171
11 178
11 181
12 4
12 31
12 33
12 46
12 55
12 117
12 132
12 140
12 142
12 162
12 164
12 167
12 192
13 57
13 72
13 75
13 86
13 91
13 138
13 166
14 0
14 1
14 8
14 28
14 41
14 58
14 70
14 88
14 89
14 90
14 116
14 129
14 130
14 146
14 151
14 155
14 168
14 185
15 97
15 102
15 125
15 137
15 156
15 165
15 188
15 197
16 6
16 10
16 43
16 49
16 104
16 127
16 172
16 187
17 2
17 5
17 13
17 44
17 64
17 76
17 81
17 100
17 115
17 122
17 124
17 126
17 128
17 136
17 139
17 149
17 170
17 177
17 190
