0 2
0 21
0 22
0 23
0 30
0 69
0 88
0 107
0 119
0 120
0 127
0 147
0 153
0 161
0 162
0 173
0 183
0 191
0 197
0 198
1 0
1 1
1 35
1 45
1 51
1 68
1 80
1 95
1 97
1 111
1 121
1 123
1 133
1 166
1 196
2 12
2 87
2 92
2 142
2 145
2 186
2 188
2 192
3 11
3 19
3 39
3 67
3 72
3 76
3 89
3 101
3 124
3 175
4 4
4 49
4 105
4 130
5 40
5 62
5 104
5 118
5 134
5 169
5 176
5 184
6 27
6 41
6 42
6 128
6 170
7 5
7 7
7 8
7 34
7 65
7 94
7 98
7 148
7 172
7 180
8 9
8 10
8 13
8 16
8 18
8 25
8 26
8 29
8 46
8 57
8 58
8 70
8 74
8 102
8 126
8 129
8 194
9 15
9 37
9 54
9 61
9 73
9 75
9 78
9 114
9 155
9 165
9 179
9 181
10 31
10 33
10 36
10 43
10 48
10 53
10 82
10 91
10 93
10 96
10 99
10 103
10 106
10 136
10 139
10 163
10 189
10 199
11 3
11 55
11 83
11 86
11 110
11 135
11 150
11 151
12 6
12 79
12 125
12 164
12 174
12 195
13 24
13 63
13 100
13 132
13 144
13 152
13 154
13 158
13 167
14 32
14 47
14 64
14 81
14 90
14 109
14 122
14 156
14 159
14 160
14 168
14 185
15 20
15 84
15 85
15 108
15 141
15 157
15 178
15 182
16 38
16 44
16 59
16 71
16 77
16 115
16 116
16 117
16 140
16 143
16 149
16 190
16 193
17 17
17 28
17 112
17 113
17 131
17 138
17 187
18 14
18 50
18 52
18 56
18 60
18 66
18 137
18 146
18 171
18 177
