0 0
0 1
0 2
0 4
0 8
0 9
0 11
0 15
0 16
0 17
0 19
0 20
0 21
0 22
0 23
0 26
0 28
0 30
0 31
0 33
0 35
0 37
0 39
0 40
0 41
0 45
0 46
0 47
0 51
0 53
0 54
0 55
0 57
0 58
0 59
0 60
0 61
0 62
0 65
0 67
0 68
0 70
0 71
0 72
0 74
0 75
0 77
0 78
0 81
0 82
0 83
0 84
0 85
0 86
0 88
0 89
0 90
0 91
0 93
0 95
0 98
0 100
0 101
0 106
0 107
0 110
0 113
0 114
0 116
0 117
0 119
0 120
0 121
0 123
0 126
0 129
0 130
0 132
0 133
0 138
0 140
0 142
0 144
0 146
0 147
0 149
0 151
0 152
0 153
0 155
0 157
0 158
0 159
0 160
0 161
0 162
0 163
0 164
0 166
0 167
0 168
0 171
0 173
0 174
0 175
0 178
0 179
0 181
0 183
0 185
0 189
0 192
0 193
0 195
0 196
0 198
0 199
1 3
1 5
1 6
1 7
1 10
1 12
1 13
1 14
1 18
1 24
1 25
1 27
1 29
1 32
1 34
1 36
1 38
1 42
1 43
1 44
1 48
1 49
1 50
1 52
1 56
1 63
1 64
1 66
1 69
1 73
1 76
1 79
1 80
1 87
1 92
1 94
1 96
1 97
1 99
1 102
1 103
1 104
1 105
1 108
1 109
1 111
1 112
1 115
1 118
1 122
1 124
1 125
1 127
1 128
1 131
1 134
1 135
1 136
1 137
1 139
1 141
1 143
1 145
1 148
1 150
1 154
1 156
1 165
1 169
1 170
1 172
1 176
1 177
1 180
1 182
1 184
1 186
1 187
1 188
1 190
1 191
1 194
1 197
