0 0
0 1
0 8
0 9
0 11
0 15
0 16
0 17
0 19
0 21
0 22
0 26
0 28
0 30
0 35
0 39
0 40
0 41
0 45
0 46
0 47
0 53
0 54
0 58
0 59
0 62
0 65
0 67
0 68
0 70
0 71
0 77
0 82
0 83
0 84
0 88
0 89
0 90
0 95
0 98
0 101
0 106
0 107
0 110
0 113
0 116
0 117
0 119
0 120
0 129
0 130
0 132
0 140
0 142
0 146
0 147
0 151
0 152
0 153
0 155
0 158
0 160
0 161
0 162
0 164
0 168
0 171
0 173
0 175
0 178
0 179
0 183
0 185
0 189
0 193
0 196
0 198
1 3
1 12
1 14
1 18
1 24
1 25
1 27
1 34
1 38
1 52
1 56
1 57
1 60
1 66
1 72
1 75
1 80
1 86
1 91
1 94
1 97
1 102
1 103
1 111
1 112
1 118
1 125
1 134
1 135
1 137
1 138
1 156
1 165
1 166
1 169
1 180
1 181
1 186
1 188
1 191
1 194
1 197
2 2
2 5
2 7
2 13
2 29
2 32
2 33
2 36
2 37
2 44
2 48
2 50
2 51
2 64
2 69
2 76
2 81
2 87
2 96
2 99
2 100
2 105
2 108
2 115
2 122
2 124
2 126
2 128
2 131
2 133
2 136
2 139
2 141
2 143
2 149
2 150
2 154
2 170
2 177
2 182
2 190
3 4
3 6
3 10
3 20
3 23
3 31
3 42
3 43
3 49
3 55
3 61
3 63
3 73
3 74
3 78
3 79
3 85
3 92
3 93
3 104
3 109
3 114
3 121
3 123
3 127
3 144
3 145
3 148
3 157
3 159
3 163
3 167
3 172
3 174
3 176
3 184
3 187
3 192
3 195
3 199
