0 3
0 24
0 31
0 33
0 36
0 38
0 43
0 44
0 48
0 53
0 55
0 59
0 72
0 73
0 77
0 82
0 83
0 91
0 93
0 95
0 96
0 99
0 103
0 106
0 113
0 114
0 115
0 116
0 117
0 135
0 139
0 143
0 144
0 149
0 150
0 151
0 152
0 154
0 163
0 167
0 179
0 189
0 190
0 193
0 199
1 4
1 6
1 15
1 20
1 37
1 49
1 54
1 61
1 63
1 75
1 78
1 79
1 84
1 85
1 87
1 100
1 101
1 105
1 108
1 125
1 130
1 140
1 141
1 155
1 157
1 158
1 164
1 165
1 174
1 178
1 181
1 182
1 192
1 195
2 2
2 9
2 10
2 12
2 13
2 16
2 17
2 18
2 21
2 22
2 23
2 25
2 26
2 27
2 28
2 29
2 30
2 32
2 41
2 42
2 46
2 47
2 56
2 57
2 58
2 64
2 66
2 69
2 70
2 71
2 74
2 81
2 88
2 90
2 102
2 107
2 109
2 112
2 119
2 120
2 122
2 126
2 127
2 128
2 129
2 131
2 132
2 138
2 142
2 146
2 147
2 153
2 156
2 159
2 160
2 161
2 162
2 168
2 170
2 173
2 183
2 185
2 187
2 191
2 194
2 197
2 198
3 0
3 1
3 11
3 19
3 35
3 39
3 45
3 51
3 67
3 68
3 76
3 80
3 86
3 89
3 97
3 110
3 111
3 121
3 123
3 124
3 133
3 136
3 166
3 175
3 196
4 5
4 7
4 8
4 14
4 34
4 40
4 50
4 52
4 60
4 62
4 65
4 92
4 94
4 98
4 104
4 118
4 134
4 137
4 145
4 148
4 169
4 171
4 172
4 176
4 177
4 180
4 184
4 186
4 188
