0 0
0 1
0 8
0 9
0 22
0 26
0 28
0 30
0 35
0 40
0 41
0 58
0 59
0 65
0 68
0 70
0 71
0 77
0 82
0 83
0 88
0 89
0 90
0 95
0 98
0 110
0 113
0 116
0 119
0 120
0 129
0 130
0 146
0 151
0 152
0 153
0 155
0 158
0 160
0 161
0 168
0 175
0 179
0 183
0 193
0 196
0 198
1 6
1 7
1 10
1 29
1 32
1 36
1 43
1 48
1 50
1 63
1 69
1 73
1 79
1 87
1 92
1 96
1 105
1 108
1 109
1 127
1 128
1 131
1 141
1 143
1 148
1 150
1 154
1 176
1 182
1 184
2 3
2 12
2 14
2 18
2 24
2 25
2 27
2 38
2 52
2 56
2 97
2 102
2 103
2 111
2 112
2 118
2 125
2 137
2 156
2 165
2 180
2 188
2 191
2 197
3 4
3 23
3 31
3 33
3 46
3 49
3 55
3 85
3 104
3 117
3 132
3 135
3 140
3 142
3 162
3 163
3 164
3 167
3 172
3 173
3 187
3 192
3 195
4 2
4 5
4 13
4 20
4 37
4 42
4 44
4 51
4 61
4 62
4 64
4 67
4 74
4 76
4 78
4 81
4 84
4 93
4 99
4 100
4 114
4 115
4 121
4 122
4 123
4 124
4 126
4 133
4 136
4 139
4 144
4 145
4 149
4 157
4 159
4 170
4 174
4 177
4 185
4 189
4 190
4 199
5 11
5 15
5 16
5 17
5 19
5 21
5 34
5 39
5 45
5 47
5 53
5 54
5 57
5 60
5 66
5 72
5 75
5 80
5 86
5 91
5 94
5 101
5 106
5 107
5 134
5 138
5 147
5 166
5 169
5 171
5 178
5 181
5 186
5 194
