0 3
0 41
0 55
0 83
0 86
0 110
0 135
0 150
0 151
1 2
1 17
1 21
1 22
1 23
1 28
1 30
1 32
1 56
1 64
1 69
1 71
1 81
1 88
1 90
1 107
1 109
1 112
1 113
1 119
1 120
1 122
1 127
1 132
1 138
1 146
1 147
1 153
1 156
1 160
1 161
1 162
1 168
1 173
1 183
1 185
1 187
1 191
1 197
1 198
2 4
2 15
2 19
2 20
2 39
2 49
2 67
2 75
2 76
2 84
2 85
2 89
2 100
2 101
2 105
2 108
2 124
2 130
2 141
2 155
2 157
2 175
2 178
2 182
3 31
3 33
3 38
3 43
3 44
3 48
3 59
3 61
3 72
3 73
3 77
3 82
3 91
3 99
3 103
3 106
3 114
3 115
3 116
3 117
3 143
3 149
3 152
3 163
3 179
3 189
3 190
3 193
4 5
4 7
4 8
4 14
4 34
4 40
4 50
4 52
4 60
4 62
4 65
4 92
4 94
4 98
4 104
4 118
4 134
4 137
4 148
4 169
4 171
4 172
4 176
4 177
4 180
4 184
4 186
4 188
5 6
5 12
5 24
5 37
5 54
5 63
5 66
5 78
5 79
5 87
5 125
5 140
5 142
5 144
5 145
5 154
5 158
5 164
5 165
5 167
5 174
5 181
5 192
5 195
6 9
6 10
6 13
6 16
6 18
6 25
6 26
6 27
6 29
6 42
6 46
6 47
6 57
6 58
6 70
6 74
6 102
6 126
6 128
6 129
6 131
6 159
6 170
6 194
7 0
7 1
7 11
7 35
7 36
7 45
7 51
7 53
7 68
7 80
7 93
7 95
7 96
7 97
7 111
7 121
7 123
7 133
7 136
7 139
7 166
7 196
7 199
