0 5
0 6
0 13
0 24
0 29
0 36
0 67
0 87
0 91
0 117
0 122
0 129
0 135
0 142
0 167
0 172
0 179
0 189
0 194
0 208
0 218
0 221
0 246
0 249
0 251
0 295
0 303
0 306
0 340
0 350
0 352
0 358
0 361
0 364
0 374
0 390
0 399
1 9
1 48
1 88
1 90
1 120
1 136
1 174
1 175
1 176
1 186
1 200
1 202
1 238
1 241
1 268
1 269
1 273
1 329
1 335
1 341
1 388
2 7
2 21
2 33
2 34
2 35
2 46
2 58
2 60
2 61
2 66
2 69
2 102
2 107
2 110
2 131
2 138
2 157
2 171
2 182
2 185
2 204
2 213
2 214
2 219
2 220
2 223
2 228
2 235
2 243
2 256
2 276
2 279
2 285
2 287
2 290
2 300
2 311
2 331
2 332
2 337
2 343
2 349
2 354
2 365
2 370
2 373
2 398
3 1
3 8
3 11
3 12
3 14
3 17
3 30
3 31
3 38
3 40
3 43
3 80
3 97
3 98
3 99
3 106
3 114
3 123
3 124
3 130
3 158
3 170
3 188
3 222
3 224
3 229
3 231
3 236
3 245
3 264
3 266
3 270
3 281
3 283
3 288
3 293
3 296
3 304
3 307
3 312
3 326
3 328
3 339
3 353
3 379
3 389
3 391
3 392
3 394
4 3
4 28
4 59
4 81
4 100
4 121
4 134
4 148
4 153
4 166
4 177
4 178
4 184
4 206
4 252
4 258
4 260
4 294
4 297
4 308
4 314
4 319
4 325
4 334
4 384
4 393
5 18
5 19
5 37
5 68
5 76
5 85
5 86
5 101
5 128
5 159
5 168
5 183
5 211
5 215
5 237
5 247
5 255
5 257
5 265
5 275
5 282
5 289
5 291
5 298
5 309
5 362
5 366
5 375
5 380
5 385
5 386
5 396
6 10
6 15
6 16
6 22
6 32
6 42
6 49
6 56
6 72
6 84
6 89
6 92
6 113
6 118
6 119
6 126
6 140
6 144
6 151
6 161
6 163
6 164
6 191
6 197
6 199
6 207
6 210
6 216
6 225
6 227
6 230
6 261
6 267
6 272
6 274
6 277
6 280
6 299
6 322
6 355
6 356
6 360
6 376
6 382
7 0
7 2
7 25
7 26
7 51
7 54
7 57
7 62
7 65
7 71
7 82
7 83
7 94
7 104
7 109
7 143
7 145
7 146
7 152
7 180
7 201
7 212
7 234
7 239
7 240
7 242
7 253
7 254
7 278
7 286
7 313
7 336
7 342
7 347
7 357
7 371
7 397
8 20
8 23
8 27
8 45
8 47
8 52
8 53
8 75
8 77
8 79
8 111
8 127
8 137
8 147
8 162
8 169
8 187
8 192
8 226
8 244
8 259
8 262
8 292
8 302
8 310
8 333
8 338
8 346
8 348
8 363
8 367
8 377
8 378
9 4
9 39
9 44
9 50
9 55
9 74
9 78
9 93
9 95
9 96
9 108
9 112
9 115
9 116
9 132
9 133
9 141
9 149
9 154
9 155
9 160
9 181
9 190
9 193
9 195
9 196
9 198
9 205
9 209
9 217
9 232
9 250
9 263
9 284
9 305
9 317
9 318
9 321
9 330
9 344
9 345
9 351
9 359
9 368
9 372
9 381
9 383
9 387
10 41
10 63
10 64
10 70
10 73
10 103
10 105
10 125
10 139
10 150
10 156
10 165
10 173
10 203
10 233
10 248
10 271
10 301
10 315
10 316
10 320
10 323
10 324
10 327
10 369
10 395
