0 5
0 24
0 29
0 36
0 67
0 87
0 91
0 117
0 129
0 135
0 142
0 167
0 172
0 179
0 189
0 194
0 218
0 221
0 246
0 249
0 251
0 295
0 303
0 306
0 340
0 350
0 352
0 361
0 364
0 374
0 390
0 399
1 0
1 2
1 25
1 26
1 51
1 54
1 57
1 65
1 71
1 77
1 82
1 83
1 94
1 104
1 109
1 143
1 145
1 146
1 152
1 180
1 212
1 234
1 239
1 240
1 242
1 253
1 254
1 278
1 286
1 313
1 333
1 336
1 342
1 347
1 357
1 367
1 371
1 397
2 4
2 10
2 39
2 44
2 55
2 78
2 84
2 92
2 93
2 95
2 96
2 108
2 133
2 141
2 149
2 154
2 155
2 160
2 164
2 181
2 190
2 193
2 195
2 196
2 198
2 205
2 209
2 210
2 232
2 250
2 284
2 305
2 308
2 318
2 330
2 345
2 351
2 356
2 368
2 372
2 382
2 383
2 387
3 12
3 14
3 17
3 31
3 43
3 50
3 74
3 80
3 97
3 98
3 99
3 114
3 115
3 116
3 123
3 124
3 130
3 132
3 158
3 170
3 201
3 222
3 229
3 231
3 236
3 263
3 266
3 270
3 281
3 283
3 288
3 293
3 304
3 307
3 317
3 321
3 326
3 328
3 339
3 353
3 359
3 379
3 381
3 389
3 391
4 18
4 19
4 37
4 68
4 76
4 85
4 86
4 101
4 127
4 128
4 159
4 168
4 176
4 183
4 211
4 215
4 237
4 247
4 255
4 257
4 265
4 275
4 282
4 289
4 291
4 298
4 309
4 362
4 366
4 375
4 380
4 385
4 386
5 6
5 13
5 15
5 16
5 22
5 32
5 42
5 49
5 56
5 72
5 89
5 113
5 118
5 119
5 126
5 140
5 144
5 151
5 161
5 163
5 191
5 197
5 199
5 207
5 216
5 225
5 227
5 230
5 261
5 267
5 272
5 274
5 277
5 280
5 299
5 322
5 355
5 360
5 376
6 20
6 23
6 27
6 45
6 47
6 52
6 53
6 75
6 79
6 111
6 122
6 137
6 147
6 162
6 169
6 187
6 192
6 208
6 226
6 235
6 244
6 259
6 262
6 292
6 302
6 310
6 338
6 346
6 348
6 358
6 363
6 377
6 378
6 396
7 9
7 48
7 62
7 88
7 90
7 120
7 136
7 174
7 175
7 186
7 200
7 202
7 238
7 241
7 268
7 269
7 273
7 329
7 335
7 341
7 388
7 394
8 41
8 63
8 64
8 70
8 103
8 105
8 125
8 150
8 156
8 165
8 173
8 203
8 233
8 248
8 271
8 301
8 315
8 316
8 320
8 323
8 324
8 327
8 369
8 395
9 1
9 8
9 11
9 30
9 38
9 40
9 73
9 106
9 139
9 188
9 224
9 245
9 264
9 296
9 312
9 392
10 3
10 28
10 59
10 81
10 100
10 121
10 134
10 148
10 153
10 166
10 177
10 178
10 184
10 206
10 252
10 258
10 260
10 294
10 297
10 314
10 319
10 325
10 334
10 384
10 393
11 7
11 21
11 33
11 34
11 35
11 46
11 58
11 60
11 61
11 66
11 69
11 102
11 107
11 110
11 112
11 131
11 138
11 157
11 171
11 182
11 185
11 204
11 213
11 214
11 217
11 219
11 220
11 223
11 228
11 243
11 256
11 276
11 279
11 285
11 287
11 290
11 300
11 311
11 331
11 332
11 337
11 343
11 344
11 349
11 354
11 365
11 370
11 373
11 398
