0 9
0 48
0 62
0 88
0 90
0 110
0 120
0 136
0 175
0 185
0 186
0 200
0 202
0 220
0 238
0 241
0 268
0 269
0 273
0 276
0 279
0 328
0 329
0 335
0 341
0 388
0 394
1 1
1 8
1 11
1 30
1 38
1 40
1 73
1 106
1 139
1 188
1 224
1 245
1 264
1 296
1 312
1 392
2 6
2 13
2 33
2 53
2 56
2 58
2 60
2 66
2 107
2 111
2 112
2 131
2 143
2 145
2 147
2 151
2 152
2 172
2 189
2 213
2 214
2 234
2 235
2 256
2 285
2 287
2 290
2 300
2 332
2 337
2 344
2 349
2 352
2 354
2 370
2 390
2 398
3 0
3 2
3 25
3 26
3 51
3 54
3 57
3 59
3 65
3 77
3 82
3 83
3 94
3 100
3 104
3 109
3 134
3 146
3 148
3 177
3 180
3 212
3 239
3 242
3 253
3 254
3 260
3 278
3 286
3 313
3 333
3 336
3 342
3 347
3 357
3 367
3 371
3 393
3 397
4 4
4 39
4 44
4 50
4 71
4 74
4 78
4 93
4 95
4 108
4 115
4 133
4 141
4 149
4 154
4 155
4 157
4 160
4 181
4 190
4 193
4 195
4 196
4 198
4 205
4 209
4 217
4 232
4 250
4 284
4 305
4 317
4 318
4 321
4 330
4 345
4 351
4 359
4 368
4 372
4 381
4 383
4 387
5 7
5 21
5 34
5 35
5 46
5 61
5 68
5 69
5 85
5 86
5 101
5 102
5 138
5 159
5 171
5 173
5 176
5 182
5 204
5 219
5 223
5 228
5 243
5 301
5 311
5 331
5 343
5 365
5 373
6 10
6 15
6 16
6 22
6 32
6 42
6 49
6 72
6 84
6 89
6 92
6 113
6 118
6 119
6 126
6 140
6 144
6 161
6 163
6 164
6 191
6 197
6 199
6 207
6 210
6 216
6 225
6 227
6 230
6 261
6 267
6 272
6 274
6 277
6 280
6 299
6 322
6 355
6 360
6 376
7 41
7 63
7 64
7 70
7 103
7 105
7 125
7 150
7 156
7 165
7 174
7 203
7 233
7 248
7 271
7 315
7 316
7 320
7 323
7 324
7 327
7 369
7 395
8 5
8 24
8 29
8 36
8 67
8 87
8 91
8 117
8 129
8 135
8 142
8 167
8 179
8 194
8 218
8 221
8 246
8 249
8 251
8 295
8 303
8 306
8 340
8 350
8 361
8 364
8 374
8 399
9 12
9 14
9 17
9 31
9 43
9 80
9 97
9 98
9 99
9 114
9 116
9 123
9 124
9 130
9 132
9 158
9 170
9 201
9 222
9 229
9 231
9 236
9 240
9 263
9 266
9 270
9 281
9 283
9 288
9 293
9 304
9 307
9 326
9 339
9 353
9 379
9 389
9 391
10 20
10 23
10 27
10 45
10 47
10 52
10 75
10 79
10 122
10 127
10 137
10 162
10 169
10 187
10 192
10 208
10 226
10 244
10 259
10 262
10 292
10 302
10 310
10 338
10 346
10 348
10 358
10 363
10 377
10 378
10 396
11 3
11 28
11 55
11 81
11 96
11 121
11 153
11 166
11 178
11 184
11 206
11 252
11 258
11 294
11 297
11 308
11 314
11 319
11 325
11 334
11 356
11 382
11 384
12 18
12 19
12 37
12 76
12 128
12 168
12 183
12 211
12 215
12 237
12 247
12 255
12 257
12 265
12 275
12 282
12 289
12 291
12 298
12 309
12 362
12 366
12 375
12 380
12 385
12 386
