0 0
0 2
0 25
0 26
0 51
0 54
0 57
0 59
0 65
0 77
0 82
0 83
0 94
0 100
0 104
0 134
0 146
0 177
0 180
0 212
0 239
0 242
0 253
0 254
0 260
0 278
0 286
0 313
0 333
0 342
0 347
0 357
0 367
0 371
0 393
0 397
1 21
1 33
1 34
1 35
1 58
1 60
1 62
1 66
1 102
1 107
1 110
1 112
1 131
1 143
1 152
1 157
1 175
1 204
1 213
1 214
1 219
1 220
1 228
1 235
1 256
1 276
1 279
1 285
1 287
1 290
1 300
1 311
1 337
1 344
1 349
1 354
1 370
1 373
1 398
2 1
2 8
2 11
2 14
2 30
2 31
2 38
2 40
2 139
2 224
2 264
2 293
2 296
2 312
2 379
2 392
3 10
3 15
3 22
3 32
3 42
3 49
3 72
3 84
3 89
3 92
3 118
3 140
3 144
3 151
3 164
3 210
3 216
3 225
3 227
3 230
3 277
3 280
3 299
3 322
3 355
3 376
4 7
4 18
4 19
4 46
4 61
4 68
4 69
4 85
4 86
4 101
4 128
4 138
4 159
4 168
4 171
4 176
4 182
4 211
4 215
4 223
4 243
4 247
4 257
4 265
4 298
4 331
4 343
4 365
4 366
5 37
5 76
5 127
5 183
5 237
5 255
5 275
5 282
5 289
5 291
5 309
5 362
5 375
5 380
5 385
5 386
6 12
6 17
6 43
6 50
6 71
6 74
6 80
6 97
6 98
6 99
6 106
6 114
6 115
6 116
6 123
6 124
6 130
6 132
6 148
6 158
6 170
6 181
6 188
6 201
6 222
6 229
6 231
6 236
6 240
6 263
6 266
6 270
6 281
6 283
6 288
6 304
6 307
6 317
6 321
6 326
6 328
6 339
6 353
6 381
6 389
6 391
7 63
7 64
7 73
7 103
7 105
7 125
7 150
7 156
7 174
7 185
7 245
7 316
7 320
7 323
7 327
7 394
7 395
8 9
8 48
8 88
8 90
8 120
8 136
8 186
8 200
8 202
8 238
8 241
8 268
8 269
8 273
8 329
8 335
8 341
8 388
9 5
9 6
9 13
9 24
9 29
9 36
9 67
9 87
9 91
9 117
9 122
9 129
9 135
9 142
9 167
9 172
9 179
9 189
9 194
9 218
9 221
9 246
9 249
9 251
9 295
9 303
9 306
9 340
9 350
9 352
9 358
9 361
9 364
9 374
9 390
9 399
10 3
10 28
10 55
10 81
10 96
10 121
10 153
10 166
10 178
10 184
10 206
10 252
10 258
10 294
10 297
10 308
10 314
10 319
10 325
10 334
10 356
10 382
10 384
11 20
11 23
11 27
11 45
11 47
11 52
11 53
11 75
11 79
11 109
11 111
11 137
11 145
11 147
11 162
11 169
11 187
11 192
11 208
11 226
11 234
11 244
11 259
11 262
11 292
11 302
11 310
11 336
11 338
11 346
11 348
11 363
11 377
11 378
11 396
12 16
12 56
12 113
12 119
12 126
12 161
12 163
12 191
12 197
12 199
12 207
12 261
12 267
12 272
12 274
12 360
13 41
13 70
13 165
13 173
13 203
13 233
13 248
13 271
13 301
13 315
13 324
13 369
14 4
14 39
14 44
14 78
14 93
14 95
14 108
14 133
14 141
14 149
14 154
14 155
14 160
14 190
14 193
14 195
14 196
14 198
14 205
14 209
14 217
14 232
14 250
14 284
14 305
14 318
14 330
14 332
14 345
14 351
14 359
14 368
14 372
14 383
14 387
