0 0
0 2
0 25
0 26
0 51
0 54
0 57
0 59
0 65
0 77
0 82
0 83
0 94
0 100
0 104
0 109
0 134
0 146
0 177
0 180
0 212
0 239
0 242
0 253
0 254
0 260
0 278
0 286
0 313
0 333
0 342
0 347
0 357
0 367
0 371
0 393
0 397
1 1
1 8
1 11
1 12
1 17
1 30
1 38
1 40
1 99
1 106
1 108
1 114
1 124
1 130
1 185
1 188
1 222
1 224
1 229
1 245
1 264
1 266
1 293
1 296
1 304
1 312
1 326
1 339
1 359
1 392
1 394
2 20
2 33
2 35
2 58
2 60
2 62
2 66
2 107
2 111
2 112
2 131
2 143
2 145
2 152
2 213
2 214
2 220
2 234
2 235
2 276
2 285
2 287
2 290
2 300
2 337
2 344
2 349
2 354
2 370
2 398
3 5
3 24
3 29
3 36
3 87
3 117
3 129
3 167
3 189
3 194
3 218
3 246
3 249
3 251
3 295
3 303
3 306
3 340
3 350
3 361
3 364
3 374
3 399
4 6
4 13
4 53
4 56
4 67
4 91
4 126
4 135
4 142
4 147
4 151
4 172
4 179
4 191
4 207
4 221
4 256
4 352
4 358
4 390
5 7
5 21
5 34
5 46
5 61
5 68
5 69
5 85
5 86
5 101
5 102
5 110
5 138
5 159
5 171
5 173
5 182
5 204
5 219
5 223
5 228
5 233
5 243
5 279
5 301
5 311
5 331
5 343
5 365
5 373
6 4
6 39
6 44
6 78
6 93
6 95
6 133
6 141
6 149
6 154
6 155
6 157
6 160
6 190
6 193
6 195
6 196
6 198
6 205
6 209
6 217
6 232
6 250
6 284
6 305
6 318
6 330
6 332
6 345
6 351
6 368
6 372
6 383
6 387
7 3
7 28
7 55
7 81
7 96
7 121
7 153
7 178
7 184
7 206
7 252
7 294
7 297
7 308
7 314
7 319
7 325
7 334
7 356
7 382
7 384
8 23
8 27
8 45
8 47
8 52
8 75
8 79
8 122
8 137
8 162
8 169
8 187
8 192
8 208
8 226
8 244
8 259
8 262
8 292
8 302
8 310
8 336
8 338
8 346
8 348
8 363
8 377
8 378
8 396
9 9
9 48
9 88
9 90
9 120
9 136
9 174
9 175
9 176
9 186
9 200
9 202
9 238
9 241
9 268
9 269
9 273
9 329
9 335
9 341
9 388
10 18
10 19
10 37
10 76
10 127
10 128
10 168
10 183
10 211
10 215
10 237
10 247
10 255
10 257
10 265
10 275
10 282
10 289
10 291
10 298
10 309
10 362
10 366
10 375
10 380
10 385
10 386
11 14
11 31
11 43
11 80
11 98
11 123
11 170
11 231
11 236
11 240
11 270
11 281
11 283
11 288
11 307
11 328
11 353
11 379
11 389
11 391
12 41
12 63
12 64
12 70
12 73
12 103
12 105
12 125
12 139
12 150
12 156
12 165
12 203
12 248
12 271
12 315
12 316
12 320
12 323
12 324
12 327
12 369
12 395
13 50
13 71
13 74
13 97
13 115
13 116
13 132
13 148
13 158
13 181
13 201
13 263
13 317
13 321
13 381
14 16
14 113
14 119
14 163
14 166
14 197
14 199
14 258
14 261
14 267
14 272
15 10
15 15
15 22
15 32
15 42
15 49
15 72
15 84
15 89
15 92
15 118
15 140
15 144
15 161
15 164
15 210
15 216
15 225
15 227
15 230
15 274
15 277
15 280
15 299
15 322
15 355
15 360
15 376
