0 7
0 34
0 46
0 61
0 68
0 69
0 85
0 86
0 101
0 159
0 171
0 173
0 176
0 182
0 204
0 211
0 223
0 228
0 243
0 301
0 343
0 365
1 4
1 10
1 22
1 39
1 44
1 72
1 78
1 84
1 92
1 95
1 118
1 155
1 160
1 164
1 195
1 196
1 205
1 210
1 216
1 225
1 232
1 277
1 284
1 299
1 305
1 330
1 332
1 345
1 355
1 356
1 382
1 383
1 387
2 3
2 28
2 55
2 81
2 96
2 121
2 134
2 148
2 153
2 166
2 178
2 184
2 206
2 252
2 286
2 294
2 297
2 308
2 314
2 319
2 325
2 334
2 384
3 20
3 23
3 27
3 45
3 47
3 52
3 75
3 79
3 127
3 137
3 162
3 169
3 187
3 192
3 208
3 226
3 244
3 259
3 262
3 292
3 302
3 310
3 338
3 346
3 348
3 363
3 377
3 378
3 396
4 1
4 8
4 11
4 30
4 38
4 40
4 73
4 139
4 224
4 264
4 296
4 312
4 392
5 5
5 24
5 29
5 36
5 67
5 87
5 91
5 117
5 122
5 129
5 135
5 142
5 167
5 172
5 179
5 189
5 194
5 218
5 221
5 246
5 249
5 251
5 295
5 303
5 306
5 340
5 350
5 352
5 358
5 361
5 364
5 374
5 399
6 99
6 105
6 110
6 114
6 124
6 157
6 175
6 185
6 202
6 220
6 222
6 245
6 279
6 304
6 326
6 328
6 335
6 339
6 388
6 391
6 394
6 395
7 50
7 74
7 93
7 106
7 108
7 115
7 116
7 132
7 133
7 141
7 149
7 154
7 181
7 188
7 190
7 193
7 198
7 209
7 217
7 229
7 250
7 263
7 266
7 317
7 318
7 321
7 351
7 359
7 368
7 372
7 381
8 2
8 25
8 26
8 57
8 62
8 65
8 71
8 82
8 94
8 104
8 109
8 112
8 143
8 145
8 146
8 152
8 180
8 201
8 212
8 234
8 240
8 242
8 254
8 313
8 336
8 342
8 344
8 397
9 41
9 63
9 64
9 70
9 103
9 125
9 150
9 156
9 165
9 203
9 233
9 248
9 271
9 315
9 316
9 320
9 323
9 324
9 327
9 369
10 9
10 48
10 88
10 90
10 120
10 136
10 174
10 186
10 200
10 238
10 241
10 268
10 269
10 273
10 329
10 341
11 18
11 19
11 37
11 76
11 128
11 168
11 183
11 215
11 237
11 247
11 255
11 257
11 265
11 275
11 282
11 289
11 291
11 298
11 309
11 362
11 366
11 375
11 380
11 385
11 386
12 6
12 13
12 53
12 56
12 126
12 147
12 151
12 191
12 207
12 267
12 360
12 390
13 0
13 51
13 54
13 59
13 77
13 83
13 100
13 177
13 239
13 253
13 260
13 278
13 333
13 347
13 357
13 367
13 371
13 393
14 21
14 33
14 35
14 58
14 60
14 66
14 102
14 107
14 111
14 131
14 138
14 213
14 214
14 219
14 235
14 256
14 276
14 285
14 287
14 290
14 300
14 311
14 331
14 337
14 349
14 354
14 370
14 373
14 398
15 15
15 16
15 32
15 42
15 49
15 89
15 113
15 119
15 140
15 144
15 161
15 163
15 197
15 199
15 227
15 230
15 258
15 261
15 272
15 274
15 280
15 322
15 376
16 12
16 14
16 17
16 31
16 43
16 80
16 97
16 98
16 123
16 130
16 158
16 170
16 231
16 236
16 270
16 281
16 283
16 288
16 293
16 307
16 353
16 379
16 389
