0 5
0 6
0 7
0 13
0 18
0 19
0 20
0 23
0 24
0 27
0 29
0 33
0 35
0 36
0 37
0 45
0 46
0 47
0 52
0 61
0 66
0 67
0 68
0 75
0 76
0 79
0 82
0 85
0 86
0 87
0 91
0 101
0 107
0 117
0 122
0 127
0 128
0 129
0 135
0 137
0 138
0 142
0 147
0 159
0 162
0 167
0 168
0 169
0 171
0 172
0 173
0 176
0 179
0 183
0 187
0 189
0 192
0 194
0 208
0 211
0 215
0 218
0 221
0 223
0 226
0 235
0 237
0 244
0 246
0 247
0 249
0 251
0 253
0 255
0 256
0 257
0 259
0 262
0 265
0 275
0 282
0 285
0 287
0 289
0 291
0 292
0 295
0 298
0 302
0 303
0 306
0 309
0 310
0 331
0 333
0 336
0 337
0 338
0 340
0 343
0 346
0 348
0 350
0 352
0 358
0 361
0 362
0 363
0 364
0 366
0 367
0 370
0 374
0 375
0 377
0 378
0 380
0 385
0 386
0 390
0 396
0 399
1 1
1 8
1 9
1 11
1 12
1 14
1 17
1 21
1 30
1 31
1 34
1 38
1 40
1 41
1 43
1 44
1 48
1 50
1 62
1 63
1 64
1 69
1 70
1 73
1 74
1 80
1 88
1 90
1 93
1 97
1 98
1 99
1 102
1 103
1 105
1 106
1 108
1 110
1 114
1 115
1 116
1 120
1 123
1 124
1 125
1 130
1 132
1 133
1 136
1 139
1 141
1 149
1 150
1 154
1 155
1 156
1 157
1 158
1 165
1 170
1 174
1 175
1 181
1 182
1 185
1 186
1 188
1 190
1 193
1 198
1 200
1 201
1 202
1 203
1 204
1 209
1 213
1 217
1 219
1 220
1 222
1 224
1 228
1 229
1 231
1 233
1 236
1 238
1 240
1 241
1 243
1 245
1 248
1 250
1 263
1 264
1 266
1 268
1 269
1 270
1 271
1 273
1 276
1 279
1 281
1 283
1 284
1 288
1 293
1 296
1 301
1 304
1 307
1 311
1 312
1 315
1 316
1 317
1 320
1 321
1 323
1 324
1 326
1 327
1 328
1 329
1 335
1 339
1 341
1 342
1 349
1 351
1 353
1 354
1 359
1 365
1 368
1 369
1 372
1 373
1 379
1 381
1 383
1 388
1 389
1 391
1 392
1 394
1 395
1 398
2 0
2 2
2 3
2 4
2 10
2 15
2 16
2 22
2 25
2 26
2 28
2 32
2 39
2 42
2 49
2 51
2 53
2 54
2 55
2 56
2 57
2 58
2 59
2 60
2 65
2 71
2 72
2 77
2 78
2 81
2 83
2 84
2 89
2 92
2 94
2 95
2 96
2 100
2 104
2 109
2 111
2 112
2 113
2 118
2 119
2 121
2 126
2 131
2 134
2 140
2 143
2 144
2 145
2 146
2 148
2 151
2 152
2 153
2 160
2 161
2 163
2 164
2 166
2 177
2 178
2 180
2 184
2 191
2 195
2 196
2 197
2 199
2 205
2 206
2 207
2 210
2 212
2 214
2 216
2 225
2 227
2 230
2 232
2 234
2 239
2 242
2 252
2 254
2 258
2 260
2 261
2 267
2 272
2 274
2 277
2 278
2 280
2 286
2 290
2 294
2 297
2 299
2 300
2 305
2 308
2 313
2 314
2 318
2 319
2 322
2 325
2 330
2 332
2 334
2 344
2 345
2 347
2 355
2 356
2 357
2 360
2 371
2 376
2 382
2 384
2 387
2 393
2 397
