0 1
0 8
0 11
0 12
0 14
0 17
0 30
0 31
0 38
0 40
0 43
0 50
0 73
0 74
0 80
0 93
0 97
0 98
0 99
0 106
0 108
0 114
0 115
0 116
0 123
0 124
0 130
0 132
0 133
0 139
0 148
0 149
0 154
0 158
0 170
0 181
0 188
0 193
0 198
0 201
0 217
0 222
0 224
0 229
0 231
0 236
0 245
0 250
0 263
0 264
0 266
0 270
0 281
0 283
0 288
0 293
0 296
0 304
0 307
0 312
0 317
0 321
0 323
0 326
0 328
0 335
0 339
0 351
0 353
0 359
0 372
0 379
0 381
0 389
0 391
0 392
0 394
1 0
1 2
1 23
1 25
1 26
1 27
1 28
1 51
1 52
1 54
1 55
1 57
1 58
1 59
1 60
1 62
1 65
1 71
1 75
1 77
1 79
1 82
1 83
1 94
1 100
1 104
1 109
1 111
1 112
1 121
1 127
1 131
1 134
1 137
1 143
1 145
1 146
1 152
1 162
1 169
1 177
1 178
1 180
1 187
1 192
1 206
1 212
1 214
1 234
1 239
1 240
1 242
1 244
1 253
1 254
1 259
1 260
1 262
1 273
1 278
1 286
1 287
1 290
1 292
1 294
1 300
1 302
1 310
1 313
1 314
1 325
1 333
1 336
1 338
1 342
1 344
1 346
1 347
1 348
1 354
1 357
1 363
1 367
1 371
1 377
1 378
1 393
1 397
2 3
2 4
2 10
2 15
2 16
2 22
2 32
2 39
2 42
2 44
2 49
2 53
2 56
2 72
2 78
2 81
2 84
2 89
2 92
2 95
2 96
2 113
2 118
2 119
2 126
2 140
2 141
2 144
2 147
2 151
2 153
2 155
2 160
2 161
2 163
2 164
2 166
2 184
2 190
2 191
2 195
2 196
2 197
2 199
2 205
2 207
2 209
2 210
2 216
2 225
2 227
2 230
2 232
2 235
2 252
2 258
2 261
2 267
2 272
2 274
2 277
2 280
2 284
2 297
2 299
2 305
2 308
2 318
2 319
2 322
2 330
2 332
2 334
2 337
2 345
2 355
2 356
2 360
2 368
2 376
2 382
2 383
2 384
2 387
3 7
3 9
3 18
3 19
3 20
3 21
3 33
3 34
3 35
3 37
3 41
3 46
3 48
3 61
3 63
3 64
3 66
3 68
3 69
3 70
3 76
3 85
3 86
3 88
3 90
3 101
3 102
3 103
3 105
3 110
3 120
3 125
3 128
3 136
3 138
3 150
3 156
3 157
3 159
3 165
3 168
3 171
3 173
3 174
3 175
3 176
3 182
3 185
3 186
3 200
3 202
3 203
3 204
3 211
3 213
3 215
3 219
3 220
3 223
3 228
3 233
3 237
3 238
3 241
3 243
3 247
3 248
3 255
3 257
3 265
3 268
3 269
3 271
3 275
3 276
3 279
3 285
3 289
3 291
3 298
3 301
3 311
3 315
3 316
3 320
3 324
3 327
3 329
3 331
3 341
3 343
3 349
3 362
3 365
3 366
3 369
3 370
3 373
3 386
3 388
3 395
3 398
4 5
4 6
4 13
4 24
4 29
4 36
4 45
4 47
4 67
4 87
4 91
4 107
4 117
4 122
4 129
4 135
4 142
4 167
4 172
4 179
4 183
4 189
4 194
4 208
4 218
4 221
4 226
4 246
4 249
4 251
4 256
4 282
4 295
4 303
4 306
4 309
4 340
4 350
4 352
4 358
4 361
4 364
4 374
4 375
4 380
4 385
4 390
4 396
4 399
