0 7
0 9
0 18
0 19
0 35
0 41
0 46
0 48
0 61
0 62
0 63
0 64
0 68
0 70
0 85
0 86
0 88
0 90
0 101
0 103
0 105
0 110
0 120
0 125
0 128
0 136
0 150
0 156
0 159
0 165
0 168
0 171
0 173
0 174
0 175
0 176
0 182
0 185
0 186
0 200
0 202
0 203
0 204
0 211
0 215
0 223
0 228
0 233
0 238
0 241
0 243
0 248
0 265
0 268
0 269
0 271
0 273
0 276
0 279
0 301
0 315
0 316
0 320
0 324
0 327
0 329
0 341
0 343
0 365
0 369
0 373
0 388
0 395
1 1
1 8
1 11
1 12
1 14
1 17
1 30
1 31
1 38
1 40
1 43
1 73
1 80
1 97
1 98
1 99
1 106
1 114
1 116
1 123
1 124
1 130
1 132
1 139
1 158
1 170
1 188
1 201
1 222
1 224
1 229
1 231
1 236
1 240
1 245
1 263
1 264
1 266
1 270
1 281
1 283
1 288
1 293
1 296
1 304
1 307
1 312
1 321
1 323
1 326
1 328
1 335
1 339
1 353
1 379
1 389
1 391
1 392
1 394
2 0
2 2
2 3
2 25
2 26
2 28
2 51
2 54
2 57
2 59
2 65
2 77
2 81
2 82
2 83
2 94
2 100
2 104
2 109
2 121
2 134
2 143
2 145
2 146
2 148
2 162
2 177
2 178
2 180
2 206
2 212
2 234
2 239
2 242
2 252
2 253
2 254
2 260
2 278
2 286
2 292
2 294
2 297
2 313
2 314
2 319
2 325
2 333
2 336
2 342
2 347
2 357
2 367
2 371
2 393
2 397
3 4
3 21
3 33
3 34
3 39
3 44
3 50
3 55
3 58
3 60
3 66
3 69
3 71
3 74
3 78
3 93
3 95
3 96
3 102
3 108
3 111
3 112
3 115
3 131
3 133
3 138
3 141
3 149
3 152
3 154
3 155
3 157
3 160
3 181
3 190
3 193
3 195
3 196
3 198
3 205
3 209
3 213
3 214
3 217
3 219
3 220
3 232
3 250
3 284
3 285
3 287
3 290
3 300
3 305
3 311
3 317
3 318
3 330
3 331
3 332
3 337
3 344
3 345
3 349
3 351
3 354
3 359
3 368
3 370
3 372
3 381
3 383
3 387
3 398
4 6
4 10
4 15
4 16
4 22
4 32
4 42
4 49
4 53
4 56
4 72
4 84
4 89
4 92
4 113
4 118
4 119
4 126
4 140
4 144
4 151
4 153
4 161
4 163
4 164
4 166
4 184
4 191
4 197
4 199
4 207
4 210
4 216
4 225
4 227
4 230
4 258
4 261
4 267
4 272
4 274
4 277
4 280
4 299
4 308
4 322
4 334
4 355
4 356
4 360
4 376
4 382
4 384
5 5
5 13
5 20
5 23
5 24
5 27
5 29
5 36
5 37
5 45
5 47
5 52
5 67
5 75
5 76
5 79
5 87
5 91
5 107
5 117
5 122
5 127
5 129
5 135
5 137
5 142
5 147
5 167
5 169
5 172
5 179
5 183
5 187
5 189
5 192
5 194
5 208
5 218
5 221
5 226
5 235
5 237
5 244
5 246
5 247
5 249
5 251
5 255
5 256
5 257
5 259
5 262
5 275
5 282
5 289
5 291
5 295
5 298
5 302
5 303
5 306
5 309
5 310
5 338
5 340
5 346
5 348
5 350
5 352
5 358
5 361
5 362
5 363
5 364
5 366
5 374
5 375
5 377
5 378
5 380
5 385
5 386
5 390
5 396
5 399
