0 0
0 2
0 3
0 25
0 26
0 28
0 51
0 54
0 55
0 57
0 59
0 65
0 77
0 81
0 82
0 83
0 94
0 100
0 104
0 109
0 121
0 134
0 143
0 145
0 146
0 148
0 152
0 177
0 178
0 180
0 206
0 212
0 234
0 239
0 242
0 252
0 253
0 254
0 260
0 278
0 286
0 294
0 297
0 313
0 314
0 319
0 325
0 333
0 342
0 347
0 357
0 367
0 371
0 393
0 397
1 4
1 8
1 12
1 17
1 40
1 43
1 44
1 50
1 58
1 60
1 71
1 74
1 78
1 80
1 93
1 95
1 97
1 98
1 99
1 106
1 108
1 112
1 114
1 115
1 116
1 123
1 124
1 130
1 131
1 132
1 133
1 141
1 149
1 154
1 155
1 158
1 160
1 170
1 181
1 188
1 190
1 193
1 195
1 196
1 198
1 201
1 205
1 209
1 214
1 217
1 220
1 222
1 229
1 231
1 232
1 236
1 250
1 263
1 266
1 270
1 281
1 283
1 284
1 288
1 290
1 293
1 300
1 304
1 307
1 312
1 317
1 318
1 321
1 326
1 339
1 344
1 345
1 349
1 351
1 353
1 354
1 359
1 368
1 372
1 379
1 381
1 383
1 389
1 391
2 5
2 6
2 13
2 24
2 29
2 36
2 67
2 87
2 91
2 117
2 122
2 129
2 135
2 142
2 167
2 172
2 179
2 189
2 194
2 218
2 221
2 246
2 249
2 251
2 256
2 295
2 303
2 306
2 340
2 350
2 352
2 358
2 361
2 364
2 374
2 390
2 399
3 1
3 9
3 11
3 14
3 30
3 31
3 38
3 48
3 62
3 63
3 64
3 73
3 88
3 90
3 103
3 105
3 110
3 120
3 125
3 136
3 139
3 150
3 156
3 157
3 174
3 175
3 185
3 186
3 200
3 202
3 224
3 238
3 240
3 241
3 245
3 264
3 268
3 273
3 279
3 296
3 316
3 320
3 323
3 324
3 327
3 328
3 329
3 335
3 341
3 388
3 392
3 394
3 395
4 20
4 23
4 27
4 37
4 45
4 47
4 52
4 75
4 76
4 79
4 107
4 111
4 127
4 137
4 162
4 169
4 183
4 187
4 192
4 208
4 226
4 235
4 237
4 244
4 255
4 259
4 262
4 275
4 282
4 289
4 291
4 292
4 302
4 309
4 310
4 336
4 338
4 346
4 348
4 362
4 363
4 375
4 377
4 378
4 380
4 385
4 396
5 10
5 15
5 16
5 22
5 32
5 39
5 42
5 49
5 53
5 56
5 72
5 84
5 89
5 92
5 96
5 113
5 118
5 119
5 126
5 140
5 144
5 147
5 151
5 153
5 161
5 163
5 164
5 166
5 184
5 191
5 197
5 199
5 207
5 210
5 216
5 225
5 227
5 230
5 258
5 261
5 267
5 272
5 274
5 277
5 280
5 299
5 305
5 308
5 322
5 330
5 332
5 334
5 355
5 356
5 360
5 376
5 382
5 384
5 387
6 7
6 18
6 19
6 21
6 33
6 34
6 35
6 41
6 46
6 61
6 66
6 68
6 69
6 70
6 85
6 86
6 101
6 102
6 128
6 138
6 159
6 165
6 168
6 171
6 173
6 176
6 182
6 203
6 204
6 211
6 213
6 215
6 219
6 223
6 228
6 233
6 243
6 247
6 248
6 257
6 265
6 269
6 271
6 276
6 285
6 287
6 298
6 301
6 311
6 315
6 331
6 337
6 343
6 365
6 366
6 369
6 370
6 373
6 386
6 398
