0 4
0 21
0 33
0 34
0 39
0 44
0 50
0 58
0 60
0 69
0 71
0 74
0 78
0 93
0 95
0 96
0 102
0 107
0 108
0 110
0 112
0 131
0 133
0 141
0 149
0 154
0 155
0 157
0 160
0 175
0 181
0 182
0 190
0 193
0 195
0 196
0 198
0 205
0 209
0 213
0 214
0 217
0 219
0 220
0 228
0 232
0 235
0 243
0 250
0 256
0 276
0 279
0 284
0 285
0 287
0 290
0 300
0 305
0 311
0 318
0 330
0 331
0 332
0 337
0 344
0 345
0 349
0 351
0 354
0 359
0 365
0 368
0 370
0 372
0 373
0 381
0 383
0 387
0 398
1 2
1 20
1 23
1 25
1 27
1 45
1 47
1 52
1 53
1 57
1 62
1 65
1 66
1 75
1 77
1 79
1 82
1 109
1 111
1 127
1 137
1 143
1 145
1 147
1 152
1 162
1 169
1 187
1 192
1 226
1 234
1 244
1 253
1 259
1 262
1 273
1 292
1 302
1 310
1 333
1 336
1 338
1 342
1 346
1 348
1 363
1 367
1 377
1 378
2 1
2 8
2 11
2 12
2 14
2 17
2 30
2 31
2 38
2 40
2 43
2 80
2 97
2 98
2 99
2 106
2 114
2 115
2 116
2 123
2 124
2 130
2 132
2 158
2 170
2 188
2 201
2 222
2 224
2 229
2 231
2 236
2 240
2 245
2 263
2 264
2 266
2 270
2 281
2 283
2 288
2 293
2 296
2 304
2 307
2 312
2 317
2 321
2 326
2 328
2 335
2 339
2 353
2 379
2 389
2 391
2 392
3 5
3 6
3 13
3 24
3 29
3 36
3 67
3 87
3 91
3 117
3 122
3 129
3 135
3 142
3 167
3 172
3 179
3 189
3 194
3 208
3 218
3 221
3 246
3 249
3 251
3 295
3 303
3 306
3 340
3 350
3 352
3 358
3 361
3 364
3 374
3 390
3 399
4 0
4 3
4 26
4 28
4 51
4 54
4 55
4 59
4 81
4 83
4 94
4 100
4 104
4 121
4 134
4 146
4 148
4 153
4 166
4 177
4 178
4 180
4 184
4 206
4 212
4 239
4 242
4 252
4 254
4 260
4 278
4 286
4 294
4 297
4 313
4 314
4 319
4 325
4 334
4 347
4 357
4 371
4 393
4 397
5 7
5 18
5 19
5 35
5 37
5 46
5 61
5 68
5 76
5 85
5 86
5 101
5 128
5 138
5 159
5 168
5 171
5 173
5 176
5 183
5 211
5 215
5 223
5 237
5 247
5 255
5 257
5 265
5 275
5 282
5 289
5 291
5 298
5 301
5 309
5 343
5 362
5 366
5 375
5 380
5 385
5 386
5 396
6 10
6 15
6 16
6 22
6 32
6 42
6 49
6 56
6 72
6 84
6 89
6 92
6 113
6 118
6 119
6 126
6 140
6 144
6 151
6 161
6 163
6 164
6 191
6 197
6 199
6 207
6 210
6 216
6 225
6 227
6 230
6 258
6 261
6 267
6 272
6 274
6 277
6 280
6 299
6 308
6 322
6 355
6 356
6 360
6 376
6 382
6 384
7 9
7 41
7 48
7 63
7 64
7 70
7 73
7 88
7 90
7 103
7 105
7 120
7 125
7 136
7 139
7 150
7 156
7 165
7 174
7 185
7 186
7 200
7 202
7 203
7 204
7 233
7 238
7 241
7 248
7 268
7 269
7 271
7 315
7 316
7 320
7 323
7 324
7 327
7 329
7 341
7 369
7 388
7 394
7 395
