0 9
0 48
0 62
0 88
0 90
0 120
0 136
0 175
0 185
0 186
0 200
0 202
0 220
0 238
0 240
0 241
0 268
0 269
0 273
0 276
0 328
0 329
0 335
0 341
0 342
0 373
0 388
0 394
1 2
1 20
1 23
1 25
1 27
1 45
1 47
1 52
1 53
1 65
1 66
1 75
1 77
1 79
1 82
1 109
1 111
1 127
1 137
1 143
1 145
1 147
1 152
1 162
1 169
1 187
1 192
1 226
1 234
1 244
1 253
1 259
1 262
1 292
1 302
1 310
1 333
1 336
1 338
1 346
1 348
1 363
1 367
1 377
1 378
2 10
2 15
2 16
2 22
2 32
2 42
2 49
2 56
2 72
2 84
2 89
2 92
2 113
2 118
2 119
2 126
2 140
2 144
2 151
2 161
2 163
2 164
2 191
2 197
2 199
2 207
2 210
2 216
2 225
2 227
2 230
2 258
2 261
2 267
2 272
2 274
2 277
2 280
2 299
2 308
2 322
2 355
2 356
2 360
2 376
2 382
2 384
3 1
3 8
3 11
3 12
3 14
3 17
3 30
3 31
3 38
3 40
3 43
3 80
3 97
3 98
3 99
3 106
3 114
3 115
3 116
3 123
3 124
3 130
3 132
3 158
3 170
3 188
3 201
3 222
3 224
3 229
3 231
3 236
3 245
3 263
3 264
3 266
3 270
3 281
3 283
3 288
3 293
3 296
3 304
3 307
3 312
3 317
3 321
3 326
3 339
3 353
3 379
3 389
3 391
3 392
4 0
4 3
4 26
4 28
4 51
4 54
4 55
4 57
4 59
4 81
4 83
4 94
4 100
4 104
4 121
4 134
4 146
4 148
4 153
4 166
4 177
4 178
4 180
4 184
4 206
4 212
4 239
4 242
4 252
4 254
4 260
4 278
4 286
4 294
4 297
4 313
4 314
4 319
4 325
4 334
4 347
4 357
4 371
4 393
4 397
5 7
5 18
5 19
5 35
5 37
5 46
5 61
5 68
5 76
5 85
5 86
5 101
5 128
5 138
5 159
5 168
5 171
5 173
5 176
5 183
5 211
5 215
5 223
5 237
5 247
5 255
5 257
5 265
5 275
5 282
5 289
5 291
5 298
5 301
5 309
5 343
5 362
5 366
5 375
5 380
5 385
5 386
5 396
6 4
6 21
6 33
6 34
6 39
6 44
6 50
6 58
6 60
6 69
6 71
6 74
6 78
6 93
6 95
6 96
6 102
6 107
6 108
6 110
6 112
6 131
6 133
6 141
6 149
6 154
6 155
6 157
6 160
6 181
6 182
6 190
6 193
6 195
6 196
6 198
6 204
6 205
6 209
6 213
6 214
6 217
6 219
6 228
6 232
6 235
6 243
6 250
6 256
6 279
6 284
6 285
6 287
6 290
6 300
6 305
6 311
6 318
6 330
6 331
6 332
6 337
6 344
6 345
6 349
6 351
6 354
6 359
6 365
6 368
6 370
6 372
6 381
6 383
6 387
6 398
7 5
7 6
7 13
7 24
7 29
7 36
7 67
7 87
7 91
7 117
7 122
7 129
7 135
7 142
7 167
7 172
7 179
7 189
7 194
7 208
7 218
7 221
7 246
7 249
7 251
7 295
7 303
7 306
7 340
7 350
7 352
7 358
7 361
7 364
7 374
7 390
7 399
8 41
8 63
8 64
8 70
8 73
8 103
8 105
8 125
8 139
8 150
8 156
8 165
8 174
8 203
8 233
8 248
8 271
8 315
8 316
8 320
8 323
8 324
8 327
8 369
8 395
