0 1
0 11
0 12
0 15
0 36
0 57
0 61
0 71
0 111
0 136
0 140
0 153
0 160
0 171
0 186
0 191
0 210
0 214
0 215
0 226
0 237
0 246
0 258
0 260
0 272
0 275
0 286
0 299
0 302
0 320
0 331
0 335
0 336
0 353
1 67
1 98
1 105
1 110
1 142
1 157
1 189
1 199
1 228
1 243
1 267
1 301
1 316
1 321
1 323
2 6
2 14
2 18
2 40
2 48
2 50
2 56
2 62
2 72
2 79
2 107
2 134
2 174
2 180
2 198
2 227
2 233
2 250
2 293
2 311
2 312
2 326
2 371
2 376
2 393
2 396
3 42
3 49
3 75
3 83
3 92
3 123
3 128
3 129
3 130
3 132
3 133
3 159
3 208
3 220
3 265
3 273
3 298
3 309
3 318
3 337
3 343
3 345
3 354
3 385
3 386
3 387
3 388
4 24
4 29
4 53
4 77
4 108
4 112
4 115
4 135
4 193
4 205
4 254
4 261
4 294
4 314
5 3
5 4
5 5
5 8
5 10
5 23
5 25
5 28
5 31
5 32
5 38
5 39
5 45
5 47
5 52
5 54
5 64
5 65
5 66
5 69
5 73
5 74
5 76
5 78
5 80
5 81
5 82
5 87
5 88
5 91
5 94
5 97
5 99
5 100
5 102
5 113
5 114
5 131
5 139
5 144
5 145
5 149
5 150
5 154
5 156
5 158
5 164
5 165
5 166
5 182
5 185
5 187
5 188
5 192
5 195
5 196
5 202
5 212
5 213
5 218
5 221
5 222
5 224
5 225
5 229
5 234
5 235
5 240
5 247
5 252
5 253
5 255
5 256
5 262
5 263
5 264
5 266
5 268
5 269
5 270
5 271
5 277
5 278
5 279
5 283
5 287
5 291
5 292
5 297
5 308
5 317
5 319
5 325
5 329
5 332
5 334
5 340
5 342
5 344
5 347
5 348
5 349
5 361
5 363
5 364
5 366
5 370
5 372
5 373
5 377
5 391
5 392
5 397
6 2
6 239
7 9
7 17
7 86
7 96
7 127
7 137
7 162
7 173
7 176
7 177
7 197
7 216
7 245
7 259
7 296
7 300
7 310
7 324
7 338
7 362
7 398
8 7
8 13
8 30
8 55
8 59
8 63
8 84
8 103
8 104
8 119
8 120
8 138
8 152
8 170
8 172
8 181
8 183
8 184
8 236
8 242
8 244
8 274
8 281
8 304
8 306
8 328
8 339
8 351
8 357
8 359
8 365
8 374
8 375
8 379
8 383
9 0
9 16
9 19
9 22
9 26
9 27
9 34
9 35
9 41
9 43
9 44
9 46
9 70
9 90
9 93
9 95
9 101
9 106
9 109
9 117
9 118
9 121
9 122
9 125
9 126
9 143
9 146
9 147
9 161
9 163
9 167
9 169
9 178
9 179
9 190
9 200
9 204
9 206
9 207
9 209
9 217
9 219
9 241
9 249
9 276
9 280
9 284
9 285
9 289
9 290
9 305
9 307
9 313
9 322
9 330
9 333
9 341
9 350
9 356
9 358
9 360
9 367
9 368
9 369
9 378
9 380
9 381
9 382
9 390
9 394
9 399
10 20
10 21
10 33
10 37
10 51
10 58
10 60
10 68
10 85
10 89
10 116
10 124
10 141
10 148
10 151
10 155
10 168
10 175
10 194
10 201
10 203
10 211
10 223
10 230
10 231
10 232
10 238
10 248
10 251
10 257
10 282
10 288
10 295
10 303
10 315
10 327
10 346
10 352
10 355
10 384
10 389
10 395
