0 49
0 56
0 75
0 83
0 92
0 123
0 128
0 129
0 130
0 132
0 133
0 159
0 208
0 220
0 265
0 273
0 298
0 309
0 318
0 337
0 343
0 345
0 380
0 385
0 386
0 387
0 388
1 3
1 4
1 5
1 8
1 10
1 23
1 25
1 28
1 31
1 32
1 38
1 39
1 45
1 47
1 52
1 54
1 64
1 65
1 66
1 69
1 73
1 74
1 76
1 78
1 80
1 81
1 82
1 87
1 88
1 91
1 94
1 97
1 99
1 100
1 101
1 102
1 113
1 114
1 131
1 139
1 143
1 144
1 145
1 149
1 150
1 154
1 156
1 158
1 161
1 164
1 165
1 166
1 169
1 179
1 182
1 185
1 187
1 188
1 192
1 195
1 196
1 202
1 212
1 213
1 218
1 221
1 222
1 224
1 225
1 229
1 234
1 235
1 240
1 247
1 252
1 253
1 255
1 256
1 262
1 263
1 264
1 266
1 268
1 269
1 270
1 271
1 277
1 278
1 279
1 280
1 283
1 287
1 289
1 291
1 292
1 297
1 308
1 317
1 319
1 325
1 329
1 330
1 332
1 334
1 340
1 341
1 342
1 344
1 347
1 348
1 349
1 360
1 361
1 363
1 364
1 366
1 369
1 370
1 372
1 373
1 377
1 382
1 392
1 397
2 2
2 142
2 157
2 199
2 239
2 267
3 59
3 112
3 138
3 153
3 171
3 281
4 30
4 37
4 42
4 120
4 137
4 148
4 162
4 177
4 181
4 216
4 245
4 259
4 274
4 304
4 335
4 354
4 375
4 379
5 20
5 21
5 33
5 68
5 85
5 116
5 117
5 124
5 141
5 151
5 155
5 163
5 175
5 178
5 194
5 201
5 203
5 223
5 231
5 238
5 248
5 251
5 257
5 276
5 282
5 295
5 303
5 315
5 327
5 350
5 352
5 355
5 381
5 384
6 6
6 14
6 18
6 40
6 48
6 50
6 62
6 72
6 79
6 107
6 134
6 174
6 180
6 198
6 227
6 233
6 250
6 293
6 311
6 312
6 326
6 356
6 371
6 376
6 393
6 396
7 29
7 67
7 98
7 105
7 110
7 115
7 135
7 189
7 193
7 228
7 243
7 254
7 261
7 301
7 306
7 316
7 321
7 323
8 9
8 86
8 96
8 127
8 176
8 296
8 300
8 324
8 338
8 362
8 398
9 24
9 53
9 60
9 77
9 108
9 168
9 205
9 288
9 294
9 314
9 346
10 17
10 173
10 197
10 310
11 16
11 19
11 22
11 26
11 27
11 35
11 41
11 46
11 51
11 58
11 70
11 89
11 90
11 109
11 118
11 121
11 125
11 126
11 146
11 147
11 167
11 190
11 206
11 207
11 209
11 211
11 219
11 230
11 232
11 284
11 285
11 313
11 333
11 367
11 378
11 389
11 390
11 391
11 395
11 399
12 0
12 7
12 13
12 34
12 43
12 44
12 55
12 63
12 84
12 93
12 95
12 103
12 104
12 106
12 119
12 122
12 152
12 170
12 172
12 183
12 184
12 200
12 204
12 217
12 236
12 241
12 242
12 244
12 249
12 290
12 305
12 307
12 322
12 328
12 339
12 351
12 357
12 358
12 359
12 365
12 368
12 374
12 383
12 394
13 1
13 11
13 12
13 15
13 36
13 57
13 61
13 71
13 111
13 136
13 140
13 160
13 186
13 191
13 210
13 214
13 215
13 226
13 237
13 246
13 258
13 260
13 272
13 275
13 286
13 299
13 302
13 320
13 331
13 336
13 353
