0 0
0 43
0 44
0 55
0 63
0 84
0 93
0 95
0 104
0 106
0 119
0 122
0 161
0 163
0 167
0 172
0 179
0 195
0 200
0 204
0 217
0 236
0 241
0 280
0 289
0 290
0 307
0 322
0 330
0 356
0 357
0 358
0 359
0 368
0 369
0 374
0 377
0 383
0 394
1 29
1 67
1 98
1 105
1 110
1 115
1 135
1 189
1 193
1 228
1 243
1 254
1 261
1 301
1 306
1 316
1 321
1 323
2 7
2 13
2 30
2 42
2 53
2 59
2 103
2 120
2 152
2 170
2 181
2 183
2 184
2 205
2 242
2 244
2 274
2 294
2 314
2 328
2 339
2 346
2 351
2 354
2 365
2 375
3 9
3 24
3 77
3 296
4 21
4 37
4 51
4 57
4 58
4 89
4 109
4 125
4 137
4 141
4 147
4 148
4 168
4 216
4 230
4 232
4 245
4 288
4 304
4 335
4 379
4 389
4 395
5 16
5 19
5 22
5 26
5 27
5 35
5 36
5 41
5 46
5 47
5 70
5 90
5 101
5 111
5 118
5 121
5 126
5 146
5 169
5 186
5 190
5 206
5 207
5 209
5 213
5 219
5 226
5 247
5 284
5 285
5 299
5 302
5 313
5 333
5 367
5 378
5 382
5 390
5 391
5 399
6 75
6 108
6 123
6 128
6 132
6 133
6 162
6 177
6 208
6 259
6 265
6 273
6 345
6 362
6 386
7 34
7 49
7 56
7 83
7 92
7 129
7 130
7 159
7 198
7 220
7 249
7 298
7 305
7 309
7 318
7 337
7 343
7 380
7 385
7 387
7 388
7 393
8 6
8 14
8 18
8 40
8 48
8 50
8 62
8 72
8 79
8 107
8 134
8 174
8 180
8 227
8 233
8 250
8 293
8 311
8 312
8 326
8 371
8 376
8 396
9 2
9 142
9 157
9 199
9 239
9 267
10 17
10 173
10 197
10 310
11 20
11 33
11 68
11 85
11 116
11 117
11 124
11 151
11 155
11 175
11 178
11 194
11 201
11 203
11 211
11 223
11 231
11 238
11 248
11 251
11 257
11 276
11 282
11 295
11 303
11 315
11 327
11 350
11 352
11 355
11 381
11 384
12 1
12 11
12 12
12 15
12 61
12 71
12 112
12 136
12 138
12 140
12 153
12 160
12 171
12 191
12 210
12 214
12 215
12 237
12 246
12 258
12 260
12 272
12 275
12 281
12 286
12 320
12 331
12 336
12 353
13 3
13 4
13 5
13 8
13 10
13 23
13 25
13 28
13 31
13 32
13 38
13 39
13 45
13 52
13 54
13 64
13 65
13 66
13 69
13 73
13 74
13 76
13 78
13 80
13 81
13 82
13 87
13 88
13 91
13 94
13 97
13 99
13 100
13 102
13 113
13 114
13 131
13 139
13 143
13 144
13 145
13 149
13 150
13 154
13 156
13 158
13 164
13 165
13 166
13 182
13 185
13 187
13 188
13 192
13 196
13 202
13 212
13 218
13 221
13 222
13 224
13 225
13 229
13 234
13 235
13 240
13 252
13 253
13 255
13 256
13 262
13 263
13 264
13 266
13 268
13 269
13 270
13 271
13 277
13 278
13 279
13 283
13 287
13 291
13 292
13 297
13 308
13 317
13 319
13 325
13 329
13 332
13 334
13 340
13 341
13 342
13 344
13 347
13 348
13 349
13 360
13 361
13 363
13 364
13 366
13 370
13 372
13 373
13 392
13 397
14 60
14 86
14 96
14 127
14 176
14 300
14 324
14 338
14 398
