0 65
0 74
0 76
0 89
0 91
0 114
0 117
0 122
0 135
0 156
0 174
1 95
1 110
1 129
1 144
1 151
1 189
2 39
2 85
2 88
2 99
2 103
2 108
2 125
2 130
2 161
2 173
2 191
2 194
3 12
3 18
3 27
3 28
3 29
3 30
3 45
3 54
3 56
3 63
3 72
3 111
3 112
3 119
3 128
3 139
3 146
3 163
3 186
3 199
4 25
4 26
4 41
4 68
4 80
4 92
4 93
4 105
4 106
4 159
4 165
5 13
5 31
5 32
5 35
5 48
5 58
5 60
5 77
5 120
5 183
5 192
5 196
6 1
6 6
6 43
6 52
6 55
6 64
6 107
6 148
6 150
6 152
6 164
6 176
7 0
7 42
7 46
7 66
7 75
7 78
7 81
7 84
7 90
7 127
7 157
7 158
7 167
7 179
7 190
7 195
8 5
8 21
8 50
8 98
8 124
8 132
8 134
8 137
8 138
8 142
8 145
8 149
8 177
8 184
9 3
9 24
9 51
9 70
9 101
9 121
9 131
9 143
9 153
9 155
9 166
9 187
10 8
10 9
10 11
10 22
10 47
10 113
10 126
10 154
10 170
10 172
10 188
11 2
11 14
11 61
11 62
11 87
11 97
11 116
11 140
11 160
12 7
12 34
12 36
12 37
12 49
12 53
12 71
12 79
12 100
12 102
12 133
12 136
13 69
13 147
14 16
14 96
14 104
14 162
14 185
15 19
15 23
15 57
15 59
15 118
15 169
15 178
15 181
15 182
15 193
16 4
16 10
16 15
16 17
16 20
16 33
16 38
16 40
16 44
16 67
16 73
16 82
16 83
16 86
16 94
16 109
16 115
16 123
16 141
16 168
16 171
16 175
16 180
16 197
16 198
