0 0
0 1
0 3
0 4
0 5
0 6
0 7
0 8
0 10
0 11
0 12
0 14
0 15
0 16
0 19
0 20
0 22
0 23
0 25
0 26
0 27
0 28
0 31
0 32
0 33
0 34
0 35
0 36
0 37
0 38
0 39
0 40
0 41
0 43
0 44
0 45
0 46
0 47
0 48
0 50
0 51
0 52
0 54
0 55
0 57
0 58
0 61
0 63
0 64
0 65
0 66
0 69
0 70
0 71
0 72
0 73
0 74
0 76
0 78
0 79
0 80
0 81
0 82
0 84
0 85
0 87
0 88
0 89
0 90
0 91
0 93
0 94
0 95
0 97
0 99
0 100
0 101
0 102
0 103
0 104
0 106
0 107
0 109
0 111
0 113
0 114
0 116
0 117
0 118
0 119
0 120
0 121
0 122
0 124
0 125
0 126
0 129
0 130
0 131
0 134
0 136
0 139
0 140
0 141
0 143
0 144
0 145
0 146
0 147
0 149
0 150
0 151
0 154
0 155
0 156
0 158
0 160
0 161
0 163
0 164
0 165
0 166
0 167
0 169
0 172
0 174
0 175
0 178
0 179
0 181
0 182
0 184
0 185
0 186
0 187
0 188
0 190
0 191
0 192
0 194
0 195
0 196
0 198
0 200
0 201
0 202
0 203
0 204
0 206
0 207
0 209
0 210
0 211
0 212
0 213
0 214
0 215
0 217
0 218
0 219
0 220
0 221
0 222
0 223
0 224
0 225
0 226
0 227
0 229
0 230
0 231
0 232
0 233
0 234
0 235
0 236
0 237
0 238
0 240
0 241
0 242
0 244
0 246
0 247
0 249
0 250
0 251
0 252
0 253
0 255
0 256
0 257
0 258
0 260
0 262
0 263
0 264
0 266
0 268
0 269
0 270
0 271
0 272
0 275
0 276
0 277
0 278
0 279
0 280
0 281
0 282
0 283
0 284
0 285
0 286
0 287
0 289
0 290
0 291
0 292
0 293
0 295
0 297
0 299
0 302
0 303
0 304
0 305
0 307
0 308
0 309
0 311
0 312
0 313
0 317
0 319
0 320
0 322
0 325
0 327
0 329
0 330
0 331
0 332
0 333
0 334
0 336
0 340
0 341
0 342
0 344
0 347
0 348
0 349
0 350
0 351
0 352
0 353
0 355
0 356
0 357
0 358
0 359
0 360
0 361
0 363
0 364
0 365
0 366
0 367
0 368
0 369
0 370
0 371
0 372
0 373
0 374
0 376
0 377
0 378
0 379
0 380
0 381
0 382
0 383
0 384
0 385
0 387
0 389
0 390
0 391
0 392
0 393
0 394
0 395
0 396
0 397
0 399
1 2
1 9
1 13
1 17
1 18
1 21
1 24
1 29
1 30
1 42
1 49
1 53
1 56
1 59
1 60
1 62
1 67
1 68
1 75
1 77
1 83
1 86
1 92
1 96
1 98
1 105
1 108
1 110
1 112
1 115
1 123
1 127
1 128
1 132
1 133
1 135
1 137
1 138
1 142
1 148
1 152
1 153
1 157
1 159
1 162
1 168
1 170
1 171
1 173
1 176
1 177
1 180
1 183
1 189
1 193
1 197
1 199
1 205
1 208
1 216
1 228
1 239
1 243
1 245
1 248
1 254
1 259
1 261
1 265
1 267
1 273
1 274
1 288
1 294
1 296
1 298
1 300
1 301
1 306
1 310
1 314
1 315
1 316
1 318
1 321
1 323
1 324
1 326
1 328
1 335
1 337
1 338
1 339
1 343
1 345
1 346
1 354
1 362
1 375
1 386
1 388
1 398
