0 1
0 2
0 4
0 6
0 7
0 8
0 9
0 10
0 11
0 13
0 14
0 15
0 17
0 19
0 20
0 22
0 23
0 27
0 28
0 30
0 31
0 32
0 33
0 34
0 35
0 37
0 38
0 40
0 42
0 43
0 44
0 47
0 48
0 52
0 53
0 55
0 57
0 58
0 60
0 61
0 62
0 66
0 67
0 69
0 71
0 73
0 75
0 77
0 78
0 82
0 83
0 84
0 86
0 87
0 90
0 94
0 95
0 97
0 100
0 109
0 110
0 111
0 112
0 113
0 115
0 116
0 118
0 120
0 123
0 126
0 127
0 128
0 129
0 133
0 139
0 140
0 141
0 144
0 146
0 148
0 150
0 151
0 154
0 160
0 164
0 167
0 168
0 170
0 171
0 172
0 175
0 176
0 178
0 179
0 180
0 183
0 188
0 189
0 190
0 192
0 193
0 196
0 197
0 198
1 0
1 3
1 12
1 16
1 18
1 24
1 25
1 26
1 29
1 41
1 45
1 46
1 51
1 56
1 59
1 63
1 65
1 68
1 70
1 72
1 74
1 76
1 80
1 81
1 89
1 91
1 92
1 93
1 96
1 101
1 104
1 105
1 106
1 114
1 117
1 119
1 121
1 122
1 130
1 131
1 135
1 143
1 153
1 155
1 156
1 157
1 158
1 159
1 162
1 165
1 166
1 169
1 174
1 181
1 185
1 186
1 187
1 195
1 199
2 5
2 21
2 36
2 39
2 49
2 50
2 54
2 64
2 79
2 85
2 88
2 98
2 99
2 102
2 103
2 107
2 108
2 124
2 125
2 132
2 134
2 136
2 137
2 138
2 142
2 145
2 147
2 149
2 152
2 161
2 163
2 173
2 177
2 182
2 184
2 191
2 194
