0 4
0 6
0 8
0 10
0 11
0 13
0 15
0 17
0 20
0 22
0 27
0 28
0 30
0 31
0 33
0 35
0 38
0 40
0 42
0 43
0 44
0 47
0 52
0 58
0 60
0 66
0 67
0 73
0 75
0 78
0 82
0 83
0 84
0 86
0 90
0 94
0 95
0 97
0 109
0 110
0 113
0 115
0 116
0 118
0 120
0 123
0 126
0 127
0 128
0 129
0 139
0 140
0 141
0 144
0 146
0 148
0 151
0 154
0 164
0 167
0 168
0 170
0 171
0 172
0 175
0 176
0 179
0 180
0 183
0 188
0 189
0 190
0 192
0 197
0 198
1 1
1 2
1 7
1 9
1 12
1 14
1 19
1 23
1 32
1 34
1 36
1 37
1 39
1 48
1 49
1 53
1 54
1 55
1 57
1 61
1 62
1 64
1 69
1 71
1 77
1 79
1 87
1 88
1 100
1 102
1 103
1 107
1 108
1 112
1 125
1 133
1 136
1 147
1 150
1 152
1 160
1 161
1 163
1 173
1 178
1 181
1 182
1 191
1 193
1 194
1 196
2 5
2 21
2 24
2 50
2 59
2 65
2 76
2 85
2 89
2 91
2 98
2 99
2 114
2 117
2 122
2 124
2 130
2 132
2 134
2 135
2 137
2 138
2 142
2 145
2 149
2 156
2 174
2 177
2 184
3 0
3 3
3 16
3 18
3 25
3 26
3 29
3 41
3 45
3 46
3 51
3 56
3 63
3 68
3 70
3 72
3 74
3 80
3 81
3 92
3 93
3 96
3 101
3 104
3 105
3 106
3 111
3 119
3 121
3 131
3 143
3 153
3 155
3 157
3 158
3 159
3 162
3 165
3 166
3 169
3 185
3 186
3 187
3 195
3 199
