0 3
0 4
0 5
0 6
0 8
0 10
0 16
0 19
0 23
0 25
0 27
0 28
0 31
0 32
0 35
0 38
0 39
0 41
0 45
0 47
0 52
0 54
0 64
0 65
0 66
0 69
0 70
0 73
0 74
0 76
0 78
0 80
0 81
0 82
0 87
0 88
0 91
0 94
0 97
0 99
0 100
0 101
0 102
0 111
0 113
0 114
0 118
0 121
0 131
0 139
0 143
0 144
0 145
0 149
0 150
0 154
0 156
0 158
0 161
0 164
0 165
0 166
0 169
0 179
0 182
0 185
0 187
0 188
0 190
0 192
0 195
0 196
0 202
0 206
0 212
0 213
0 218
0 221
0 222
0 224
0 225
0 229
0 234
0 235
0 240
0 247
0 252
0 253
0 255
0 256
0 262
0 263
0 264
0 266
0 268
0 269
0 270
0 271
0 277
0 278
0 279
0 280
0 283
0 284
0 285
0 287
0 289
0 291
0 292
0 297
0 302
0 308
0 317
0 319
0 322
0 325
0 329
0 330
0 332
0 333
0 334
0 340
0 341
0 342
0 344
0 347
0 348
0 349
0 356
0 358
0 360
0 361
0 363
0 364
0 366
0 367
0 368
0 369
0 370
0 372
0 373
0 377
0 378
0 382
0 391
0 392
0 396
0 397
1 0
1 1
1 7
1 11
1 12
1 15
1 20
1 21
1 22
1 26
1 33
1 36
1 37
1 43
1 44
1 46
1 50
1 51
1 53
1 55
1 57
1 58
1 59
1 61
1 63
1 68
1 71
1 72
1 84
1 85
1 89
1 90
1 93
1 104
1 106
1 109
1 112
1 116
1 117
1 119
1 124
1 125
1 126
1 136
1 138
1 140
1 141
1 146
1 147
1 151
1 153
1 155
1 160
1 163
1 167
1 168
1 171
1 172
1 175
1 178
1 184
1 186
1 191
1 194
1 200
1 201
1 203
1 207
1 209
1 210
1 211
1 214
1 215
1 219
1 223
1 226
1 230
1 231
1 232
1 236
1 237
1 238
1 241
1 242
1 246
1 248
1 251
1 257
1 258
1 260
1 272
1 275
1 276
1 281
1 282
1 286
1 288
1 290
1 295
1 299
1 303
1 304
1 307
1 313
1 320
1 327
1 331
1 336
1 339
1 346
1 350
1 351
1 352
1 353
1 355
1 357
1 359
1 371
1 374
1 379
1 381
1 383
1 384
1 389
1 390
1 394
1 395
1 399
2 9
2 17
2 24
2 29
2 42
2 60
2 75
2 77
2 86
2 96
2 108
2 115
2 123
2 127
2 133
2 137
2 148
2 162
2 173
2 176
2 177
2 193
2 197
2 205
2 216
2 245
2 259
2 265
2 273
2 294
2 296
2 300
2 310
2 324
2 335
2 338
2 345
2 362
2 386
2 398
3 2
3 67
3 98
3 105
3 110
3 135
3 142
3 157
3 189
3 199
3 228
3 239
3 243
3 254
3 261
3 267
3 301
3 316
3 321
3 323
4 13
4 14
4 18
4 30
4 34
4 40
4 48
4 49
4 56
4 62
4 79
4 83
4 92
4 95
4 103
4 107
4 120
4 122
4 128
4 129
4 130
4 132
4 134
4 152
4 159
4 170
4 174
4 180
4 181
4 183
4 198
4 204
4 208
4 217
4 220
4 227
4 233
4 244
4 249
4 250
4 274
4 293
4 298
4 305
4 306
4 309
4 311
4 312
4 314
4 315
4 318
4 326
4 328
4 337
4 343
4 354
4 365
4 375
4 376
4 380
4 385
4 387
4 388
4 393
