0 0
0 1
0 7
0 11
0 15
0 20
0 21
0 22
0 26
0 30
0 33
0 34
0 37
0 44
0 46
0 49
0 51
0 55
0 57
0 58
0 61
0 63
0 68
0 71
0 83
0 84
0 85
0 89
0 90
0 93
0 95
0 103
0 104
0 109
0 112
0 116
0 117
0 119
0 122
0 124
0 125
0 126
0 129
0 130
0 136
0 138
0 140
0 141
0 146
0 147
0 151
0 153
0 159
0 160
0 163
0 167
0 168
0 171
0 172
0 175
0 178
0 181
0 183
0 184
0 186
0 191
0 194
0 200
0 201
0 203
0 204
0 207
0 210
0 211
0 214
0 215
0 217
0 219
0 220
0 226
0 230
0 231
0 232
0 236
0 237
0 238
0 241
0 244
0 246
0 249
0 251
0 258
0 260
0 272
0 275
0 276
0 281
0 282
0 286
0 288
0 290
0 298
0 299
0 303
0 304
0 305
0 307
0 309
0 313
0 318
0 320
0 322
0 327
0 328
0 331
0 336
0 337
0 339
0 343
0 346
0 350
0 351
0 353
0 355
0 357
0 359
0 365
0 374
0 379
0 380
0 381
0 383
0 385
0 387
0 388
0 389
0 390
0 394
0 395
0 399
1 13
1 29
1 42
1 53
1 59
1 67
1 98
1 105
1 110
1 115
1 120
1 135
1 152
1 170
1 189
1 193
1 205
1 228
1 242
1 243
1 254
1 261
1 274
1 294
1 301
1 306
1 314
1 316
1 321
1 323
1 354
1 375
2 9
2 17
2 24
2 60
2 75
2 77
2 86
2 92
2 96
2 108
2 123
2 127
2 128
2 132
2 133
2 137
2 148
2 162
2 173
2 176
2 177
2 197
2 208
2 216
2 245
2 259
2 265
2 273
2 296
2 300
2 310
2 324
2 335
2 338
2 345
2 362
2 386
2 398
3 2
3 142
3 157
3 199
3 239
3 267
4 6
4 14
4 18
4 40
4 48
4 50
4 56
4 62
4 72
4 79
4 107
4 134
4 155
4 174
4 180
4 198
4 223
4 227
4 233
4 248
4 250
4 257
4 293
4 295
4 311
4 312
4 315
4 326
4 352
4 371
4 376
4 384
4 393
4 396
5 3
5 4
5 5
5 8
5 10
5 12
5 16
5 19
5 23
5 25
5 27
5 28
5 31
5 32
5 35
5 36
5 38
5 39
5 41
5 43
5 45
5 47
5 52
5 54
5 64
5 65
5 66
5 69
5 70
5 73
5 74
5 76
5 78
5 80
5 81
5 82
5 87
5 88
5 91
5 94
5 97
5 99
5 100
5 101
5 102
5 106
5 111
5 113
5 114
5 118
5 121
5 131
5 139
5 143
5 144
5 145
5 149
5 150
5 154
5 156
5 158
5 161
5 164
5 165
5 166
5 169
5 179
5 182
5 185
5 187
5 188
5 190
5 192
5 195
5 196
5 202
5 206
5 209
5 212
5 213
5 218
5 221
5 222
5 224
5 225
5 229
5 234
5 235
5 240
5 247
5 252
5 253
5 255
5 256
5 262
5 263
5 264
5 266
5 268
5 269
5 270
5 271
5 277
5 278
5 279
5 280
5 283
5 284
5 285
5 287
5 289
5 291
5 292
5 297
5 302
5 308
5 317
5 319
5 325
5 329
5 330
5 332
5 333
5 334
5 340
5 341
5 342
5 344
5 347
5 348
5 349
5 356
5 358
5 360
5 361
5 363
5 364
5 366
5 367
5 368
5 369
5 370
5 372
5 373
5 377
5 378
5 382
5 391
5 392
5 397
