0 16
0 25
0 26
0 41
0 68
0 74
0 80
0 92
0 93
0 96
0 104
0 105
0 106
0 158
0 159
0 162
0 165
0 169
0 185
0 195
1 2
1 7
1 14
1 34
1 36
1 37
1 39
1 49
1 50
1 53
1 61
1 62
1 69
1 71
1 79
1 85
1 87
1 88
1 100
1 102
1 103
1 108
1 125
1 133
1 136
1 147
1 149
1 160
1 161
1 173
1 177
1 178
1 181
1 182
1 191
1 193
1 194
2 12
2 19
2 27
2 28
2 30
2 40
2 42
2 44
2 54
2 56
2 57
2 72
2 78
2 90
2 111
2 112
2 128
2 139
2 140
2 146
2 163
2 199
3 5
3 21
3 59
3 65
3 76
3 89
3 91
3 98
3 99
3 114
3 117
3 122
3 124
3 132
3 134
3 135
3 137
3 138
3 142
3 145
3 156
3 174
3 184
4 0
4 3
4 18
4 24
4 29
4 45
4 46
4 51
4 63
4 70
4 81
4 101
4 119
4 121
4 130
4 131
4 143
4 153
4 155
4 157
4 166
4 186
4 187
5 1
5 6
5 8
5 9
5 11
5 22
5 43
5 47
5 52
5 55
5 64
5 107
5 148
5 150
5 152
5 164
5 170
5 176
6 4
6 10
6 13
6 15
6 17
6 20
6 23
6 31
6 32
6 33
6 35
6 38
6 48
6 58
6 60
6 66
6 67
6 73
6 75
6 77
6 82
6 83
6 84
6 86
6 94
6 95
6 97
6 109
6 110
6 113
6 115
6 116
6 118
6 120
6 123
6 126
6 127
6 129
6 141
6 144
6 151
6 154
6 167
6 168
6 171
6 172
6 175
6 179
6 180
6 183
6 188
6 189
6 190
6 192
6 196
6 197
6 198
