0 13
0 27
0 30
0 31
0 32
0 35
0 38
0 40
0 42
0 44
0 58
0 60
0 66
0 73
0 75
0 77
0 78
0 84
0 90
0 97
0 109
0 116
0 118
0 120
0 127
0 128
0 139
0 140
0 146
0 158
0 167
0 171
0 175
0 179
0 183
0 190
0 192
0 196
1 59
1 65
1 74
1 76
1 89
1 91
1 99
1 114
1 117
1 122
1 135
1 156
1 174
2 5
2 21
2 50
2 98
2 124
2 132
2 134
2 137
2 138
2 142
2 145
2 149
2 177
2 184
2 191
3 16
3 25
3 26
3 41
3 68
3 80
3 92
3 93
3 96
3 104
3 105
3 106
3 159
3 162
3 165
3 169
3 185
3 195
4 1
4 2
4 6
4 9
4 14
4 19
4 23
4 28
4 39
4 43
4 54
4 55
4 57
4 61
4 64
4 85
4 87
4 88
4 103
4 107
4 112
4 125
4 148
4 150
4 152
4 160
4 161
4 163
4 173
4 176
4 178
4 181
4 182
4 193
4 194
5 0
5 3
5 12
5 18
5 24
5 29
5 45
5 46
5 51
5 56
5 63
5 70
5 72
5 81
5 101
5 111
5 119
5 121
5 130
5 131
5 143
5 153
5 155
5 157
5 166
5 186
5 187
5 199
6 7
6 34
6 36
6 37
6 48
6 49
6 53
6 62
6 69
6 71
6 79
6 100
6 102
6 108
6 133
6 136
6 147
7 4
7 8
7 10
7 11
7 15
7 17
7 20
7 22
7 33
7 47
7 52
7 67
7 82
7 83
7 86
7 94
7 95
7 110
7 113
7 115
7 123
7 126
7 129
7 141
7 144
7 151
7 154
7 164
7 168
7 170
7 172
7 180
7 188
7 189
7 197
7 198
