0 7
0 13
0 30
0 42
0 53
0 55
0 59
0 63
0 84
0 103
0 104
0 119
0 120
0 152
0 170
0 172
0 181
0 183
0 184
0 236
0 242
0 244
0 274
0 294
0 304
0 309
0 314
0 318
0 328
0 339
0 346
0 351
0 354
0 357
0 359
0 365
0 374
0 375
0 379
0 383
0 385
1 11
1 12
1 15
1 36
1 37
1 57
1 61
1 71
1 112
1 136
1 138
1 140
1 153
1 160
1 168
1 171
1 191
1 210
1 214
1 215
1 226
1 237
1 246
1 258
1 260
1 272
1 275
1 281
1 286
1 288
1 299
1 302
1 320
1 331
1 335
1 336
1 353
2 29
2 67
2 98
2 105
2 110
2 115
2 135
2 157
2 189
2 193
2 199
2 228
2 243
2 254
2 261
2 267
2 301
2 306
2 316
2 321
2 323
3 3
3 4
3 5
3 8
3 10
3 16
3 23
3 25
3 28
3 31
3 32
3 38
3 39
3 43
3 45
3 47
3 52
3 54
3 64
3 65
3 66
3 69
3 73
3 74
3 76
3 78
3 80
3 81
3 82
3 87
3 88
3 91
3 94
3 97
3 99
3 100
3 101
3 102
3 111
3 113
3 114
3 121
3 131
3 139
3 143
3 144
3 145
3 149
3 150
3 154
3 156
3 158
3 161
3 164
3 165
3 166
3 169
3 179
3 182
3 185
3 187
3 188
3 192
3 195
3 196
3 202
3 212
3 213
3 218
3 221
3 222
3 224
3 225
3 229
3 234
3 235
3 240
3 247
3 252
3 253
3 255
3 256
3 262
3 263
3 264
3 266
3 268
3 269
3 270
3 271
3 277
3 278
3 279
3 280
3 283
3 287
3 289
3 291
3 292
3 297
3 308
3 317
3 319
3 325
3 329
3 332
3 334
3 340
3 341
3 342
3 344
3 347
3 348
3 349
3 358
3 360
3 361
3 363
3 364
3 366
3 370
3 372
3 373
3 377
3 391
3 392
3 397
4 49
4 75
4 83
4 92
4 108
4 123
4 128
4 129
4 132
4 133
4 159
4 177
4 205
4 208
4 220
4 259
4 265
4 273
4 298
4 337
4 343
4 345
4 386
4 387
4 388
5 0
5 1
5 19
5 20
5 21
5 22
5 26
5 27
5 34
5 35
5 41
5 44
5 46
5 51
5 58
5 70
5 85
5 89
5 90
5 93
5 95
5 106
5 109
5 117
5 118
5 122
5 124
5 125
5 126
5 130
5 141
5 146
5 147
5 151
5 163
5 167
5 175
5 178
5 186
5 190
5 194
5 200
5 201
5 203
5 204
5 206
5 207
5 209
5 211
5 217
5 219
5 230
5 232
5 238
5 241
5 249
5 251
5 276
5 284
5 285
5 290
5 303
5 305
5 307
5 313
5 322
5 327
5 330
5 333
5 350
5 355
5 356
5 367
5 368
5 369
5 378
5 380
5 381
5 382
5 389
5 390
5 394
5 395
5 396
5 399
6 2
6 142
6 239
7 6
7 14
7 18
7 33
7 40
7 48
7 50
7 56
7 62
7 68
7 72
7 79
7 107
7 116
7 134
7 155
7 174
7 180
7 198
7 223
7 227
7 231
7 233
7 248
7 250
7 257
7 282
7 293
7 295
7 311
7 312
7 315
7 326
7 352
7 371
7 376
7 384
7 393
8 9
8 17
8 24
8 60
8 77
8 86
8 96
8 127
8 137
8 148
8 162
8 173
8 176
8 197
8 216
8 245
8 296
8 300
8 310
8 324
8 338
8 362
8 398
