0 7
0 9
0 13
0 16
0 17
0 57
0 60
0 69
0 74
0 106
0 111
0 124
0 133
0 136
0 144
0 149
0 159
0 173
0 177
0 186
0 188
0 191
1 23
1 30
1 50
1 61
1 63
1 67
1 71
1 82
1 84
1 99
1 113
1 139
1 155
1 161
1 169
1 181
1 197
2 1
2 38
2 51
2 73
2 85
2 87
2 90
2 94
2 130
2 142
2 143
2 147
2 148
2 150
2 168
2 172
2 182
2 193
3 3
3 6
3 14
3 27
3 43
3 49
3 66
3 78
3 91
3 95
3 97
3 102
3 105
3 135
3 154
3 158
3 179
3 187
3 198
4 8
4 12
4 22
4 28
4 52
4 56
4 68
4 70
4 80
4 103
4 112
4 166
4 175
4 194
4 199
5 15
5 24
5 35
5 39
5 42
5 45
5 55
5 76
5 83
5 86
5 88
5 115
5 128
5 145
5 157
5 162
5 178
5 183
5 184
5 192
6 2
6 4
6 19
6 25
6 77
6 93
6 98
6 109
6 114
6 118
6 132
6 134
6 156
6 160
6 163
6 171
6 189
6 195
6 196
7 0
7 5
7 18
7 20
7 31
7 36
7 44
7 47
7 59
7 75
7 100
7 101
7 108
7 138
7 153
8 29
8 34
8 62
8 65
8 81
8 92
8 116
8 121
8 122
8 125
8 131
8 146
8 152
8 165
9 21
9 26
9 53
9 54
9 58
9 107
9 117
9 126
9 129
9 164
9 174
9 180
10 10
10 11
10 32
10 33
10 48
10 64
10 119
10 140
10 151
10 170
10 190
11 37
11 40
11 41
11 46
11 72
11 79
11 89
11 96
11 104
11 110
11 120
11 123
11 127
11 137
11 141
11 167
11 176
11 185
