0 2
0 4
0 19
0 22
0 67
0 143
0 156
0 163
0 172
0 189
0 193
1 9
1 10
1 11
1 13
1 16
1 17
1 48
1 106
1 138
1 140
1 186
1 190
2 37
2 68
2 72
2 79
2 80
2 103
2 157
2 176
3 0
3 5
3 18
3 20
3 31
3 36
3 44
3 47
3 53
3 59
3 75
3 100
3 101
3 108
3 153
3 164
3 174
4 23
4 30
4 50
4 61
4 71
4 82
4 84
4 99
4 139
4 155
4 161
4 169
4 181
4 197
5 3
5 6
5 14
5 27
5 43
5 49
5 66
5 78
5 91
5 95
5 97
5 102
5 105
5 135
5 146
5 154
5 158
5 179
5 187
5 198
6 8
6 12
6 15
6 24
6 28
6 35
6 39
6 42
6 45
6 55
6 70
6 76
6 83
6 86
6 88
6 115
6 128
6 145
6 162
6 166
6 175
6 178
6 183
6 184
6 192
6 194
6 199
7 1
7 21
7 26
7 40
7 54
7 58
7 73
7 89
7 94
7 107
7 117
7 120
7 126
7 129
7 130
7 137
7 141
7 147
7 150
7 180
7 185
8 7
8 57
8 60
8 69
8 111
8 124
8 133
8 144
8 149
8 159
8 173
8 188
8 191
9 25
9 29
9 62
9 63
9 77
9 93
9 98
9 109
9 113
9 114
9 116
9 118
9 132
9 134
9 160
9 165
9 171
9 195
9 196
10 41
10 46
10 52
10 56
10 96
10 104
10 110
10 112
10 123
10 127
10 167
11 32
11 33
11 38
11 51
11 64
11 74
11 85
11 87
11 90
11 119
11 136
11 142
11 148
11 151
11 168
11 170
11 177
11 182
12 34
12 65
12 81
12 92
12 121
12 122
12 125
12 131
12 152
