0 12
0 24
0 45
0 55
0 56
0 76
0 83
0 86
0 112
0 115
0 128
0 145
0 162
0 166
0 178
0 183
0 199
1 9
1 32
1 33
1 64
1 87
1 136
1 142
1 149
1 151
1 168
1 177
2 2
2 29
2 62
2 93
2 114
2 116
2 118
2 160
2 165
2 172
2 195
2 196
3 5
3 20
3 53
3 58
3 100
3 117
3 153
3 164
3 174
4 3
4 6
4 14
4 27
4 43
4 48
4 49
4 66
4 78
4 91
4 95
4 97
4 102
4 105
4 135
4 140
4 146
4 154
4 158
4 179
4 187
4 190
4 198
5 19
5 85
5 88
5 120
5 143
5 150
5 182
5 189
5 193
6 7
6 11
6 13
6 16
6 17
6 57
6 106
6 111
6 124
6 133
6 144
6 159
6 173
6 186
6 188
6 191
7 8
7 15
7 28
7 35
7 37
7 39
7 42
7 52
7 68
7 72
7 79
7 80
7 103
7 157
7 175
7 176
7 184
7 192
7 194
8 4
8 25
8 77
8 98
8 109
8 132
8 134
8 156
8 163
8 171
9 22
9 30
9 67
9 70
9 82
9 99
9 161
9 181
9 197
10 34
10 65
10 81
10 92
10 121
10 122
10 125
10 131
10 152
11 0
11 18
11 31
11 36
11 44
11 47
11 59
11 60
11 69
11 74
11 75
11 101
11 108
11 138
12 21
12 26
12 40
12 41
12 46
12 89
12 96
12 104
12 107
12 110
12 123
12 127
12 129
12 137
12 167
12 180
13 23
13 50
13 61
13 63
13 71
13 84
13 113
13 139
13 155
13 169
14 1
14 10
14 38
14 51
14 54
14 73
14 90
14 94
14 119
14 126
14 130
14 141
14 147
14 148
14 170
14 185
