0 12
0 24
0 45
0 55
0 76
0 83
0 86
0 115
0 128
0 145
0 162
0 178
0 183
1 29
1 62
1 63
1 93
1 113
1 114
1 116
1 118
1 125
1 134
1 160
1 165
1 195
1 196
2 33
2 38
2 64
2 119
2 172
3 15
3 35
3 37
3 39
3 42
3 68
3 72
3 79
3 80
3 88
3 103
3 157
3 176
3 182
3 184
3 192
3 193
4 2
4 4
4 19
4 25
4 77
4 98
4 109
4 132
4 143
4 156
4 163
4 171
4 189
5 1
5 21
5 26
5 40
5 54
5 58
5 73
5 89
5 94
5 107
5 120
5 126
5 129
5 130
5 137
5 141
5 147
5 150
5 180
5 185
6 7
6 11
6 16
6 17
6 31
6 57
6 59
6 60
6 69
6 74
6 101
6 111
6 124
6 133
6 138
6 144
6 159
6 173
6 186
6 188
6 191
7 3
7 9
7 13
7 14
7 66
7 95
7 106
8 10
8 48
8 140
8 146
8 154
8 179
8 190
9 23
9 50
9 61
9 71
9 84
9 139
9 155
9 169
10 8
10 28
10 52
10 56
10 70
10 112
10 166
10 175
10 194
10 199
11 32
11 51
11 85
11 87
11 90
11 136
11 142
11 148
11 149
11 151
11 168
11 170
11 177
12 34
12 65
12 81
12 92
12 121
12 122
12 131
12 152
13 0
13 5
13 18
13 20
13 36
13 44
13 47
13 53
13 75
13 100
13 108
13 117
13 153
13 164
13 174
14 6
14 27
14 43
14 49
14 78
14 91
14 97
14 102
14 105
14 135
14 158
14 187
14 198
15 22
15 30
15 67
15 82
15 99
15 161
15 181
15 197
16 41
16 46
16 96
16 104
16 110
16 123
16 127
16 167
