0 3
0 9
0 14
0 32
0 48
0 95
0 154
0 179
1 22
1 56
1 70
1 112
1 166
1 194
1 199
2 1
2 20
2 21
2 26
2 40
2 54
2 73
2 94
2 100
2 120
2 126
2 130
2 137
2 141
2 147
2 150
2 185
3 23
3 29
3 62
3 63
3 93
3 113
3 114
3 116
3 118
3 125
3 160
3 165
3 195
3 196
4 0
4 5
4 18
4 36
4 44
4 47
4 59
4 75
4 101
4 108
4 153
5 12
5 24
5 45
5 55
5 83
5 86
5 115
5 128
5 162
5 178
5 183
6 7
6 124
6 133
6 144
6 159
6 173
7 50
7 61
7 71
7 84
7 139
7 155
7 169
8 25
8 77
8 98
8 109
8 132
8 134
8 171
9 10
9 31
9 33
9 38
9 51
9 64
9 87
9 90
9 119
9 148
9 151
9 168
9 170
10 34
10 65
10 81
10 92
10 121
10 122
10 131
10 140
10 146
10 152
10 190
11 37
11 41
11 46
11 52
11 72
11 96
11 104
11 110
11 123
11 127
11 142
11 167
12 11
12 13
12 16
12 17
12 57
12 60
12 69
12 74
12 106
12 111
12 136
12 138
12 149
12 177
12 186
12 188
12 191
13 15
13 35
13 39
13 85
13 88
13 182
13 184
13 192
13 193
14 30
14 67
14 82
14 99
14 161
14 181
14 197
15 6
15 27
15 43
15 49
15 66
15 78
15 91
15 97
15 102
15 105
15 135
15 158
15 187
15 198
16 2
16 4
16 19
16 89
16 143
16 156
16 163
16 172
16 189
17 8
17 28
17 42
17 68
17 76
17 79
17 80
17 103
17 145
17 157
17 175
17 176
18 53
18 58
18 107
18 117
18 129
18 164
18 174
18 180
