0 2
0 4
0 19
0 29
0 93
0 114
0 116
0 118
0 160
0 163
0 165
0 172
0 189
0 195
0 196
1 56
1 112
1 142
1 166
1 177
1 199
2 9
2 11
2 13
2 16
2 17
2 57
2 69
2 106
2 138
2 186
3 5
3 20
3 53
3 58
3 100
3 117
3 153
3 164
3 174
4 34
4 65
4 81
4 92
4 121
4 122
4 131
4 152
5 1
5 73
5 85
5 90
5 94
5 120
5 130
5 143
5 147
5 150
5 182
6 22
6 30
6 67
6 82
6 99
6 161
6 181
6 197
7 23
7 50
7 61
7 62
7 63
7 71
7 84
7 113
7 125
7 139
7 155
7 169
8 6
8 14
8 27
8 43
8 49
8 66
8 78
8 91
8 95
8 97
8 102
8 105
8 135
8 158
8 187
8 198
9 0
9 18
9 36
9 44
9 47
9 59
9 60
9 75
9 101
10 3
10 10
10 48
10 140
10 146
10 154
10 170
10 179
10 190
11 7
11 111
11 124
11 133
11 144
11 159
11 173
11 188
11 191
12 12
12 24
12 45
12 55
12 76
12 83
12 86
12 115
12 128
12 162
12 183
13 8
13 28
13 37
13 46
13 52
13 68
13 72
13 79
13 80
13 96
13 103
13 157
13 175
13 176
13 194
14 41
14 104
14 123
14 127
14 167
15 25
15 77
15 98
15 109
15 132
15 134
15 156
15 171
16 21
16 26
16 40
16 54
16 89
16 107
16 110
16 126
16 129
16 137
16 141
16 180
16 185
17 15
17 35
17 39
17 42
17 70
17 88
17 145
17 178
17 184
17 192
17 193
18 32
18 33
18 64
18 149
18 151
19 31
19 38
19 51
19 74
19 87
19 108
19 119
19 136
19 148
19 168
