0 1
0 8
0 12
0 15
0 19
0 21
0 22
0 24
0 26
0 28
0 30
0 35
0 37
0 39
0 40
0 41
0 42
0 45
0 46
0 52
0 54
0 55
0 56
0 58
0 67
0 68
0 70
0 72
0 73
0 76
0 79
0 80
0 82
0 83
0 85
0 86
0 88
0 89
0 94
0 96
0 99
0 103
0 104
0 107
0 110
0 112
0 115
0 120
0 123
0 126
0 127
0 128
0 129
0 130
0 137
0 141
0 142
0 143
0 145
0 147
0 150
0 156
0 157
0 161
0 162
0 166
0 167
0 175
0 176
0 178
0 180
0 181
0 182
0 183
0 184
0 185
0 189
0 192
0 193
0 194
0 197
0 199
1 0
1 3
1 5
1 7
1 9
1 10
1 11
1 13
1 14
1 16
1 17
1 18
1 20
1 31
1 32
1 33
1 36
1 38
1 44
1 47
1 48
1 51
1 53
1 57
1 59
1 60
1 64
1 69
1 74
1 75
1 87
1 90
1 100
1 101
1 106
1 108
1 111
1 117
1 119
1 124
1 133
1 136
1 138
1 140
1 144
1 148
1 149
1 151
1 153
1 159
1 164
1 168
1 170
1 173
1 174
1 177
1 186
1 188
1 191
2 2
2 4
2 6
2 23
2 25
2 27
2 29
2 34
2 43
2 49
2 50
2 61
2 62
2 63
2 65
2 66
2 71
2 77
2 78
2 81
2 84
2 91
2 92
2 93
2 95
2 97
2 98
2 102
2 105
2 109
2 113
2 114
2 116
2 118
2 121
2 122
2 125
2 131
2 132
2 134
2 135
2 139
2 146
2 152
2 154
2 155
2 158
2 160
2 163
2 165
2 169
2 171
2 172
2 179
2 187
2 190
2 195
2 196
2 198
