0 1
0 5
0 19
0 20
0 21
0 26
0 37
0 40
0 41
0 46
0 53
0 54
0 58
0 72
0 73
0 85
0 89
0 90
0 94
0 96
0 100
0 104
0 107
0 110
0 117
0 120
0 123
0 126
0 127
0 129
0 130
0 137
0 141
0 142
0 143
0 147
0 148
0 150
0 153
0 156
0 164
0 167
0 174
0 176
0 180
0 185
1 2
1 4
1 6
1 23
1 25
1 27
1 29
1 34
1 43
1 49
1 62
1 63
1 65
1 66
1 71
1 77
1 78
1 81
1 84
1 91
1 92
1 93
1 95
1 97
1 98
1 102
1 105
1 109
1 113
1 114
1 116
1 118
1 121
1 122
1 125
1 131
1 132
1 134
1 135
1 146
1 152
1 154
1 155
1 158
1 160
1 163
1 165
1 169
1 171
1 172
1 187
1 189
1 190
1 195
1 196
1 198
2 8
2 12
2 15
2 22
2 24
2 28
2 30
2 35
2 39
2 42
2 45
2 50
2 52
2 55
2 56
2 61
2 67
2 68
2 70
2 76
2 79
2 80
2 82
2 83
2 86
2 88
2 99
2 103
2 112
2 115
2 128
2 139
2 145
2 157
2 161
2 162
2 166
2 175
2 178
2 181
2 182
2 183
2 184
2 192
2 193
2 194
2 197
2 199
3 0
3 3
3 7
3 9
3 10
3 11
3 13
3 14
3 16
3 17
3 18
3 31
3 32
3 33
3 36
3 38
3 44
3 47
3 48
3 51
3 57
3 59
3 60
3 64
3 69
3 74
3 75
3 87
3 101
3 106
3 108
3 111
3 119
3 124
3 133
3 136
3 138
3 140
3 144
3 149
3 151
3 159
3 168
3 170
3 173
3 177
3 179
3 186
3 188
3 191
