0 8
0 12
0 15
0 22
0 24
0 28
0 30
0 35
0 39
0 42
0 45
0 52
0 55
0 56
0 68
0 70
0 76
0 79
0 80
0 82
0 83
0 86
0 88
0 99
0 103
0 112
0 115
0 128
0 145
0 157
0 162
0 166
0 175
0 176
0 178
0 182
0 183
0 184
0 192
0 193
0 194
0 197
0 199
1 3
1 6
1 9
1 10
1 13
1 14
1 27
1 32
1 33
1 34
1 43
1 48
1 49
1 65
1 66
1 78
1 91
1 92
1 95
1 97
1 102
1 105
1 106
1 121
1 122
1 131
1 135
1 140
1 146
1 151
1 152
1 154
1 158
1 170
1 179
1 187
1 190
1 198
2 2
2 4
2 19
2 23
2 25
2 29
2 50
2 61
2 62
2 63
2 67
2 71
2 77
2 81
2 84
2 93
2 98
2 109
2 113
2 114
2 116
2 118
2 125
2 132
2 134
2 139
2 155
2 156
2 160
2 161
2 163
2 165
2 169
2 171
2 172
2 181
2 189
2 195
2 196
3 1
3 21
3 26
3 37
3 40
3 41
3 46
3 54
3 58
3 72
3 73
3 85
3 87
3 89
3 90
3 94
3 96
3 104
3 107
3 110
3 117
3 120
3 123
3 126
3 127
3 129
3 130
3 137
3 141
3 142
3 143
3 147
3 148
3 150
3 167
3 177
3 180
3 185
4 0
4 5
4 7
4 11
4 16
4 17
4 18
4 20
4 31
4 36
4 38
4 44
4 47
4 51
4 53
4 57
4 59
4 60
4 64
4 69
4 74
4 75
4 100
4 101
4 108
4 111
4 119
4 124
4 133
4 136
4 138
4 144
4 149
4 153
4 159
4 164
4 168
4 173
4 174
4 186
4 188
4 191
