0 5
0 6
0 13
0 24
0 29
0 36
0 67
0 87
0 91
0 129
0 135
0 142
0 167
0 179
0 194
0 218
0 221
0 246
0 249
0 251
0 303
0 306
0 332
0 340
0 350
0 352
0 358
0 364
0 390
1 9
1 16
1 18
1 19
1 30
1 48
1 56
1 62
1 64
1 66
1 68
1 88
1 90
1 113
1 120
1 126
1 136
1 147
1 157
1 174
1 175
1 185
1 186
1 189
1 200
1 202
1 207
1 213
1 220
1 240
1 241
1 244
1 265
1 267
1 268
1 269
1 273
1 276
1 278
1 285
1 287
1 309
1 329
1 336
1 347
1 354
1 360
1 363
1 370
1 393
1 398
2 20
2 33
2 37
2 45
2 47
2 53
2 75
2 77
2 79
2 81
2 107
2 117
2 122
2 156
2 169
2 172
2 183
2 184
2 187
2 192
2 208
2 226
2 235
2 256
2 257
2 259
2 282
2 289
2 295
2 302
2 338
2 346
2 348
2 361
2 362
2 374
2 375
2 378
2 380
2 384
2 385
2 396
2 399
3 7
3 21
3 22
3 32
3 34
3 35
3 41
3 46
3 49
3 61
3 69
3 70
3 76
3 85
3 86
3 101
3 102
3 159
3 173
3 176
3 182
3 203
3 204
3 219
3 223
3 228
3 238
3 243
3 247
3 255
3 271
3 274
3 296
3 298
3 311
3 315
3 316
3 337
3 341
3 365
3 366
3 373
3 388
4 1
4 11
4 12
4 14
4 17
4 38
4 40
4 97
4 108
4 123
4 130
4 148
4 170
4 222
4 264
4 266
4 288
4 293
4 304
4 359
4 379
5 15
5 42
5 59
5 63
5 89
5 92
5 103
5 118
5 119
5 121
5 125
5 139
5 140
5 144
5 150
5 153
5 161
5 163
5 164
5 166
5 191
5 197
5 199
5 225
5 227
5 230
5 252
5 258
5 261
5 272
5 279
5 280
5 320
5 322
5 325
5 334
5 355
5 376
6 4
6 10
6 39
6 44
6 50
6 72
6 73
6 74
6 78
6 84
6 93
6 95
6 96
6 105
6 115
6 116
6 127
6 128
6 138
6 141
6 151
6 155
6 160
6 165
6 168
6 171
6 181
6 190
6 195
6 196
6 198
6 205
6 209
6 210
6 211
6 215
6 216
6 232
6 233
6 237
6 245
6 248
6 263
6 275
6 277
6 284
6 291
6 299
6 301
6 305
6 317
6 318
6 319
6 321
6 324
6 327
6 330
6 331
6 343
6 345
6 356
6 368
6 369
6 382
6 383
6 386
6 387
7 2
7 23
7 25
7 26
7 27
7 51
7 52
7 54
7 58
7 60
7 65
7 71
7 80
7 82
7 83
7 104
7 109
7 111
7 112
7 131
7 137
7 143
7 145
7 146
7 152
7 158
7 162
7 180
7 201
7 214
7 231
7 234
7 239
7 242
7 253
7 254
7 262
7 290
7 292
7 300
7 310
7 333
7 335
7 344
7 349
7 377
7 381
7 397
8 31
8 43
8 98
8 99
8 110
8 114
8 124
8 132
8 217
8 229
8 236
8 270
8 281
8 283
8 307
8 323
8 326
8 328
8 339
8 353
8 389
8 391
8 394
8 395
9 0
9 3
9 28
9 55
9 57
9 94
9 100
9 134
9 177
9 178
9 206
9 212
9 260
9 286
9 294
9 297
9 308
9 313
9 314
9 342
9 357
9 367
9 371
10 8
10 106
10 133
10 149
10 154
10 188
10 193
10 224
10 250
10 312
10 351
10 372
10 392
