0 0
0 3
0 10
0 28
0 39
0 59
0 81
0 94
0 121
0 134
0 177
0 184
0 212
0 252
0 260
0 294
0 308
0 314
0 319
0 325
0 356
0 357
0 367
0 371
0 382
0 384
1 9
1 63
1 64
1 73
1 88
1 90
1 103
1 105
1 110
1 120
1 150
1 156
1 157
1 174
1 186
1 200
1 202
1 279
1 316
1 327
1 395
2 5
2 6
2 12
2 16
2 17
2 22
2 29
2 32
2 44
2 49
2 87
2 89
2 97
2 108
2 113
2 117
2 126
2 129
2 133
2 148
2 149
2 151
2 154
2 155
2 161
2 166
2 167
2 172
2 188
2 190
2 193
2 194
2 207
2 209
2 218
2 221
2 224
2 246
2 250
2 251
2 261
2 264
2 266
2 274
2 286
2 296
2 303
2 306
2 312
2 332
2 334
2 340
2 350
2 352
2 359
2 364
2 372
2 374
2 379
2 390
2 393
2 399
3 2
3 14
3 25
3 26
3 51
3 54
3 58
3 60
3 65
3 71
3 80
3 82
3 104
3 109
3 112
3 131
3 143
3 145
3 146
3 152
3 158
3 170
3 180
3 214
3 231
3 234
3 239
3 242
3 253
3 254
3 290
3 292
3 300
3 328
3 335
3 344
3 347
3 349
3 381
3 397
4 18
4 19
4 37
4 119
4 140
4 144
4 163
4 168
4 183
4 191
4 227
4 230
4 247
4 255
4 257
4 258
4 265
4 272
4 282
4 289
4 298
4 309
4 362
4 366
4 375
4 376
5 20
5 33
5 35
5 36
5 47
5 52
5 75
5 79
5 107
5 127
5 138
5 169
5 187
5 192
5 208
5 226
5 235
5 237
5 259
5 262
5 275
5 285
5 291
5 331
5 337
5 338
5 380
5 396
6 55
6 95
6 96
6 100
6 153
6 164
6 178
6 198
6 205
6 206
6 297
6 305
6 320
7 7
7 21
7 46
7 48
7 61
7 68
7 69
7 70
7 76
7 85
7 86
7 101
7 102
7 128
7 159
7 171
7 173
7 176
7 182
7 204
7 211
7 223
7 228
7 238
7 243
7 269
7 271
7 311
7 341
7 365
7 373
7 385
7 388
8 31
8 43
8 98
8 99
8 114
8 123
8 124
8 130
8 217
8 222
8 229
8 236
8 245
8 270
8 281
8 283
8 288
8 293
8 304
8 307
8 323
8 326
8 339
8 353
8 389
8 391
8 394
9 4
9 50
9 74
9 78
9 93
9 115
9 116
9 132
9 141
9 160
9 181
9 195
9 196
9 201
9 232
9 240
9 263
9 284
9 317
9 318
9 321
9 330
9 345
9 351
9 368
9 383
10 15
10 34
10 41
10 42
10 72
10 84
10 92
10 118
10 125
10 165
10 197
10 199
10 203
10 210
10 215
10 216
10 219
10 225
10 233
10 248
10 277
10 280
10 299
10 301
10 315
10 322
10 324
10 343
10 355
10 369
10 386
10 387
11 13
11 30
11 56
11 57
11 62
11 66
11 67
11 91
11 135
11 136
11 142
11 175
11 179
11 185
11 189
11 213
11 220
11 241
11 244
11 256
11 268
11 273
11 276
11 278
11 287
11 295
11 313
11 329
11 336
11 342
11 354
11 363
11 370
11 398
12 1
12 8
12 11
12 38
12 40
12 106
12 139
12 392
13 23
13 24
13 27
13 45
13 53
13 77
13 83
13 111
13 122
13 137
13 147
13 162
13 249
13 267
13 302
13 310
13 333
13 346
13 348
13 358
13 360
13 361
13 377
13 378
