0 1
0 5
0 6
0 11
0 12
0 13
0 17
0 24
0 29
0 36
0 40
0 67
0 87
0 91
0 126
0 135
0 142
0 167
0 179
0 194
0 199
0 218
0 221
0 245
0 246
0 251
0 295
0 303
0 306
0 332
0 340
0 350
0 352
0 358
0 364
0 379
0 390
1 9
1 38
1 63
1 64
1 73
1 88
1 90
1 103
1 105
1 110
1 120
1 150
1 156
1 157
1 174
1 186
1 200
1 202
1 279
1 316
1 327
1 395
2 2
2 30
2 51
2 54
2 57
2 58
2 65
2 82
2 143
2 152
2 175
2 214
2 220
2 241
2 254
2 260
2 268
2 273
2 276
2 278
2 287
2 290
2 300
2 313
2 328
2 329
2 342
2 347
2 349
2 354
2 393
2 398
3 31
3 98
3 99
3 114
3 123
3 124
3 130
3 132
3 217
3 222
3 229
3 236
3 270
3 281
3 283
3 288
3 293
3 304
3 307
3 323
3 326
3 339
3 353
3 389
3 391
3 394
4 14
4 25
4 26
4 27
4 53
4 56
4 60
4 71
4 77
4 80
4 83
4 104
4 109
4 111
4 112
4 131
4 137
4 145
4 146
4 147
4 158
4 162
4 170
4 180
4 207
4 231
4 234
4 239
4 242
4 253
4 286
4 310
4 333
4 335
4 344
4 377
4 381
4 397
5 0
5 62
5 66
5 136
5 169
5 192
5 213
5 240
5 244
5 262
5 265
5 292
5 302
5 336
5 346
5 363
5 370
5 371
6 28
6 50
6 55
6 59
6 74
6 94
6 100
6 115
6 116
6 121
6 134
6 181
6 201
6 206
6 212
6 252
6 263
6 280
6 294
6 317
6 319
6 325
6 334
6 357
7 43
7 93
7 141
7 190
7 196
7 250
7 318
7 321
7 351
7 372
8 4
8 33
8 44
8 78
8 107
8 117
8 122
8 129
8 155
8 160
8 172
8 189
8 195
8 205
8 232
8 249
8 256
8 264
8 284
8 296
8 330
8 345
8 361
8 368
8 374
8 383
8 384
8 399
9 34
9 86
9 165
9 223
9 233
9 248
9 301
9 311
10 20
10 23
10 45
10 47
10 52
10 75
10 79
10 127
10 138
10 187
10 208
10 226
10 235
10 237
10 259
10 291
10 331
10 338
10 348
10 367
10 378
10 380
10 396
11 35
11 46
11 48
11 68
11 101
11 128
11 159
11 171
11 173
11 176
11 182
11 209
11 211
11 243
11 267
11 269
11 275
11 285
11 337
11 360
11 373
11 385
11 386
12 7
12 21
12 41
12 61
12 69
12 70
12 72
12 76
12 84
12 85
12 102
12 118
12 185
12 198
12 203
12 204
12 210
12 215
12 216
12 219
12 225
12 228
12 238
12 271
12 277
12 299
12 315
12 320
12 324
12 341
12 343
12 356
12 365
12 369
12 387
12 388
13 3
13 8
13 22
13 32
13 39
13 49
13 81
13 89
13 95
13 96
13 97
13 106
13 108
13 113
13 133
13 148
13 149
13 151
13 153
13 154
13 161
13 164
13 177
13 178
13 188
13 191
13 193
13 197
13 224
13 261
13 266
13 274
13 297
13 305
13 308
13 312
13 314
13 355
13 359
13 382
13 392
14 10
14 15
14 16
14 18
14 19
14 37
14 42
14 92
14 119
14 125
14 139
14 140
14 144
14 163
14 166
14 168
14 183
14 184
14 227
14 230
14 247
14 255
14 257
14 258
14 272
14 282
14 289
14 298
14 309
14 322
14 362
14 366
14 375
14 376
