0 4
0 23
0 25
0 50
0 60
0 71
0 74
0 83
0 94
0 104
0 109
0 111
0 112
0 115
0 116
0 131
0 132
0 137
0 145
0 160
0 162
0 181
0 195
0 196
0 201
0 212
0 234
0 239
0 242
0 253
0 263
0 284
0 292
0 310
0 317
0 318
0 333
0 344
0 345
0 367
0 368
0 381
0 383
0 397
1 1
1 6
1 11
1 12
1 13
1 17
1 30
1 36
1 40
1 67
1 91
1 97
1 126
1 128
1 135
1 142
1 169
1 179
1 185
1 198
1 211
1 213
1 226
1 235
1 244
1 245
1 295
1 302
1 346
1 352
1 358
1 363
1 390
2 9
2 63
2 64
2 73
2 88
2 90
2 103
2 105
2 110
2 120
2 150
2 156
2 157
2 174
2 186
2 200
2 202
2 279
2 316
2 327
2 395
3 2
3 26
3 27
3 51
3 57
3 58
3 62
3 65
3 82
3 143
3 152
3 175
3 214
3 240
3 241
3 254
3 268
3 273
3 276
3 278
3 287
3 290
3 300
3 313
3 328
3 335
3 336
3 342
3 349
3 354
3 377
3 398
4 98
4 99
4 114
4 124
4 229
4 236
4 270
4 283
4 323
4 326
4 339
4 353
4 389
4 394
5 10
5 18
5 19
5 37
5 44
5 72
5 78
5 84
5 118
5 144
5 155
5 165
5 168
5 210
5 215
5 216
5 225
5 227
5 232
5 247
5 248
5 257
5 277
5 289
5 298
5 299
5 322
5 324
5 329
5 330
5 343
5 355
5 356
5 362
5 366
5 369
5 384
5 386
5 387
6 7
6 21
6 34
6 41
6 46
6 48
6 61
6 69
6 70
6 76
6 85
6 86
6 101
6 102
6 159
6 173
6 176
6 182
6 203
6 204
6 219
6 223
6 228
6 233
6 238
6 243
6 269
6 271
6 301
6 311
6 315
6 341
6 365
6 373
6 388
7 0
7 15
7 28
7 42
7 59
7 92
7 121
7 125
7 139
7 166
7 184
7 230
7 252
7 258
7 280
7 294
7 325
7 334
7 357
8 3
8 39
8 55
8 81
8 95
8 96
8 134
8 153
8 164
8 177
8 178
8 205
8 206
8 260
8 297
8 305
8 308
8 314
8 319
8 320
8 371
8 382
9 45
9 47
9 75
9 79
9 183
9 187
9 255
9 259
9 282
9 309
9 348
9 375
9 378
9 380
9 385
9 396
10 14
10 31
10 43
10 80
10 123
10 130
10 158
10 170
10 199
10 217
10 220
10 222
10 231
10 264
10 281
10 288
10 293
10 304
10 307
10 379
10 391
11 8
11 22
11 32
11 38
11 49
11 89
11 93
11 106
11 108
11 133
11 140
11 141
11 148
11 149
11 151
11 154
11 161
11 188
11 190
11 191
11 193
11 209
11 224
11 250
11 261
11 266
11 274
11 312
11 321
11 351
11 359
11 372
11 392
12 117
12 122
12 129
12 172
12 189
12 208
12 221
12 249
12 256
12 306
12 361
12 374
12 399
13 20
13 33
13 35
13 52
13 66
13 68
13 107
13 127
13 136
13 138
13 171
13 192
13 237
13 262
13 265
13 275
13 285
13 291
13 296
13 331
13 337
13 338
13 370
14 5
14 24
14 29
14 87
14 167
14 194
14 218
14 246
14 251
14 303
14 340
14 350
14 364
15 16
15 53
15 54
15 56
15 77
15 100
15 113
15 119
15 146
15 147
15 163
15 180
15 197
15 207
15 267
15 272
15 286
15 332
15 347
15 360
15 376
15 393
