0 54
0 59
0 100
0 166
0 252
0 278
0 286
0 334
0 347
0 393
1 14
1 17
1 31
1 80
1 98
1 99
1 114
1 123
1 124
1 130
1 158
1 170
1 217
1 222
1 229
1 236
1 264
1 270
1 281
1 283
1 288
1 293
1 304
1 307
1 326
1 339
1 353
1 379
1 389
1 391
1 394
2 11
2 34
2 40
2 68
2 86
2 101
2 127
2 138
2 159
2 165
2 171
2 173
2 176
2 223
2 233
2 237
2 248
2 269
2 275
2 285
2 291
2 301
2 311
2 331
2 337
3 22
3 28
3 32
3 49
3 55
3 89
3 94
3 97
3 134
3 148
3 151
3 161
3 177
3 178
3 191
3 206
3 260
3 261
3 274
3 294
3 314
3 371
4 9
4 63
4 64
4 73
4 88
4 90
4 103
4 105
4 110
4 120
4 150
4 156
4 174
4 186
4 200
4 279
4 316
4 327
4 395
5 15
5 42
5 92
5 121
5 125
5 139
5 184
5 225
5 230
5 258
5 280
5 299
5 320
5 322
5 325
6 16
6 113
6 119
6 126
6 140
6 144
6 163
6 197
6 199
6 227
6 267
6 272
6 355
6 360
6 376
7 6
7 13
7 56
7 67
7 91
7 135
7 142
7 147
7 169
7 179
7 192
7 244
7 295
7 302
7 332
7 346
7 358
7 363
7 390
8 1
8 3
8 10
8 39
8 81
8 95
8 96
8 153
8 157
8 164
8 202
8 205
8 210
8 215
8 245
8 297
8 305
8 308
8 319
8 323
8 356
8 382
8 384
8 386
8 387
9 30
9 33
9 37
9 43
9 44
9 53
9 66
9 72
9 77
9 84
9 93
9 107
9 117
9 118
9 122
9 136
9 141
9 149
9 155
9 172
9 185
9 188
9 189
9 190
9 207
9 209
9 213
9 216
9 220
9 241
9 249
9 250
9 256
9 257
9 265
9 266
9 276
9 277
9 289
9 296
9 309
9 324
9 329
9 340
9 343
9 348
9 352
9 361
9 362
9 369
9 370
9 374
9 375
9 399
10 2
10 26
10 27
10 51
10 57
10 58
10 62
10 65
10 82
10 111
10 137
10 143
10 146
10 152
10 162
10 175
10 180
10 214
10 231
10 254
10 268
10 273
10 287
10 290
10 300
10 310
10 313
10 328
10 335
10 336
10 342
10 349
10 354
10 377
10 398
11 0
11 23
11 25
11 52
11 60
11 71
11 83
11 104
11 109
11 112
11 131
11 145
11 212
11 234
11 239
11 242
11 253
11 262
11 292
11 333
11 344
11 357
11 367
11 381
11 397
12 4
12 50
12 74
12 78
12 115
12 116
12 132
12 160
12 181
12 195
12 196
12 198
12 201
12 232
12 240
12 263
12 284
12 317
12 318
12 321
12 330
12 345
12 351
12 368
12 383
13 5
13 24
13 29
13 87
13 129
13 167
13 194
13 218
13 221
13 246
13 251
13 303
13 306
13 350
13 364
14 8
14 38
14 106
14 108
14 133
14 154
14 193
14 224
14 312
14 359
14 372
14 392
15 7
15 12
15 18
15 19
15 21
15 35
15 41
15 46
15 48
15 61
15 69
15 70
15 76
15 85
15 102
15 128
15 168
15 182
15 203
15 204
15 211
15 219
15 228
15 238
15 243
15 247
15 255
15 271
15 298
15 315
15 341
15 365
15 366
15 373
15 388
16 20
16 36
16 45
16 47
16 75
16 79
16 183
16 187
16 208
16 226
16 235
16 259
16 282
16 338
16 378
16 380
16 385
16 396
