0 20
0 45
0 47
0 75
0 79
0 183
0 187
0 208
0 226
0 235
0 259
0 338
0 348
0 378
0 380
0 385
0 396
1 5
1 6
1 13
1 24
1 29
1 36
1 67
1 87
1 91
1 135
1 142
1 167
1 179
1 194
1 221
1 295
1 303
1 306
1 332
1 350
1 352
1 358
1 390
2 4
2 50
2 74
2 78
2 115
2 116
2 132
2 160
2 181
2 195
2 198
2 201
2 232
2 240
2 263
2 284
2 317
2 345
2 368
2 383
3 107
3 117
3 122
3 129
3 172
3 185
3 189
3 209
3 218
3 246
3 249
3 251
3 256
3 340
3 361
3 364
3 374
3 399
4 15
4 42
4 72
4 84
4 92
4 118
4 119
4 139
4 140
4 144
4 163
4 166
4 197
4 199
4 216
4 225
4 227
4 230
4 258
4 272
4 277
4 280
4 299
4 322
4 330
4 343
4 355
4 376
5 12
5 14
5 26
5 27
5 44
5 53
5 56
5 71
5 77
5 80
5 104
5 111
5 126
5 137
5 146
5 147
5 155
5 158
5 162
5 170
5 180
5 207
5 231
5 239
5 248
5 266
5 267
5 286
5 310
5 324
5 335
5 347
5 360
5 369
5 377
5 381
5 386
5 397
6 16
6 17
6 22
6 32
6 49
6 89
6 97
6 108
6 113
6 148
6 149
6 151
6 154
6 161
6 191
6 224
6 261
6 274
6 359
7 33
7 66
7 136
7 213
7 265
7 276
7 285
7 296
7 336
7 370
7 371
8 40
8 68
8 101
8 127
8 128
8 138
8 165
8 171
8 211
8 233
8 237
8 275
8 291
8 301
8 331
8 337
9 1
9 31
9 43
9 98
9 99
9 114
9 123
9 124
9 130
9 157
9 217
9 222
9 229
9 236
9 245
9 264
9 270
9 281
9 283
9 288
9 293
9 304
9 307
9 323
9 326
9 339
9 353
9 379
9 389
9 391
9 394
10 0
10 23
10 25
10 52
10 60
10 83
10 109
10 112
10 131
10 145
10 212
10 234
10 242
10 253
10 262
10 292
10 333
10 344
10 357
10 367
11 169
11 192
11 244
11 302
11 346
11 363
12 93
12 133
12 141
12 188
12 190
12 193
12 196
12 250
12 312
12 318
12 321
12 351
12 372
13 18
13 19
13 37
13 76
13 168
13 247
13 255
13 257
13 282
13 289
13 298
13 309
13 362
13 366
13 375
14 2
14 51
14 54
14 57
14 58
14 62
14 65
14 82
14 143
14 152
14 175
14 214
14 220
14 241
14 254
14 260
14 268
14 273
14 278
14 287
14 290
14 300
14 313
14 328
14 329
14 342
14 349
14 354
14 393
14 398
15 7
15 21
15 34
15 35
15 41
15 46
15 48
15 61
15 69
15 70
15 85
15 86
15 102
15 159
15 173
15 176
15 182
15 202
15 203
15 204
15 219
15 223
15 228
15 238
15 243
15 269
15 271
15 311
15 315
15 341
15 365
15 373
15 388
16 8
16 9
16 11
16 28
16 30
16 38
16 55
16 59
16 63
16 64
16 73
16 88
16 90
16 94
16 100
16 103
16 105
16 106
16 110
16 120
16 121
16 125
16 150
16 156
16 174
16 186
16 200
16 252
16 279
16 294
16 316
16 320
16 325
16 327
16 334
16 392
16 395
17 3
17 10
17 39
17 81
17 95
17 96
17 134
17 153
17 164
17 177
17 178
17 184
17 205
17 206
17 210
17 215
17 297
17 305
17 308
17 314
17 319
17 356
17 382
17 384
17 387
