0 68
0 101
0 127
0 138
0 159
0 169
0 171
0 173
0 192
0 237
0 275
0 291
0 301
0 302
0 331
0 337
0 346
1 7
1 21
1 35
1 41
1 46
1 48
1 61
1 69
1 70
1 85
1 86
1 102
1 176
1 182
1 204
1 219
1 223
1 228
1 238
1 243
1 269
1 271
1 285
1 311
1 341
1 365
1 373
1 388
2 15
2 42
2 59
2 92
2 119
2 121
2 140
2 144
2 163
2 166
2 184
2 199
2 230
2 252
2 258
2 272
2 280
2 322
2 325
2 334
2 376
3 26
3 53
3 56
3 57
3 77
3 82
3 100
3 146
3 147
3 180
3 207
3 220
3 241
3 244
3 267
3 268
3 273
3 276
3 278
3 286
3 313
3 329
3 342
3 347
3 360
3 363
3 393
3 398
4 28
4 31
4 50
4 55
4 62
4 74
4 94
4 115
4 116
4 181
4 201
4 217
4 231
4 240
4 263
4 307
4 317
4 354
4 391
5 93
5 133
5 141
5 149
5 154
5 188
5 190
5 193
5 196
5 209
5 227
5 250
5 312
5 318
5 321
5 351
5 372
6 9
6 63
6 64
6 73
6 88
6 90
6 103
6 105
6 120
6 150
6 156
6 174
6 186
6 200
6 279
6 316
6 327
7 17
7 97
7 99
7 123
7 130
7 148
7 170
7 229
7 266
7 281
7 283
8 20
8 45
8 47
8 75
8 79
8 187
8 226
8 235
8 259
8 338
8 378
8 380
8 385
8 396
9 1
9 8
9 11
9 12
9 14
9 30
9 38
9 40
9 106
9 108
9 139
9 157
9 222
9 224
9 264
9 288
9 293
9 304
9 359
9 379
9 392
10 3
10 10
10 39
10 81
10 95
10 96
10 134
10 153
10 164
10 177
10 178
10 206
10 210
10 260
10 294
10 297
10 305
10 308
10 314
10 319
10 356
10 371
10 382
10 384
11 6
11 13
11 36
11 67
11 87
11 91
11 135
11 142
11 179
11 295
11 358
11 390
12 33
12 66
12 107
12 117
12 122
12 129
12 136
12 172
12 189
12 208
12 213
12 249
12 256
12 296
12 348
12 352
12 361
12 370
12 374
12 399
13 43
13 98
13 110
13 114
13 124
13 236
13 270
13 323
13 326
13 339
13 353
13 389
13 394
13 395
14 4
14 34
14 44
14 72
14 78
14 84
14 118
14 125
14 126
14 128
14 132
14 155
14 160
14 165
14 185
14 195
14 198
14 202
14 203
14 205
14 211
14 215
14 216
14 225
14 232
14 233
14 245
14 248
14 277
14 284
14 299
14 315
14 320
14 324
14 330
14 343
14 345
14 368
14 369
14 383
14 386
14 387
15 0
15 23
15 25
15 52
15 109
15 145
15 212
15 234
15 253
15 262
15 292
15 357
15 367
16 2
16 51
16 54
16 58
16 65
16 143
16 152
16 175
16 214
16 254
16 287
16 290
16 300
16 328
16 335
16 336
16 349
17 18
17 19
17 37
17 76
17 168
17 183
17 247
17 255
17 257
17 265
17 282
17 289
17 298
17 309
17 362
17 366
17 375
18 5
18 16
18 22
18 24
18 29
18 32
18 49
18 89
18 113
18 151
18 161
18 167
18 191
18 194
18 197
18 218
18 221
18 246
18 251
18 261
18 274
18 303
18 306
18 332
18 340
18 350
18 355
18 364
19 27
19 60
19 71
19 80
19 83
19 104
19 111
19 112
19 131
19 137
19 158
19 162
19 239
19 242
19 310
19 333
19 344
19 377
19 381
19 397
