0 2
0 4
0 5
0 6
0 7
0 13
0 16
0 18
0 19
0 20
0 21
0 22
0 23
0 24
0 25
0 26
0 27
0 29
0 32
0 33
0 34
0 35
0 36
0 37
0 41
0 44
0 46
0 47
0 48
0 49
0 50
0 51
0 52
0 53
0 54
0 58
0 60
0 61
0 62
0 64
0 65
0 66
0 67
0 68
0 69
0 70
0 71
0 72
0 74
0 76
0 77
0 78
0 79
0 82
0 84
0 85
0 86
0 87
0 89
0 91
0 93
0 101
0 102
0 104
0 106
0 107
0 109
0 111
0 112
0 113
0 115
0 116
0 117
0 118
0 119
0 122
0 126
0 127
0 128
0 129
0 131
0 132
0 133
0 135
0 136
0 137
0 138
0 140
0 141
0 142
0 143
0 144
0 145
0 146
0 147
0 149
0 151
0 152
0 154
0 155
0 159
0 160
0 161
0 162
0 163
0 165
0 167
0 168
0 171
0 172
0 173
0 174
0 175
0 176
0 179
0 180
0 181
0 182
0 187
0 188
0 189
0 190
0 191
0 193
0 194
0 195
0 196
0 197
0 198
0 201
0 203
0 204
0 207
0 208
0 209
0 211
0 214
0 216
0 218
0 219
0 221
0 223
0 225
0 226
0 227
0 228
0 231
0 232
0 233
0 234
0 235
0 237
0 238
0 239
0 240
0 241
0 242
0 243
0 246
0 247
0 248
0 249
0 250
0 251
0 253
0 255
0 256
0 257
0 259
0 261
0 262
0 263
0 265
0 266
0 267
0 268
0 269
0 271
0 272
0 273
0 274
0 275
0 277
0 282
0 284
0 285
0 287
0 289
0 290
0 291
0 292
0 296
0 298
0 299
0 300
0 301
0 303
0 306
0 309
0 310
0 311
0 315
0 317
0 318
0 321
0 324
0 329
0 330
0 331
0 332
0 333
0 335
0 336
0 337
0 338
0 340
0 341
0 343
0 344
0 345
0 347
0 348
0 349
0 350
0 351
0 352
0 354
0 355
0 358
0 360
0 361
0 362
0 364
0 365
0 366
0 368
0 369
0 370
0 372
0 373
0 374
0 375
0 376
0 377
0 378
0 380
0 381
0 383
0 385
0 386
0 388
0 390
0 397
0 398
0 399
1 0
1 3
1 9
1 10
1 15
1 28
1 39
1 42
1 45
1 55
1 56
1 57
1 59
1 63
1 75
1 81
1 83
1 88
1 92
1 94
1 95
1 96
1 100
1 120
1 121
1 125
1 134
1 150
1 153
1 164
1 166
1 169
1 177
1 178
1 183
1 184
1 186
1 192
1 200
1 205
1 206
1 210
1 212
1 213
1 230
1 244
1 252
1 254
1 258
1 260
1 276
1 278
1 279
1 280
1 286
1 294
1 295
1 297
1 302
1 305
1 308
1 313
1 314
1 319
1 320
1 322
1 325
1 334
1 342
1 346
1 356
1 357
1 363
1 367
1 371
1 382
1 384
1 387
1 393
1 396
2 1
2 8
2 11
2 12
2 14
2 17
2 30
2 31
2 38
2 40
2 43
2 73
2 80
2 90
2 97
2 98
2 99
2 103
2 105
2 108
2 110
2 114
2 123
2 124
2 130
2 139
2 148
2 156
2 157
2 158
2 170
2 185
2 199
2 202
2 215
2 217
2 220
2 222
2 224
2 229
2 236
2 245
2 264
2 270
2 281
2 283
2 288
2 293
2 304
2 307
2 312
2 316
2 323
2 326
2 327
2 328
2 339
2 353
2 359
2 379
2 389
2 391
2 392
2 394
2 395
