0 15
0 16
0 42
0 53
0 54
0 56
0 59
0 77
0 89
0 92
0 100
0 113
0 119
0 121
0 139
0 140
0 144
0 148
0 153
0 154
0 161
0 163
0 164
0 166
0 184
0 191
0 197
0 199
0 207
0 227
0 230
0 252
0 258
0 261
0 267
0 272
0 278
0 280
0 286
0 322
0 325
0 332
0 334
0 355
0 360
0 376
0 393
1 1
1 8
1 11
1 12
1 14
1 17
1 30
1 31
1 38
1 40
1 97
1 98
1 99
1 106
1 108
1 114
1 123
1 124
1 130
1 157
1 170
1 217
1 222
1 224
1 229
1 236
1 245
1 264
1 270
1 281
1 283
1 288
1 293
1 304
1 307
1 312
1 323
1 326
1 339
1 353
1 359
1 379
1 389
1 391
1 392
1 394
2 2
2 4
2 25
2 26
2 50
2 51
2 55
2 57
2 58
2 60
2 62
2 65
2 71
2 74
2 80
2 82
2 94
2 104
2 111
2 112
2 115
2 116
2 131
2 132
2 137
2 143
2 145
2 146
2 152
2 158
2 160
2 162
2 180
2 181
2 195
2 196
2 201
2 212
2 214
2 231
2 234
2 239
2 240
2 242
2 254
2 263
2 273
2 290
2 300
2 310
2 313
2 317
2 318
2 321
2 328
2 333
2 335
2 336
2 342
2 344
2 345
2 347
2 349
2 351
2 354
2 368
2 381
2 383
2 397
3 3
3 5
3 6
3 7
3 9
3 10
3 13
3 18
3 19
3 21
3 22
3 24
3 29
3 32
3 33
3 34
3 35
3 36
3 37
3 39
3 41
3 43
3 44
3 45
3 46
3 47
3 48
3 49
3 61
3 63
3 64
3 67
3 69
3 70
3 72
3 73
3 76
3 78
3 81
3 84
3 85
3 86
3 87
3 88
3 90
3 91
3 93
3 95
3 96
3 101
3 102
3 103
3 107
3 110
3 117
3 118
3 120
3 122
3 125
3 126
3 128
3 129
3 133
3 135
3 141
3 142
3 147
3 149
3 150
3 151
3 155
3 156
3 159
3 165
3 167
3 168
3 171
3 172
3 173
3 174
3 175
3 176
3 178
3 179
3 182
3 183
3 185
3 186
3 188
3 189
3 190
3 193
3 194
3 198
3 200
3 202
3 203
3 204
3 205
3 206
3 208
3 209
3 210
3 211
3 215
3 216
3 218
3 219
3 220
3 221
3 223
3 225
3 228
3 232
3 233
3 238
3 241
3 243
3 246
3 247
3 248
3 249
3 250
3 251
3 255
3 256
3 257
3 266
3 268
3 269
3 271
3 274
3 276
3 277
3 279
3 282
3 284
3 285
3 289
3 295
3 296
3 297
3 298
3 299
3 301
3 303
3 305
3 306
3 308
3 309
3 311
3 314
3 315
3 316
3 319
3 320
3 324
3 327
3 329
3 330
3 340
3 341
3 343
3 348
3 350
3 352
3 356
3 358
3 361
3 362
3 364
3 365
3 366
3 369
3 373
3 374
3 375
3 378
3 380
3 382
3 384
3 385
3 386
3 387
3 388
3 390
3 395
3 398
3 399
4 0
4 20
4 23
4 27
4 28
4 52
4 66
4 68
4 75
4 79
4 83
4 105
4 109
4 127
4 134
4 136
4 138
4 169
4 177
4 187
4 192
4 213
4 226
4 235
4 237
4 244
4 253
4 259
4 260
4 262
4 265
4 275
4 287
4 291
4 292
4 294
4 302
4 331
4 337
4 338
4 346
4 357
4 363
4 367
4 370
4 371
4 372
4 377
4 396
