0 1
0 8
0 11
0 12
0 14
0 17
0 30
0 31
0 38
0 40
0 97
0 98
0 99
0 108
0 114
0 123
0 124
0 130
0 148
0 157
0 170
0 217
0 222
0 224
0 229
0 236
0 245
0 264
0 270
0 281
0 283
0 288
0 293
0 304
0 307
0 312
0 323
0 326
0 339
0 353
0 359
0 379
0 389
0 391
0 392
0 394
1 5
1 9
1 16
1 22
1 24
1 29
1 32
1 49
1 53
1 63
1 64
1 77
1 88
1 89
1 90
1 103
1 106
1 110
1 113
1 118
1 119
1 120
1 122
1 126
1 129
1 133
1 140
1 144
1 149
1 150
1 154
1 161
1 163
1 166
1 167
1 174
1 186
1 191
1 194
1 197
1 200
1 207
1 218
1 221
1 246
1 249
1 251
1 258
1 261
1 267
1 272
1 274
1 279
1 286
1 303
1 306
1 316
1 324
1 332
1 334
1 340
1 350
1 355
1 360
1 361
1 364
1 375
1 376
1 393
1 395
2 15
2 33
2 42
2 43
2 72
2 84
2 92
2 93
2 117
2 139
2 141
2 172
2 189
2 190
2 193
2 196
2 199
2 216
2 225
2 227
2 230
2 250
2 277
2 280
2 299
2 317
2 318
2 321
2 322
2 330
2 351
2 372
2 374
2 399
3 2
3 23
3 25
3 26
3 27
3 51
3 54
3 57
3 58
3 59
3 60
3 62
3 65
3 71
3 80
3 82
3 83
3 104
3 109
3 111
3 112
3 131
3 137
3 143
3 145
3 146
3 152
3 158
3 162
3 175
3 180
3 201
3 212
3 214
3 231
3 234
3 239
3 240
3 242
3 253
3 254
3 260
3 273
3 278
3 287
3 290
3 292
3 300
3 310
3 313
3 328
3 333
3 335
3 336
3 342
3 344
3 347
3 349
3 354
3 367
3 377
3 381
3 397
3 398
4 6
4 7
4 13
4 18
4 19
4 20
4 21
4 34
4 35
4 36
4 41
4 44
4 45
4 46
4 47
4 48
4 52
4 56
4 61
4 66
4 67
4 68
4 69
4 70
4 75
4 76
4 79
4 85
4 86
4 87
4 91
4 101
4 102
4 107
4 127
4 128
4 135
4 136
4 138
4 142
4 147
4 155
4 159
4 165
4 169
4 171
4 173
4 176
4 179
4 182
4 185
4 187
4 188
4 192
4 202
4 203
4 204
4 208
4 209
4 211
4 213
4 219
4 220
4 223
4 226
4 233
4 235
4 237
4 238
4 241
4 243
4 244
4 248
4 255
4 256
4 259
4 262
4 266
4 268
4 269
4 271
4 275
4 276
4 285
4 291
4 295
4 296
4 301
4 302
4 309
4 311
4 315
4 329
4 331
4 337
4 338
4 341
4 343
4 346
4 348
4 352
4 358
4 363
4 365
4 369
4 370
4 373
4 378
4 380
4 385
4 388
4 390
4 396
5 0
5 3
5 4
5 10
5 28
5 37
5 39
5 50
5 55
5 73
5 74
5 78
5 81
5 94
5 95
5 96
5 100
5 105
5 115
5 116
5 121
5 125
5 132
5 134
5 151
5 153
5 156
5 160
5 164
5 168
5 177
5 178
5 181
5 183
5 184
5 195
5 198
5 205
5 206
5 210
5 215
5 228
5 232
5 247
5 252
5 257
5 263
5 265
5 282
5 284
5 289
5 294
5 297
5 298
5 305
5 308
5 314
5 319
5 320
5 325
5 327
5 345
5 356
5 357
5 362
5 366
5 368
5 371
5 382
5 383
5 384
5 386
5 387
