0 6
0 29
0 33
0 36
0 37
0 45
0 47
0 67
0 91
0 107
0 117
0 122
0 129
0 135
0 142
0 172
0 179
0 183
0 189
0 208
0 221
0 226
0 249
0 256
0 282
0 289
0 295
0 306
0 332
0 348
0 352
0 361
0 362
0 374
0 375
0 380
0 385
0 399
1 5
1 13
1 14
1 22
1 24
1 25
1 26
1 27
1 49
1 53
1 56
1 60
1 71
1 77
1 80
1 83
1 87
1 97
1 100
1 104
1 111
1 112
1 113
1 131
1 137
1 146
1 147
1 148
1 158
1 162
1 167
1 170
1 180
1 194
1 207
1 218
1 231
1 239
1 242
1 246
1 267
1 274
1 286
1 303
1 310
1 324
1 333
1 340
1 344
1 347
1 350
1 358
1 360
1 364
1 377
1 378
1 381
1 386
1 390
1 397
2 3
2 4
2 10
2 28
2 39
2 44
2 50
2 55
2 72
2 73
2 74
2 78
2 81
2 84
2 93
2 94
2 95
2 96
2 105
2 115
2 116
2 121
2 125
2 132
2 134
2 141
2 153
2 155
2 160
2 164
2 177
2 178
2 181
2 184
2 190
2 195
2 196
2 198
2 201
2 205
2 206
2 210
2 212
2 232
2 250
2 252
2 260
2 263
2 280
2 284
2 294
2 297
2 299
2 305
2 308
2 314
2 317
2 318
2 319
2 320
2 321
2 325
2 327
2 330
2 334
2 345
2 351
2 356
2 368
2 371
2 382
2 383
2 384
2 387
3 0
3 20
3 23
3 52
3 68
3 75
3 79
3 109
3 127
3 138
3 145
3 169
3 187
3 192
3 234
3 235
3 237
3 253
3 259
3 262
3 275
3 291
3 292
3 302
3 331
3 337
3 338
3 346
3 357
3 367
3 372
3 396
4 7
4 11
4 12
4 17
4 18
4 19
4 21
4 30
4 32
4 34
4 35
4 38
4 40
4 41
4 46
4 48
4 61
4 69
4 70
4 76
4 85
4 86
4 101
4 102
4 106
4 108
4 126
4 128
4 133
4 149
4 151
4 154
4 159
4 165
4 168
4 171
4 173
4 176
4 182
4 185
4 188
4 193
4 202
4 203
4 204
4 209
4 211
4 215
4 216
4 219
4 223
4 224
4 228
4 233
4 238
4 243
4 247
4 248
4 251
4 255
4 257
4 261
4 264
4 265
4 266
4 269
4 271
4 277
4 285
4 296
4 298
4 301
4 309
4 311
4 312
4 315
4 329
4 341
4 343
4 359
4 365
4 366
4 369
4 373
4 379
4 388
4 392
5 2
5 9
5 51
5 54
5 57
5 58
5 59
5 62
5 63
5 64
5 65
5 66
5 82
5 88
5 90
5 103
5 110
5 118
5 120
5 136
5 143
5 150
5 152
5 156
5 161
5 174
5 175
5 186
5 200
5 213
5 214
5 220
5 240
5 241
5 244
5 254
5 268
5 273
5 276
5 278
5 279
5 287
5 290
5 300
5 313
5 316
5 328
5 335
5 336
5 342
5 349
5 354
5 363
5 370
5 393
5 395
5 398
6 8
6 15
6 16
6 42
6 89
6 92
6 119
6 139
6 140
6 144
6 163
6 166
6 191
6 197
6 199
6 225
6 227
6 230
6 258
6 272
6 322
6 355
6 376
7 1
7 31
7 43
7 98
7 99
7 114
7 123
7 124
7 130
7 157
7 217
7 222
7 229
7 236
7 245
7 270
7 281
7 283
7 288
7 293
7 304
7 307
7 323
7 326
7 339
7 353
7 389
7 391
7 394
