0 13
0 17
0 18
0 28
0 29
0 46
0 107
0 112
0 113
0 126
0 129
0 131
0 138
0 194
0 197
1 23
1 34
1 55
1 64
1 69
1 85
1 120
1 137
1 153
1 160
1 161
1 162
1 171
1 173
1 183
1 187
1 191
1 198
2 31
2 44
2 45
2 68
2 87
2 93
2 97
2 111
2 121
2 133
2 152
2 154
2 163
2 167
2 186
3 4
3 6
3 12
3 26
3 49
3 52
3 54
3 78
3 79
3 101
3 108
3 117
3 125
3 130
3 140
3 142
3 157
3 164
3 166
3 174
3 176
3 177
3 182
3 192
3 195
4 0
4 8
4 15
4 20
4 37
4 39
4 61
4 72
4 95
4 110
4 115
4 124
4 148
4 178
4 181
4 185
4 193
4 196
5 1
5 32
5 35
5 38
5 42
5 43
5 51
5 53
5 67
5 75
5 80
5 82
5 99
5 116
5 139
5 149
5 150
5 151
5 156
5 170
5 179
6 7
6 25
6 40
6 57
6 60
6 62
6 66
6 83
6 88
6 92
6 104
6 118
6 128
6 134
6 158
6 169
6 172
6 184
6 188
7 3
7 5
7 41
7 48
7 56
7 59
7 103
7 106
7 122
7 136
7 159
7 180
7 199
8 9
8 16
8 63
8 65
8 94
8 98
8 145
8 168
9 22
9 36
9 50
9 70
9 74
9 86
9 96
9 102
9 119
9 127
9 135
9 146
9 147
10 2
10 10
10 14
10 21
10 24
10 27
10 30
10 47
10 58
10 81
10 84
10 90
10 91
10 100
10 109
10 123
10 132
10 141
10 144
10 155
10 165
11 11
11 19
11 33
11 71
11 73
11 76
11 77
11 89
11 105
11 114
11 143
11 175
11 189
11 190
