0 21
0 47
0 91
0 102
0 109
0 123
0 144
1 3
1 5
1 14
1 23
1 25
1 26
1 27
1 56
1 57
1 81
1 88
1 92
1 106
1 122
1 132
1 148
1 153
1 160
1 162
1 168
1 180
1 183
2 0
2 15
2 39
2 67
2 75
2 80
2 90
2 95
2 116
2 124
2 150
2 170
2 185
3 2
3 10
3 19
3 20
3 24
3 30
3 37
3 61
3 84
3 85
3 100
3 101
3 114
3 141
3 155
3 157
3 165
3 178
3 181
3 182
4 31
4 35
4 44
4 45
4 68
4 87
4 93
4 97
4 121
4 133
4 154
4 163
4 167
4 179
4 186
4 187
5 7
5 34
5 50
5 60
5 66
5 69
5 120
5 128
5 137
5 171
5 173
5 191
5 198
6 49
6 52
6 63
6 65
6 89
6 94
6 98
6 108
6 145
6 176
6 177
6 188
7 22
7 36
7 70
7 74
7 86
7 96
7 119
7 127
7 135
7 146
7 147
7 169
8 41
8 48
8 59
8 103
8 111
8 136
8 189
9 8
9 11
9 33
9 71
9 72
9 73
9 76
9 77
9 105
9 110
9 115
9 143
9 175
9 190
9 193
9 196
10 1
10 32
10 38
10 42
10 43
10 51
10 53
10 82
10 99
10 139
10 149
10 151
10 156
10 159
11 13
11 17
11 18
11 28
11 29
11 46
11 55
11 58
11 64
11 107
11 112
11 113
11 126
11 129
11 131
11 138
11 161
11 194
11 197
12 40
12 62
12 83
12 104
12 118
12 134
12 152
12 158
12 172
12 184
12 199
13 4
13 6
13 9
13 12
13 16
13 54
13 78
13 79
13 117
13 125
13 130
13 140
13 142
13 164
13 166
13 174
13 192
13 195
