0 51
0 67
0 86
0 102
0 116
0 124
0 135
0 139
0 150
0 151
0 170
0 195
1 10
1 14
1 25
1 26
1 27
1 57
1 88
1 91
1 92
1 128
1 132
1 146
1 148
1 168
1 169
2 3
2 5
2 23
2 32
2 48
2 56
2 81
2 103
2 106
2 122
2 136
2 159
2 180
2 199
3 0
3 37
3 75
3 78
3 80
3 95
3 141
3 157
3 178
3 181
3 182
4 29
4 50
4 120
4 131
4 137
4 171
4 191
5 2
5 19
5 20
5 24
5 30
5 61
5 84
5 85
5 89
5 100
5 101
5 105
5 114
5 165
6 31
6 35
6 44
6 45
6 87
6 93
6 97
6 121
6 133
6 154
6 163
6 167
6 186
6 187
7 28
7 34
7 64
7 66
7 69
7 112
7 129
7 138
7 153
7 160
7 161
7 162
7 173
7 183
7 194
7 198
8 15
8 21
8 39
8 47
8 90
8 109
8 123
8 144
8 185
9 13
9 17
9 18
9 46
9 55
9 58
9 107
9 113
9 126
9 155
9 197
10 8
10 11
10 33
10 53
10 71
10 72
10 73
10 76
10 77
10 110
10 115
10 143
10 175
10 179
10 189
10 190
10 193
10 196
11 7
11 49
11 60
11 63
11 65
11 94
11 108
11 145
11 176
11 177
11 188
12 22
12 36
12 41
12 70
12 74
12 96
12 119
12 127
12 147
13 4
13 6
13 9
13 12
13 16
13 52
13 54
13 79
13 98
13 117
13 125
13 130
13 140
13 142
13 164
13 166
13 174
13 192
14 40
14 62
14 83
14 104
14 118
14 134
14 152
14 158
14 172
14 184
15 1
15 38
15 42
15 43
15 59
15 68
15 82
15 99
15 111
15 149
15 156
