0 4
0 9
0 12
0 52
0 54
0 79
0 98
0 117
0 130
0 140
0 142
0 164
0 192
1 13
1 17
1 28
1 29
1 46
1 112
1 113
1 129
1 138
2 16
2 22
2 25
2 57
2 70
2 74
2 88
2 94
2 102
2 119
2 127
2 128
2 146
2 169
3 0
3 15
3 27
3 39
3 95
3 106
3 110
3 116
3 124
3 148
3 159
3 170
4 2
4 20
4 24
4 30
4 61
4 84
4 85
4 100
4 155
4 165
5 8
5 33
5 72
5 77
5 115
5 123
5 143
5 179
5 189
5 190
5 193
5 196
6 50
6 60
6 66
6 69
6 107
6 120
6 131
6 137
6 171
6 173
6 188
6 191
6 197
6 198
7 6
7 26
7 49
7 65
7 108
7 125
7 145
7 166
7 174
7 176
7 177
7 195
8 32
8 36
8 41
8 48
8 53
8 59
8 96
8 103
8 122
8 136
8 199
9 40
9 62
9 83
9 104
9 118
9 132
9 134
9 152
9 158
9 172
9 184
10 1
10 38
10 42
10 43
10 82
10 99
10 111
10 149
10 156
11 51
11 67
11 86
11 135
11 139
11 147
11 150
11 151
12 10
12 18
12 34
12 55
12 58
12 64
12 91
12 126
12 153
12 160
12 161
12 162
12 183
12 194
13 37
13 75
13 78
13 80
13 141
13 157
13 178
13 181
13 182
14 11
14 19
14 71
14 73
14 76
14 89
14 101
14 105
14 114
14 175
15 21
15 47
15 90
15 92
15 109
15 144
15 168
15 185
16 3
16 5
16 7
16 14
16 23
16 56
16 81
16 180
17 31
17 35
17 44
17 45
17 63
17 68
17 87
17 93
17 97
17 121
17 133
17 154
17 163
17 167
17 186
17 187
