0 40
0 62
0 83
0 104
0 118
0 134
0 172
0 184
0 199
1 0
1 15
1 37
1 75
1 80
1 95
1 110
1 178
1 181
1 182
2 7
2 50
2 60
2 66
2 128
2 137
2 171
2 188
3 1
3 35
3 38
3 42
3 43
3 68
3 82
3 99
3 111
3 149
3 154
3 156
4 2
4 10
4 20
4 24
4 30
4 58
4 61
4 84
4 85
4 100
4 141
4 155
4 157
4 165
5 8
5 14
5 25
5 26
5 27
5 57
5 81
5 88
5 92
5 132
5 148
5 168
6 28
6 55
6 64
6 107
6 113
6 138
6 161
6 194
6 197
7 9
7 16
7 94
7 98
8 22
8 36
8 70
8 74
8 96
8 119
8 127
8 146
8 147
8 169
9 31
9 63
9 65
9 87
9 93
9 97
9 121
9 133
9 152
9 158
9 163
9 186
10 4
10 6
10 12
10 49
10 52
10 54
10 78
10 79
10 108
10 117
10 125
10 130
10 140
10 142
10 145
10 164
10 166
10 174
10 177
10 192
11 51
11 67
11 86
11 116
11 135
11 139
11 150
11 151
11 170
11 195
12 3
12 5
12 23
12 32
12 56
12 106
12 122
12 124
12 159
12 180
13 41
13 44
13 45
13 48
13 53
13 59
13 103
13 136
13 167
14 19
14 89
14 101
14 105
14 114
14 176
15 11
15 33
15 71
15 72
15 73
15 76
15 77
15 115
15 143
15 175
15 179
15 189
15 190
15 193
15 196
16 13
16 17
16 18
16 29
16 46
16 112
16 126
16 129
16 131
17 21
17 39
17 47
17 90
17 91
17 102
17 109
17 123
17 144
17 185
18 34
18 69
18 120
18 153
18 160
18 162
18 173
18 183
18 187
18 191
18 198
