0 0
0 4
0 6
0 8
0 11
0 12
0 15
0 19
0 20
0 24
0 26
0 33
0 37
0 39
0 49
0 52
0 54
0 61
0 65
0 71
0 72
0 73
0 75
0 76
0 77
0 78
0 79
0 80
0 84
0 89
0 95
0 98
0 100
0 101
0 105
0 108
0 110
0 114
0 115
0 117
0 123
0 125
0 130
0 140
0 141
0 142
0 143
0 145
0 157
0 164
0 165
0 166
0 170
0 174
0 175
0 176
0 177
0 178
0 179
0 181
0 182
0 185
0 189
0 190
0 192
0 193
0 195
0 196
1 2
1 10
1 13
1 17
1 18
1 21
1 22
1 23
1 25
1 28
1 29
1 30
1 34
1 46
1 50
1 55
1 57
1 58
1 64
1 66
1 69
1 70
1 74
1 85
1 91
1 102
1 107
1 109
1 112
1 113
1 119
1 120
1 126
1 127
1 128
1 129
1 131
1 137
1 138
1 146
1 147
1 153
1 155
1 160
1 161
1 162
1 169
1 171
1 173
1 183
1 191
1 194
1 197
1 198
2 1
2 3
2 5
2 7
2 9
2 14
2 16
2 27
2 31
2 32
2 35
2 36
2 38
2 40
2 41
2 42
2 43
2 44
2 45
2 47
2 48
2 51
2 53
2 56
2 59
2 60
2 62
2 63
2 67
2 68
2 81
2 82
2 83
2 86
2 87
2 88
2 90
2 92
2 93
2 94
2 96
2 97
2 99
2 103
2 104
2 106
2 111
2 116
2 118
2 121
2 122
2 124
2 132
2 133
2 134
2 135
2 136
2 139
2 144
2 148
2 149
2 150
2 151
2 152
2 154
2 156
2 158
2 159
2 163
2 167
2 168
2 172
2 180
2 184
2 186
2 187
2 188
2 199
