0 0
0 11
0 19
0 33
0 53
0 59
0 71
0 72
0 73
0 75
0 76
0 77
0 80
0 89
0 103
0 105
0 110
0 136
0 143
0 175
0 189
0 190
0 193
0 196
1 3
1 5
1 15
1 21
1 22
1 23
1 25
1 27
1 32
1 36
1 38
1 39
1 41
1 42
1 43
1 47
1 48
1 51
1 56
1 67
1 70
1 74
1 81
1 83
1 86
1 88
1 90
1 91
1 92
1 95
1 96
1 99
1 102
1 106
1 109
1 116
1 119
1 122
1 124
1 126
1 127
1 128
1 135
1 139
1 144
1 146
1 147
1 148
1 150
1 151
1 156
1 159
1 168
1 169
1 170
1 180
1 185
1 199
2 13
2 17
2 18
2 28
2 29
2 34
2 46
2 50
2 55
2 58
2 64
2 66
2 69
2 85
2 107
2 112
2 113
2 120
2 129
2 131
2 137
2 138
2 153
2 155
2 160
2 161
2 162
2 171
2 173
2 183
2 191
2 194
2 197
2 198
3 1
3 7
3 8
3 14
3 31
3 35
3 40
3 44
3 45
3 60
3 62
3 63
3 68
3 82
3 87
3 93
3 97
3 104
3 111
3 115
3 118
3 121
3 123
3 132
3 133
3 134
3 149
3 152
3 154
3 158
3 163
3 167
3 172
3 179
3 184
3 186
3 187
3 188
4 2
4 4
4 6
4 9
4 10
4 12
4 16
4 20
4 24
4 26
4 30
4 37
4 49
4 52
4 54
4 57
4 61
4 65
4 78
4 79
4 84
4 94
4 98
4 100
4 101
4 108
4 114
4 117
4 125
4 130
4 140
4 141
4 142
4 145
4 157
4 164
4 165
4 166
4 174
4 176
4 177
4 178
4 181
4 182
4 192
4 195
