0 0
0 7
0 8
0 11
0 14
0 15
0 27
0 33
0 37
0 39
0 40
0 60
0 62
0 71
0 72
0 73
0 76
0 77
0 83
0 95
0 97
0 104
0 110
0 115
0 118
0 123
0 124
0 132
0 134
0 143
0 148
0 152
0 158
0 172
0 175
0 184
0 185
0 188
0 193
0 196
1 1
1 3
1 5
1 31
1 32
1 35
1 38
1 41
1 42
1 43
1 44
1 45
1 48
1 51
1 53
1 59
1 68
1 75
1 80
1 82
1 87
1 93
1 99
1 103
1 106
1 111
1 121
1 122
1 133
1 136
1 139
1 149
1 154
1 156
1 163
1 167
1 179
1 186
1 189
1 190
1 199
2 2
2 10
2 19
2 20
2 24
2 26
2 30
2 58
2 61
2 84
2 85
2 89
2 100
2 101
2 105
2 109
2 114
2 141
2 155
2 157
2 165
2 178
2 181
2 182
3 13
3 17
3 18
3 28
3 29
3 34
3 46
3 50
3 55
3 64
3 66
3 69
3 107
3 112
3 113
3 120
3 126
3 129
3 131
3 137
3 138
3 153
3 160
3 161
3 162
3 171
3 173
3 183
3 187
3 191
3 194
3 197
3 198
4 21
4 22
4 23
4 25
4 36
4 47
4 56
4 57
4 67
4 70
4 74
4 81
4 86
4 88
4 90
4 91
4 92
4 96
4 102
4 116
4 119
4 127
4 128
4 135
4 144
4 146
4 147
4 150
4 151
4 159
4 168
4 169
4 180
5 4
5 6
5 9
5 12
5 16
5 49
5 52
5 54
5 63
5 65
5 78
5 79
5 94
5 98
5 108
5 117
5 125
5 130
5 140
5 142
5 145
5 164
5 166
5 170
5 174
5 176
5 177
5 192
5 195
