0 31
0 40
0 62
0 83
0 97
0 104
0 118
0 133
0 134
0 152
0 158
0 172
0 184
0 199
1 0
1 8
1 11
1 19
1 33
1 37
1 39
1 71
1 72
1 73
1 75
1 76
1 77
1 80
1 89
1 95
1 101
1 105
1 110
1 114
1 115
1 143
1 175
1 178
1 185
1 189
1 190
1 193
1 196
2 7
2 34
2 50
2 52
2 60
2 66
2 69
2 120
2 128
2 137
2 171
2 173
2 188
2 191
2 198
3 1
3 35
3 38
3 42
3 43
3 44
3 45
3 48
3 51
3 53
3 59
3 68
3 82
3 93
3 99
3 103
3 111
3 121
3 123
3 136
3 139
3 149
3 154
3 156
3 163
3 167
3 179
3 186
4 2
4 10
4 15
4 20
4 24
4 26
4 30
4 58
4 61
4 84
4 85
4 100
4 109
4 141
4 155
4 157
4 165
4 166
4 170
4 181
4 182
5 3
5 5
5 14
5 23
5 27
5 32
5 56
5 57
5 81
5 88
5 91
5 92
5 106
5 116
5 122
5 124
5 132
5 148
5 150
5 153
5 159
5 160
5 162
5 168
5 180
5 183
5 187
6 13
6 17
6 18
6 28
6 29
6 46
6 55
6 64
6 107
6 112
6 113
6 126
6 129
6 131
6 138
6 161
6 194
6 197
7 4
7 6
7 9
7 12
7 16
7 49
7 54
7 63
7 65
7 78
7 79
7 87
7 94
7 98
7 108
7 117
7 125
7 130
7 140
7 142
7 145
7 164
7 174
7 176
7 177
7 192
7 195
8 21
8 22
8 25
8 36
8 41
8 47
8 67
8 70
8 74
8 86
8 90
8 96
8 102
8 119
8 127
8 135
8 144
8 146
8 147
8 151
8 169
