0 3
0 18
0 19
0 21
0 24
0 25
0 72
0 75
0 76
0 111
0 118
0 121
0 122
0 127
0 140
0 143
0 168
0 169
0 179
0 182
0 186
0 193
1 1
1 2
1 14
1 38
1 39
1 57
1 85
1 99
1 102
1 108
1 125
1 132
1 136
1 142
1 149
1 150
1 153
1 156
1 160
1 173
1 181
1 198
1 199
2 4
2 8
2 15
2 16
2 17
2 20
2 30
2 34
2 42
2 44
2 45
2 49
2 53
2 55
2 56
2 61
2 62
2 63
2 65
2 70
2 73
2 82
2 83
2 87
2 94
2 97
2 100
2 101
2 109
2 113
2 115
2 123
2 126
2 144
2 152
2 154
2 157
2 166
2 170
2 180
2 184
2 185
2 188
2 189
2 192
2 196
3 79
3 107
3 112
3 124
3 145
3 167
3 174
3 178
4 7
4 31
4 36
4 37
4 41
4 60
4 89
4 91
4 95
4 96
4 104
4 106
4 110
4 129
4 133
4 135
4 141
4 151
4 159
4 190
4 195
4 197
5 13
5 32
5 48
5 50
5 69
5 77
5 120
5 147
5 183
6 6
6 10
6 12
6 27
6 28
6 33
6 40
6 43
6 51
6 52
6 54
6 67
6 78
6 119
6 128
6 130
6 138
6 139
6 146
6 163
6 175
6 187
7 0
7 26
7 35
7 46
7 58
7 66
7 68
7 74
7 80
7 81
7 84
7 90
7 92
7 93
7 105
7 114
7 117
7 131
7 155
7 158
7 162
7 165
7 171
8 5
8 11
8 22
8 23
8 29
8 59
8 71
8 88
8 103
8 116
8 134
8 194
9 9
9 47
9 64
9 86
9 98
9 137
9 148
9 161
9 164
9 172
9 176
9 177
9 191
