0 4
0 8
0 9
0 21
0 31
0 60
0 68
0 69
0 73
0 74
0 114
0 139
0 141
0 151
0 161
0 167
0 184
0 194
0 205
0 212
0 219
0 226
0 232
0 238
0 252
0 258
0 288
0 296
0 300
0 315
0 325
0 327
0 342
0 344
0 398
1 2
1 54
1 57
1 104
1 105
1 106
1 200
1 259
1 274
1 318
1 323
1 359
1 383
2 0
2 6
2 11
2 13
2 19
2 33
2 37
2 38
2 41
2 49
2 64
2 66
2 76
2 79
2 86
2 99
2 111
2 112
2 115
2 117
2 123
2 137
2 138
2 144
2 146
2 148
2 159
2 171
2 175
2 178
2 196
2 203
2 206
2 207
2 211
2 214
2 245
2 251
2 254
2 266
2 268
2 273
2 282
2 295
2 299
2 311
2 313
2 320
2 324
2 330
2 335
2 338
2 347
2 349
2 351
2 354
2 355
2 366
2 373
2 375
2 378
2 379
2 381
2 385
2 387
3 10
3 20
3 26
3 50
3 85
3 96
3 97
3 107
3 109
3 113
3 121
3 124
3 127
3 129
3 132
3 150
3 155
3 163
3 166
3 174
3 176
3 180
3 185
3 191
3 201
3 213
3 216
3 223
3 248
3 250
3 256
3 265
3 276
3 293
3 310
3 333
3 346
3 348
3 350
3 352
3 356
3 371
3 380
3 382
3 384
3 388
3 396
4 110
4 119
4 189
4 228
4 357
4 358
5 1
5 5
5 16
5 18
5 23
5 25
5 27
5 28
5 30
5 35
5 39
5 40
5 42
5 45
5 47
5 48
5 52
5 53
5 56
5 62
5 72
5 75
5 77
5 78
5 80
5 84
5 87
5 88
5 89
5 90
5 91
5 92
5 93
5 94
5 95
5 98
5 100
5 102
5 108
5 116
5 126
5 130
5 134
5 135
5 145
5 152
5 154
5 156
5 158
5 164
5 168
5 169
5 172
5 177
5 179
5 181
5 182
5 186
5 187
5 192
5 198
5 202
5 204
5 218
5 220
5 221
5 222
5 224
5 227
5 229
5 231
5 233
5 234
5 237
5 240
5 241
5 253
5 261
5 262
5 264
5 269
5 270
5 271
5 272
5 275
5 277
5 278
5 279
5 284
5 287
5 292
5 297
5 298
5 302
5 305
5 306
5 307
5 308
5 317
5 321
5 326
5 328
5 332
5 334
5 341
5 353
5 362
5 363
5 364
5 365
5 367
5 369
5 370
5 372
5 374
5 376
5 377
5 386
5 390
5 397
6 7
6 22
6 29
6 59
6 61
6 71
6 82
6 136
6 140
6 153
6 173
6 193
6 210
6 236
6 242
6 260
6 286
6 331
6 336
6 339
7 17
7 24
7 34
7 46
7 165
7 190
7 209
7 230
7 257
7 283
7 303
7 312
7 389
7 391
7 395
7 399
8 12
8 15
8 36
8 44
8 55
8 65
8 197
8 215
8 246
8 263
8 289
8 290
8 291
8 294
8 301
8 314
8 329
9 3
9 14
9 32
9 51
9 58
9 63
9 83
9 118
9 120
9 122
9 128
9 131
9 133
9 143
9 147
9 149
9 162
9 170
9 183
9 188
9 208
9 217
9 225
9 235
9 247
9 249
9 255
9 280
9 309
9 319
9 322
9 337
9 343
9 360
9 361
9 368
9 393
9 394
10 43
10 67
10 70
10 81
10 101
10 103
10 125
10 142
10 157
10 160
10 195
10 199
10 239
10 243
10 244
10 267
10 281
10 285
10 304
10 316
10 340
10 345
10 392
