0 13
0 37
0 67
0 81
0 99
0 103
0 125
0 142
0 147
0 149
0 157
0 160
0 183
0 195
0 239
0 244
0 266
0 267
0 285
0 304
0 316
0 337
0 340
0 345
0 354
0 361
0 375
0 378
0 392
0 394
1 15
1 36
1 44
1 55
1 65
1 197
1 215
1 246
1 289
1 291
1 301
1 314
1 329
2 17
2 24
2 34
2 46
2 106
2 165
2 190
2 209
2 257
2 303
2 312
2 389
2 391
2 395
2 399
3 110
3 119
3 189
3 228
3 357
3 358
4 3
4 14
4 26
4 32
4 51
4 58
4 83
4 107
4 118
4 120
4 128
4 129
4 132
4 133
4 150
4 162
4 188
4 208
4 217
4 225
4 230
4 235
4 247
4 248
4 249
4 255
4 293
4 333
4 356
4 360
4 368
4 371
4 380
4 388
4 393
4 396
5 7
5 29
5 43
5 57
5 59
5 82
5 104
5 136
5 153
5 199
5 236
5 242
5 260
5 281
5 339
5 359
6 60
6 74
6 139
6 161
6 184
6 212
6 232
6 258
6 263
6 283
6 290
6 294
7 8
7 9
7 11
7 12
7 38
7 41
7 61
7 64
7 68
7 76
7 111
7 112
7 114
7 138
7 140
7 171
7 173
7 205
7 210
7 214
7 226
7 286
7 331
7 335
7 336
7 366
7 373
8 54
8 63
8 105
8 143
8 170
8 200
8 259
8 274
8 280
8 309
8 318
8 319
8 322
8 323
8 383
9 1
9 5
9 16
9 18
9 23
9 27
9 30
9 35
9 39
9 40
9 42
9 45
9 47
9 48
9 52
9 53
9 72
9 77
9 78
9 80
9 84
9 87
9 88
9 89
9 90
9 93
9 94
9 95
9 98
9 100
9 116
9 126
9 130
9 134
9 135
9 145
9 152
9 154
9 158
9 164
9 168
9 169
9 172
9 177
9 181
9 182
9 186
9 187
9 192
9 198
9 204
9 218
9 220
9 221
9 222
9 224
9 227
9 229
9 231
9 233
9 234
9 240
9 241
9 253
9 261
9 262
9 264
9 269
9 270
9 271
9 272
9 275
9 277
9 278
9 279
9 284
9 292
9 297
9 298
9 299
9 302
9 306
9 308
9 317
9 321
9 326
9 328
9 332
9 353
9 355
9 362
9 363
9 364
9 365
9 370
9 374
9 376
9 377
9 381
9 390
9 397
10 4
10 10
10 20
10 50
10 66
10 85
10 96
10 97
10 109
10 113
10 121
10 127
10 141
10 166
10 167
10 174
10 176
10 180
10 185
10 194
10 206
10 207
10 216
10 223
10 238
10 256
10 265
10 276
10 315
10 327
10 346
10 348
10 350
10 384
10 398
11 0
11 6
11 21
11 25
11 28
11 31
11 33
11 49
11 56
11 62
11 69
11 73
11 75
11 79
11 91
11 92
11 102
11 108
11 117
11 122
11 131
11 137
11 144
11 146
11 151
11 156
11 159
11 175
11 178
11 179
11 196
11 202
11 219
11 237
11 245
11 251
11 252
11 254
11 268
11 282
11 287
11 288
11 295
11 296
11 300
11 305
11 307
11 311
11 324
11 325
11 330
11 334
11 338
11 341
11 342
11 343
11 344
11 347
11 349
11 351
11 367
11 369
11 372
11 385
11 386
12 2
12 19
12 22
12 70
12 71
12 86
12 101
12 115
12 123
12 124
12 148
12 155
12 163
12 191
12 193
12 201
12 203
12 211
12 213
12 243
12 250
12 273
12 310
12 313
12 320
12 352
12 379
12 382
12 387
