0 8
0 9
0 12
0 43
0 47
0 67
0 86
0 98
0 137
0 148
0 161
0 164
0 172
0 176
0 177
0 191
1 0
1 3
1 18
1 19
1 21
1 25
1 72
1 81
1 90
1 105
1 106
1 111
1 114
1 117
1 122
1 127
1 143
1 158
1 174
1 190
2 11
2 22
2 23
2 29
2 59
2 103
2 194
3 13
3 32
3 69
3 77
3 120
4 1
4 14
4 38
4 39
4 57
4 79
4 85
4 99
4 102
4 107
4 112
4 125
4 132
4 134
4 136
4 142
4 145
4 149
4 150
4 153
4 160
4 173
4 198
5 26
5 35
5 58
5 66
5 68
5 74
5 80
5 84
5 92
5 104
5 162
5 165
6 10
6 28
6 40
6 52
6 54
6 119
6 121
6 130
6 138
6 146
6 163
6 175
6 186
6 187
7 31
7 60
7 89
7 94
7 96
7 135
7 141
7 147
7 156
7 159
7 181
7 183
8 2
8 6
8 15
8 27
8 30
8 33
8 41
8 42
8 44
8 45
8 51
8 63
8 65
8 70
8 73
8 78
8 87
8 91
8 101
8 128
8 139
8 157
8 166
8 184
8 192
8 195
8 199
9 7
9 36
9 37
9 95
9 108
9 110
9 129
9 133
9 151
9 197
10 24
10 46
10 75
10 93
10 131
10 140
10 155
10 168
10 171
10 179
11 4
11 16
11 17
11 20
11 34
11 49
11 53
11 55
11 56
11 61
11 62
11 64
11 82
11 83
11 97
11 100
11 109
11 113
11 115
11 123
11 126
11 144
11 152
11 154
11 170
11 180
11 185
11 188
11 189
11 196
12 76
12 118
12 167
12 169
12 182
12 193
13 5
13 48
13 50
13 71
13 88
13 116
13 124
13 178
