0 46
0 93
0 171
1 2
1 15
1 27
1 30
1 33
1 41
1 42
1 44
1 45
1 63
1 65
1 70
1 73
1 78
1 87
1 91
1 101
1 104
1 128
1 139
1 157
1 166
1 192
1 195
1 199
2 31
2 60
2 89
2 94
2 96
2 135
2 141
2 156
2 159
2 181
2 183
2 190
3 6
3 10
3 12
3 40
3 43
3 52
3 67
3 138
4 5
4 50
4 71
4 88
4 116
4 124
4 178
5 3
5 18
5 19
5 21
5 25
5 76
5 118
5 122
5 127
5 140
5 143
5 167
5 169
5 174
5 182
5 193
6 0
6 26
6 66
6 68
6 74
6 80
6 81
6 84
6 90
6 92
6 105
6 114
6 117
6 158
6 165
7 7
7 36
7 37
7 48
7 69
7 95
7 129
7 133
7 147
7 151
7 197
8 8
8 9
8 47
8 64
8 86
8 98
8 137
8 148
8 161
8 164
8 172
8 176
8 177
8 191
9 24
9 75
9 111
9 131
9 155
9 168
9 179
9 186
10 35
10 58
10 77
10 162
11 13
11 32
11 120
12 1
12 14
12 38
12 39
12 57
12 79
12 85
12 99
12 102
12 107
12 108
12 125
12 132
12 134
12 136
12 142
12 145
12 149
12 150
12 153
12 160
12 173
12 198
13 4
13 16
13 17
13 20
13 34
13 49
13 53
13 55
13 56
13 61
13 62
13 82
13 83
13 97
13 100
13 109
13 110
13 113
13 115
13 123
13 126
13 144
13 152
13 154
13 170
13 180
13 184
13 185
13 188
13 189
13 196
14 28
14 51
14 54
14 72
14 106
14 119
14 121
14 130
14 146
14 163
14 175
14 187
15 11
15 22
15 23
15 29
15 59
15 103
15 112
15 194
