0 15
0 30
0 41
0 42
0 51
0 63
0 65
0 70
0 73
0 78
0 87
0 91
0 101
0 157
0 166
0 192
0 195
1 3
1 19
1 25
1 46
1 72
1 90
1 93
1 106
1 117
1 122
1 127
1 155
1 171
2 5
2 48
2 50
2 69
2 147
3 11
3 22
3 23
3 29
3 103
3 194
4 59
4 71
4 79
4 88
4 102
4 107
4 112
4 116
4 124
4 134
4 142
4 145
4 178
5 35
5 58
5 77
5 162
6 18
6 21
6 24
6 75
6 111
6 121
6 131
6 140
6 143
6 168
6 174
6 179
6 186
7 8
7 12
7 43
7 47
7 64
7 86
7 137
7 148
7 164
7 172
7 176
7 177
8 13
8 32
8 120
8 183
9 1
9 2
9 14
9 38
9 39
9 57
9 125
9 132
9 136
9 149
9 150
9 153
9 156
9 160
9 173
9 198
9 199
10 0
10 26
10 66
10 68
10 74
10 80
10 81
10 84
10 92
10 104
10 105
10 114
10 158
10 165
11 76
11 182
12 7
12 36
12 37
12 95
12 110
12 129
12 133
12 151
12 197
13 4
13 49
13 97
13 99
13 108
13 161
13 170
13 188
14 6
14 27
14 28
14 33
14 40
14 54
14 67
14 119
14 128
14 130
14 138
14 139
14 146
14 163
14 175
14 187
15 31
15 60
15 89
15 94
15 96
15 135
15 141
15 159
15 181
15 184
15 190
16 16
16 17
16 20
16 34
16 44
16 45
16 53
16 55
16 56
16 61
16 62
16 82
16 83
16 100
16 109
16 113
16 115
16 123
16 126
16 144
16 152
16 154
16 180
16 185
16 189
16 196
17 9
17 10
17 52
17 85
17 98
17 191
18 118
18 167
18 169
18 193
