0 0
0 1
0 3
0 4
0 5
0 6
0 8
0 9
0 10
0 11
0 13
0 16
0 18
0 19
0 20
0 21
0 23
0 25
0 27
0 28
0 30
0 31
0 33
0 35
0 37
0 38
0 39
0 40
0 41
0 42
0 45
0 47
0 48
0 49
0 50
0 51
0 52
0 53
0 56
0 58
0 62
0 64
0 66
0 68
0 69
0 72
0 73
0 75
0 76
0 77
0 78
0 79
0 80
0 81
0 83
0 84
0 86
0 87
0 88
0 89
0 90
0 91
0 92
0 93
0 94
0 95
0 97
0 98
0 99
0 100
0 102
0 103
0 107
0 108
0 109
0 111
0 112
0 114
0 115
0 116
0 117
0 118
0 120
0 121
0 122
0 123
0 124
0 126
0 129
0 130
0 131
0 134
0 135
0 137
0 138
0 141
0 142
0 144
0 145
0 146
0 147
0 148
0 149
0 151
0 152
0 154
0 155
0 156
0 158
0 159
0 161
0 164
0 166
0 167
0 168
0 169
0 171
0 172
0 173
0 175
0 177
0 178
0 179
0 180
0 181
0 182
0 183
0 186
0 187
0 192
0 194
0 195
0 196
0 198
0 201
0 202
0 203
0 204
0 205
0 206
0 207
0 210
0 211
0 213
0 214
0 217
0 218
0 219
0 220
0 221
0 222
0 223
0 224
0 226
0 227
0 229
0 230
0 231
0 232
0 233
0 234
0 237
0 238
0 239
0 240
0 241
0 244
0 245
0 249
0 251
0 252
0 253
0 254
0 255
0 256
0 258
0 261
0 262
0 264
0 265
0 266
0 267
0 268
0 269
0 270
0 271
0 272
0 273
0 275
0 276
0 277
0 278
0 279
0 282
0 284
0 285
0 286
0 287
0 288
0 292
0 293
0 295
0 296
0 297
0 298
0 299
0 300
0 302
0 304
0 305
0 306
0 307
0 308
0 309
0 310
0 311
0 312
0 313
0 315
0 316
0 317
0 320
0 321
0 322
0 324
0 325
0 326
0 327
0 328
0 330
0 332
0 333
0 334
0 335
0 336
0 337
0 338
0 340
0 341
0 342
0 343
0 344
0 345
0 346
0 347
0 349
0 351
0 353
0 354
0 355
0 356
0 360
0 362
0 363
0 364
0 365
0 366
0 367
0 369
0 370
0 372
0 373
0 374
0 375
0 376
0 377
0 378
0 379
0 380
0 381
0 385
0 386
0 387
0 388
0 389
0 390
0 392
0 394
0 396
0 397
0 398
1 2
1 7
1 12
1 14
1 15
1 17
1 22
1 24
1 26
1 29
1 32
1 34
1 36
1 43
1 44
1 46
1 54
1 55
1 57
1 59
1 60
1 61
1 63
1 65
1 67
1 70
1 71
1 74
1 82
1 85
1 96
1 101
1 104
1 105
1 106
1 110
1 113
1 119
1 125
1 127
1 128
1 132
1 133
1 136
1 139
1 140
1 143
1 150
1 153
1 157
1 160
1 162
1 163
1 165
1 170
1 174
1 176
1 184
1 185
1 188
1 189
1 190
1 191
1 193
1 197
1 199
1 200
1 208
1 209
1 212
1 215
1 216
1 225
1 228
1 235
1 236
1 242
1 243
1 246
1 247
1 248
1 250
1 257
1 259
1 260
1 263
1 274
1 280
1 281
1 283
1 289
1 290
1 291
1 294
1 301
1 303
1 314
1 318
1 319
1 323
1 329
1 331
1 339
1 348
1 350
1 352
1 357
1 358
1 359
1 361
1 368
1 371
1 382
1 383
1 384
1 391
1 393
1 395
1 399
