0 31
0 60
0 89
0 96
0 141
0 159
0 183
1 16
1 30
1 34
1 42
1 44
1 45
1 53
1 56
1 61
1 62
1 63
1 82
1 83
1 94
1 97
1 100
1 109
1 115
1 123
1 126
1 144
1 152
1 170
1 180
1 185
1 189
1 196
2 59
2 79
2 107
2 112
2 145
2 153
3 2
3 14
3 38
3 39
3 57
3 87
3 101
3 125
3 132
3 149
3 156
3 160
3 173
3 181
3 184
3 198
3 199
4 6
4 27
4 28
4 33
4 40
4 51
4 54
4 67
4 119
4 128
4 130
4 139
4 146
4 157
4 163
4 175
4 187
5 26
5 58
5 66
5 68
5 74
5 80
5 84
5 92
5 104
5 165
6 25
6 76
6 118
6 167
6 169
6 182
6 193
7 11
7 22
7 23
7 29
7 103
7 194
8 24
8 46
8 75
8 93
8 127
8 131
8 155
8 168
8 171
8 179
8 186
9 32
9 48
9 69
9 147
10 5
10 50
10 71
10 88
10 116
10 124
10 178
11 7
11 36
11 37
11 95
11 110
11 129
11 133
11 151
11 197
12 8
12 17
12 20
12 49
12 55
12 64
12 113
12 154
12 177
12 188
13 18
13 19
13 21
13 72
13 111
13 121
13 143
13 174
14 13
14 35
14 77
14 120
14 162
15 140
16 0
16 3
16 81
16 90
16 105
16 106
16 114
16 117
16 122
16 158
16 190
17 1
17 4
17 85
17 99
17 102
17 108
17 134
17 136
17 142
17 150
17 161
18 9
18 10
18 12
18 43
18 47
18 52
18 86
18 98
18 137
18 138
18 148
18 164
18 172
18 176
18 191
19 15
19 41
19 65
19 70
19 73
19 78
19 91
19 135
19 166
19 192
19 195
