0 0
0 3
0 13
0 18
0 19
0 21
0 24
0 25
0 26
0 32
0 35
0 46
0 58
0 66
0 68
0 72
0 74
0 75
0 76
0 77
0 80
0 81
0 90
0 92
0 93
0 105
0 111
0 114
0 117
0 118
0 120
0 121
0 122
0 127
0 131
0 140
0 143
0 155
0 158
0 162
0 165
0 167
0 168
0 169
0 171
0 174
0 179
0 182
0 183
0 186
0 190
0 193
1 1
1 5
1 9
1 10
1 11
1 22
1 23
1 29
1 39
1 48
1 50
1 52
1 57
1 59
1 69
1 71
1 79
1 85
1 88
1 98
1 99
1 102
1 103
1 107
1 108
1 112
1 116
1 124
1 134
1 136
1 142
1 145
1 147
1 150
1 153
1 160
1 173
1 178
1 191
1 194
2 2
2 4
2 6
2 7
2 8
2 12
2 14
2 15
2 16
2 17
2 20
2 27
2 28
2 30
2 31
2 33
2 34
2 36
2 37
2 38
2 40
2 41
2 42
2 43
2 44
2 45
2 47
2 49
2 51
2 53
2 54
2 55
2 56
2 60
2 61
2 62
2 63
2 64
2 65
2 67
2 70
2 73
2 78
2 82
2 83
2 84
2 86
2 87
2 89
2 91
2 94
2 95
2 96
2 97
2 100
2 101
2 104
2 106
2 109
2 110
2 113
2 115
2 119
2 123
2 125
2 126
2 128
2 129
2 130
2 132
2 133
2 135
2 137
2 138
2 139
2 141
2 144
2 146
2 148
2 149
2 151
2 152
2 154
2 156
2 157
2 159
2 161
2 163
2 164
2 166
2 170
2 172
2 175
2 176
2 177
2 180
2 181
2 184
2 185
2 187
2 188
2 189
2 192
2 195
2 196
2 197
2 198
2 199
