0 1
0 5
0 9
0 11
0 22
0 23
0 29
0 48
0 50
0 57
0 59
0 69
0 71
0 79
0 85
0 88
0 98
0 99
0 102
0 103
0 107
0 108
0 112
0 116
0 124
0 134
0 136
0 142
0 145
0 150
0 153
0 160
0 173
0 178
0 194
1 2
1 4
1 7
1 14
1 15
1 16
1 28
1 30
1 31
1 34
1 36
1 37
1 38
1 39
1 41
1 42
1 51
1 53
1 60
1 61
1 62
1 63
1 65
1 70
1 73
1 78
1 81
1 82
1 83
1 84
1 87
1 89
1 91
1 94
1 95
1 96
1 97
1 100
1 101
1 104
1 106
1 110
1 115
1 123
1 125
1 129
1 132
1 133
1 135
1 141
1 144
1 147
1 149
1 151
1 156
1 157
1 159
1 163
1 165
1 166
1 170
1 181
1 184
1 185
1 189
1 190
1 192
1 195
1 196
1 197
1 198
2 0
2 3
2 13
2 18
2 19
2 21
2 24
2 25
2 26
2 32
2 35
2 46
2 58
2 66
2 68
2 72
2 74
2 75
2 76
2 77
2 80
2 90
2 92
2 93
2 105
2 111
2 114
2 117
2 118
2 120
2 121
2 122
2 127
2 131
2 140
2 143
2 155
2 158
2 162
2 167
2 168
2 169
2 171
2 174
2 179
2 182
2 183
2 186
2 193
3 6
3 8
3 10
3 12
3 17
3 20
3 27
3 33
3 40
3 43
3 44
3 45
3 47
3 49
3 52
3 54
3 55
3 56
3 64
3 67
3 86
3 109
3 113
3 119
3 126
3 128
3 130
3 137
3 138
3 139
3 146
3 148
3 152
3 154
3 161
3 164
3 172
3 175
3 176
3 177
3 180
3 187
3 188
3 191
3 199
