0 9
0 10
0 12
0 28
0 40
0 43
0 47
0 52
0 54
0 67
0 86
0 119
0 130
0 137
0 138
0 146
0 148
0 163
0 164
0 172
0 175
0 176
0 186
0 187
0 191
1 2
1 4
1 6
1 7
1 8
1 14
1 15
1 16
1 17
1 20
1 27
1 30
1 33
1 34
1 37
1 38
1 39
1 41
1 42
1 44
1 45
1 49
1 51
1 53
1 55
1 56
1 61
1 62
1 63
1 64
1 65
1 70
1 73
1 78
1 82
1 83
1 87
1 91
1 94
1 95
1 96
1 97
1 100
1 101
1 106
1 109
1 110
1 113
1 115
1 123
1 125
1 126
1 128
1 129
1 132
1 133
1 135
1 139
1 141
1 144
1 149
1 151
1 152
1 154
1 156
1 157
1 161
1 166
1 170
1 177
1 180
1 181
1 184
1 185
1 188
1 189
1 192
1 195
1 196
1 197
1 198
1 199
2 1
2 5
2 11
2 22
2 23
2 29
2 50
2 57
2 59
2 71
2 79
2 85
2 88
2 98
2 99
2 102
2 103
2 107
2 108
2 112
2 116
2 124
2 134
2 136
2 142
2 145
2 150
2 153
2 160
2 173
2 178
2 194
3 0
3 13
3 26
3 31
3 32
3 35
3 36
3 48
3 58
3 60
3 66
3 68
3 69
3 74
3 77
3 80
3 81
3 84
3 89
3 92
3 104
3 105
3 114
3 120
3 147
3 158
3 159
3 162
3 165
3 183
3 190
4 3
4 18
4 19
4 21
4 24
4 25
4 46
4 72
4 75
4 76
4 90
4 93
4 111
4 117
4 118
4 121
4 122
4 127
4 131
4 140
4 143
4 155
4 167
4 168
4 169
4 171
4 174
4 179
4 182
4 193
