0 81
0 104
0 189
0 260
0 286
0 297
0 306
1 15
1 29
1 32
1 45
1 49
1 51
1 53
1 89
1 140
1 153
1 161
1 180
1 192
1 207
1 252
1 272
1 393
2 14
2 38
2 40
2 73
2 97
2 105
2 108
2 110
2 130
2 146
2 149
2 154
2 157
2 164
2 170
2 188
2 193
2 209
2 242
2 293
2 296
2 307
2 323
2 327
2 329
2 339
2 351
3 21
3 34
3 46
3 68
3 91
3 147
3 182
3 219
3 226
3 233
3 238
3 241
3 243
3 248
3 265
3 267
3 269
3 275
3 301
3 302
3 337
3 346
3 352
3 386
4 3
4 42
4 48
4 86
4 88
4 148
4 166
4 175
4 178
4 184
4 186
4 204
4 258
4 262
4 273
4 290
4 292
4 319
4 341
4 357
5 8
5 11
5 19
5 94
5 114
5 121
5 125
5 132
5 139
5 165
5 171
5 174
5 203
5 217
5 220
5 227
5 229
5 231
5 244
5 271
5 316
5 326
5 345
5 394
6 4
6 25
6 43
6 98
6 106
6 115
6 117
6 133
6 141
6 145
6 195
6 201
6 224
6 236
6 263
6 266
6 312
6 314
6 321
6 333
6 356
6 368
6 372
6 382
6 387
7 1
7 2
7 20
7 35
7 41
7 54
7 58
7 61
7 63
7 64
7 69
7 82
7 85
7 102
7 120
7 128
7 136
7 150
7 202
7 213
7 223
7 228
7 235
7 247
7 255
7 268
7 270
7 278
7 279
7 300
7 304
7 313
7 315
7 342
7 354
7 363
7 369
8 7
8 18
8 37
8 83
8 90
8 119
8 135
8 176
8 179
8 183
8 211
8 259
9 0
9 30
9 99
9 198
9 222
9 264
9 359
9 392
10 5
10 6
10 12
10 17
10 27
10 44
10 55
10 67
10 70
10 103
10 113
10 122
10 129
10 137
10 138
10 142
10 151
10 152
10 155
10 156
10 160
10 199
10 215
10 218
10 221
10 230
10 246
10 249
10 251
10 282
10 285
10 295
10 309
10 310
10 324
10 331
10 332
10 335
10 343
10 358
10 364
10 365
10 371
10 374
10 389
10 390
10 395
11 10
11 39
11 72
11 95
11 109
11 134
11 177
11 205
11 214
11 253
11 281
11 284
11 294
11 299
11 305
11 336
11 353
12 16
12 22
12 59
12 78
12 84
12 92
12 93
12 96
12 118
12 126
12 144
12 163
12 190
12 191
12 196
12 197
12 210
12 216
12 225
12 250
12 277
12 280
12 318
12 322
12 325
12 330
12 355
12 376
12 383
13 26
13 28
13 31
13 60
13 74
13 100
13 111
13 124
13 131
13 181
13 212
13 232
13 245
13 261
13 317
13 328
13 334
13 347
13 378
13 379
13 397
14 52
14 127
14 159
14 237
14 257
14 291
14 311
14 320
14 388
15 9
15 13
15 56
15 65
15 143
15 185
15 274
15 308
15 349
15 360
15 367
15 384
15 398
16 24
16 33
16 57
16 75
16 76
16 107
16 200
16 208
16 287
16 338
16 348
16 350
16 361
16 370
16 373
16 377
17 62
17 66
17 101
17 168
17 172
17 173
17 194
17 240
17 298
17 340
17 366
17 385
17 396
17 399
18 36
18 50
18 77
18 79
18 80
18 87
18 112
18 116
18 158
18 162
18 167
18 169
18 187
18 206
18 283
18 288
18 303
18 362
18 381
19 23
19 47
19 71
19 123
19 234
19 239
19 254
19 256
19 276
19 289
19 344
19 375
19 380
19 391
