0 18
0 20
0 26
0 45
0 58
0 97
0 127
0 128
0 150
0 158
0 178
0 180
0 181
0 217
0 246
0 268
0 305
0 347
0 371
1 38
1 105
1 145
1 157
1 189
1 272
1 309
1 314
1 316
1 326
1 328
1 373
1 374
2 9
2 16
2 32
2 49
2 63
2 101
2 103
2 187
2 192
2 197
2 207
2 215
2 223
2 226
2 259
2 282
2 355
2 357
2 360
2 365
2 375
2 383
2 393
3 44
3 96
3 176
3 269
3 313
4 2
4 11
4 12
4 46
4 61
4 65
4 73
4 76
4 90
4 93
4 102
4 104
4 138
4 257
4 322
4 329
4 343
4 379
4 389
5 29
5 33
5 36
5 41
5 43
5 48
5 70
5 77
5 88
5 91
5 98
5 99
5 100
5 117
5 130
5 134
5 153
5 168
5 173
5 174
5 224
5 252
5 258
5 279
5 312
5 315
5 327
5 335
5 346
5 353
5 358
5 362
5 392
6 37
6 39
6 62
6 87
6 111
6 123
6 136
6 163
6 188
6 218
6 225
6 247
6 253
6 255
6 263
6 280
6 297
6 304
6 337
7 22
7 25
7 30
7 34
7 42
7 53
7 54
7 69
7 82
7 118
7 131
7 147
7 156
7 196
7 213
7 219
7 221
7 231
7 249
7 287
7 302
7 336
7 341
7 345
7 367
7 399
8 78
8 116
8 120
8 121
8 137
8 161
8 183
8 194
8 199
8 206
8 209
8 214
8 216
8 232
8 233
8 236
8 240
8 261
8 273
8 276
8 283
8 284
8 338
8 348
8 370
8 380
9 14
9 47
9 52
9 86
9 129
9 143
9 152
9 171
9 179
9 230
9 237
9 244
9 256
9 260
9 264
9 267
9 285
9 286
9 288
9 293
9 299
9 319
9 325
9 339
9 396
9 398
10 35
10 106
10 107
10 115
10 122
10 124
10 140
10 141
10 162
10 172
10 175
10 198
10 220
10 222
10 241
10 266
10 281
10 303
10 317
10 340
10 350
10 359
10 368
10 390
10 395
11 7
11 10
11 15
11 19
11 21
11 66
11 68
11 113
11 135
11 146
11 165
11 185
11 190
11 204
11 210
11 211
11 229
11 238
11 248
11 250
11 254
11 271
11 275
11 292
11 296
11 310
11 311
11 323
11 324
11 334
11 372
11 384
11 391
12 23
12 74
12 108
12 112
12 184
12 202
12 234
12 262
12 330
12 344
12 349
12 388
12 397
13 24
13 31
13 60
13 89
13 139
13 212
13 265
13 290
13 307
13 308
13 318
13 351
14 17
14 85
14 126
14 142
14 166
14 201
14 228
14 274
14 295
14 321
14 333
14 352
14 354
14 378
14 382
14 386
14 394
15 6
15 8
15 55
15 71
15 80
15 84
15 95
15 110
15 114
15 125
15 132
15 149
15 154
15 160
15 177
15 182
15 186
15 193
15 203
15 205
15 235
15 239
15 243
15 245
15 294
15 298
15 320
15 366
15 369
15 377
16 0
16 3
16 13
16 56
16 64
16 67
16 79
16 83
16 92
16 119
16 144
16 151
16 164
16 169
16 170
16 191
16 208
16 242
16 251
16 291
16 301
16 306
16 363
16 364
16 387
17 28
17 40
17 50
17 57
17 72
17 75
17 81
17 148
17 167
17 289
17 342
17 356
17 385
18 1
18 4
18 27
18 94
18 133
18 155
18 195
18 227
18 270
18 277
18 278
18 300
18 332
19 5
19 51
19 59
19 109
19 159
19 200
19 331
19 361
19 376
19 381
