0 0
0 4
0 7
0 9
0 47
0 53
0 59
0 66
0 74
0 75
0 97
0 102
0 130
0 138
0 144
0 152
0 159
0 174
0 177
0 187
0 188
1 12
1 13
1 15
1 37
1 60
1 61
1 67
1 69
1 71
1 82
1 87
1 98
1 119
1 139
1 167
1 193
2 8
2 24
2 26
2 51
2 83
2 85
2 86
2 99
2 103
2 114
2 120
2 127
2 128
2 136
2 142
2 170
2 176
3 20
3 21
3 25
3 27
3 35
3 40
3 46
3 58
3 89
3 100
3 108
3 115
3 116
3 129
3 135
3 148
3 153
3 158
3 172
3 175
3 180
3 183
4 1
4 3
4 17
4 39
4 55
4 62
4 65
4 70
4 78
4 79
4 117
4 121
4 124
4 125
4 132
4 146
4 164
4 173
4 186
4 190
4 191
4 195
4 196
5 23
5 29
5 30
5 38
5 42
5 50
5 76
5 88
5 91
5 126
5 162
5 171
5 182
5 198
6 6
6 14
6 18
6 28
6 33
6 36
6 44
6 48
6 52
6 57
6 68
6 90
6 101
6 106
6 110
6 143
6 179
6 185
6 189
7 22
7 31
7 34
7 43
7 49
7 64
7 81
7 84
7 92
7 109
7 113
7 122
7 134
7 140
7 154
7 155
8 10
8 11
8 32
8 41
8 56
8 72
8 73
8 77
8 95
8 96
8 105
8 111
8 137
8 141
8 145
8 151
8 156
8 157
8 160
8 163
8 166
8 194
8 197
9 5
9 54
9 63
9 80
9 93
9 104
9 107
9 118
9 123
9 131
9 147
9 149
9 150
9 165
9 168
9 169
9 178
9 181
9 192
10 2
10 16
10 19
10 45
10 94
10 112
10 133
10 161
10 184
10 199
