0 5
0 23
0 29
0 30
0 38
0 42
0 50
0 76
0 88
0 91
0 93
0 104
0 126
0 162
0 171
0 182
0 198
1 4
1 7
1 9
1 47
1 48
1 53
1 75
1 97
1 101
1 102
1 106
1 130
1 138
1 144
1 152
1 159
1 174
1 177
1 188
2 10
2 20
2 73
2 96
2 114
2 115
2 145
2 149
2 150
2 166
2 172
2 183
2 197
3 22
3 31
3 34
3 43
3 64
3 81
3 92
3 140
3 155
4 12
4 13
4 15
4 37
4 49
4 71
4 82
4 84
4 109
4 113
4 122
4 134
4 139
4 154
4 186
4 193
5 2
5 16
5 19
5 45
5 94
5 112
5 133
5 199
6 54
6 60
6 61
6 63
6 67
6 69
6 80
6 87
6 98
6 118
6 119
6 123
6 131
6 147
6 165
6 167
6 168
6 169
6 178
6 181
6 192
7 6
7 18
7 28
7 36
7 57
7 79
7 107
7 110
7 124
7 132
7 143
7 179
7 185
8 21
8 25
8 27
8 40
8 46
8 59
8 74
8 89
8 108
8 116
8 135
8 148
8 153
8 158
8 180
8 187
9 14
9 33
9 35
9 44
9 52
9 58
9 68
9 90
9 100
9 129
9 175
9 189
10 11
10 32
10 41
10 56
10 72
10 77
10 95
10 105
10 111
10 137
10 141
10 151
10 156
10 157
10 160
10 163
10 194
11 1
11 17
11 39
11 55
11 62
11 65
11 70
11 78
11 117
11 121
11 146
11 164
11 173
11 195
12 8
12 24
12 26
12 51
12 83
12 85
12 86
12 99
12 103
12 120
12 127
12 128
12 136
12 142
12 161
12 170
12 176
12 184
13 0
13 3
13 66
13 125
13 190
13 191
13 196
