0 12
0 13
0 15
0 37
0 62
0 71
0 84
0 119
0 131
0 154
0 178
0 186
1 11
1 32
1 41
1 52
1 56
1 58
1 68
1 72
1 73
1 77
1 90
1 95
1 105
1 111
1 137
1 141
1 151
1 157
1 160
1 175
1 189
1 194
2 23
2 29
2 30
2 38
2 42
2 50
2 76
2 88
2 91
2 104
2 162
2 171
2 182
3 4
3 7
3 9
3 47
3 53
3 59
3 74
3 75
3 97
3 102
3 130
3 138
3 144
3 152
3 159
3 174
3 177
3 187
3 188
4 54
4 60
4 61
4 63
4 67
4 69
4 87
4 118
4 123
4 147
4 167
4 168
4 169
4 181
4 192
5 2
5 16
5 19
5 45
5 94
5 103
5 112
5 120
5 127
5 161
5 170
5 184
5 199
6 21
6 25
6 27
6 35
6 40
6 46
6 89
6 100
6 108
6 116
6 129
6 135
6 148
6 153
6 158
6 180
7 3
7 49
7 125
7 134
7 139
7 146
7 190
7 193
7 196
8 8
8 24
8 26
8 51
8 83
8 85
8 86
8 99
8 128
8 133
8 136
8 142
8 156
8 176
9 0
9 1
9 17
9 39
9 55
9 65
9 66
9 70
9 78
9 117
9 121
9 164
9 173
9 191
9 195
10 22
10 31
10 34
10 43
10 64
10 81
10 92
10 109
10 113
10 122
10 140
10 155
11 6
11 18
11 28
11 36
11 57
11 79
11 107
11 124
11 132
11 143
11 179
11 185
12 82
12 93
12 98
12 126
12 198
13 14
13 33
13 44
13 48
13 101
13 106
13 110
14 5
14 10
14 20
14 80
14 96
14 114
14 115
14 145
14 149
14 150
14 163
14 165
14 166
14 172
14 183
14 197
