0 14
0 33
0 35
0 44
0 52
0 58
0 68
0 90
0 100
0 106
0 129
0 189
1 1
1 17
1 39
1 55
1 62
1 65
1 70
1 79
1 117
1 121
1 124
1 132
1 164
1 173
1 195
2 21
2 25
2 27
2 40
2 46
2 89
2 108
2 116
2 135
2 148
2 153
2 158
2 180
3 2
3 45
3 85
3 94
3 103
3 112
3 120
3 127
3 161
3 170
3 184
3 199
4 8
4 16
4 19
4 24
4 26
4 51
4 83
4 86
4 99
4 114
4 128
4 133
4 136
4 142
4 176
5 12
5 13
5 15
5 31
5 37
5 49
5 64
5 71
5 119
5 134
5 139
5 154
5 186
5 193
6 4
6 7
6 9
6 47
6 48
6 53
6 59
6 74
6 75
6 97
6 102
6 130
6 138
6 144
6 152
6 159
6 174
6 177
6 187
6 188
7 60
7 61
7 63
7 67
7 69
7 82
7 87
7 98
7 167
7 169
8 5
8 54
8 80
8 93
8 104
8 118
8 123
8 147
8 150
8 165
8 168
8 181
8 192
8 198
9 6
9 18
9 28
9 36
9 57
9 101
9 107
9 110
9 143
9 179
9 185
10 56
10 77
10 95
10 105
10 141
10 156
10 163
11 22
11 34
11 43
11 81
11 92
11 109
11 113
11 122
11 140
11 155
12 23
12 29
12 38
12 50
12 76
12 84
12 88
12 126
12 131
12 149
12 178
13 0
13 3
13 66
13 78
13 125
13 146
13 190
13 191
13 196
14 30
14 42
14 91
14 162
14 171
14 182
15 10
15 11
15 20
15 32
15 41
15 72
15 73
15 96
15 111
15 115
15 137
15 145
15 151
15 157
15 160
15 166
15 172
15 175
15 183
15 194
15 197
