0 0
0 1
0 3
0 9
0 12
0 13
0 15
0 22
0 31
0 37
0 38
0 43
0 49
0 50
0 54
0 55
0 60
0 61
0 62
0 63
0 64
0 65
0 66
0 67
0 69
0 70
0 71
0 76
0 78
0 79
0 80
0 82
0 84
0 87
0 88
0 91
0 98
0 104
0 107
0 109
0 113
0 117
0 118
0 119
0 121
0 122
0 123
0 124
0 125
0 126
0 131
0 132
0 134
0 139
0 146
0 147
0 152
0 154
0 164
0 165
0 167
0 168
0 169
0 173
0 178
0 181
0 186
0 190
0 191
0 192
0 193
0 195
0 196
0 198
1 2
1 4
1 5
1 6
1 7
1 8
1 10
1 11
1 14
1 16
1 17
1 18
1 19
1 20
1 21
1 23
1 24
1 25
1 26
1 27
1 28
1 29
1 30
1 32
1 33
1 34
1 35
1 36
1 39
1 40
1 41
1 42
1 44
1 45
1 46
1 47
1 48
1 51
1 52
1 53
1 56
1 57
1 58
1 59
1 68
1 72
1 73
1 74
1 75
1 77
1 81
1 83
1 85
1 86
1 89
1 90
1 92
1 93
1 94
1 95
1 96
1 97
1 99
1 100
1 101
1 102
1 103
1 105
1 106
1 108
1 110
1 111
1 112
1 114
1 115
1 116
1 120
1 127
1 128
1 129
1 130
1 133
1 135
1 136
1 137
1 138
1 140
1 141
1 142
1 143
1 144
1 145
1 148
1 149
1 150
1 151
1 153
1 155
1 156
1 157
1 158
1 159
1 160
1 161
1 162
1 163
1 166
1 170
1 171
1 172
1 174
1 175
1 176
1 177
1 179
1 180
1 182
1 183
1 184
1 185
1 187
1 188
1 189
1 194
1 197
1 199
