0 23
0 38
0 50
0 76
0 84
0 88
1 17
1 18
1 39
1 62
1 96
1 114
1 115
1 149
1 150
1 183
2 55
2 70
2 79
2 107
2 124
2 132
2 133
2 164
2 195
3 2
3 16
3 45
3 94
3 103
3 112
3 120
3 127
3 161
3 184
3 199
4 31
4 49
4 64
4 109
4 113
4 121
4 134
4 154
5 5
5 56
5 77
5 93
5 95
5 105
6 4
6 7
6 9
6 47
6 53
6 59
6 74
6 75
6 97
6 102
6 130
6 138
6 144
6 152
6 159
6 174
6 177
6 187
6 188
7 21
7 27
7 40
7 46
7 48
7 89
7 106
7 108
7 116
7 129
7 135
7 148
7 153
7 158
7 180
8 12
8 13
8 15
8 37
8 71
8 119
8 139
8 186
8 193
9 20
9 25
9 58
9 73
9 100
9 137
9 172
9 175
9 197
10 0
10 1
10 3
10 65
10 66
10 78
10 117
10 125
10 146
10 173
10 190
10 191
10 196
11 60
11 61
11 63
11 67
11 69
11 87
11 123
11 167
11 169
12 10
12 11
12 32
12 41
12 72
12 111
12 141
12 145
12 151
12 156
12 157
12 160
12 163
12 166
12 194
13 82
13 98
13 126
13 198
14 22
14 34
14 43
14 81
14 92
14 122
14 140
14 155
15 8
15 19
15 24
15 26
15 51
15 83
15 85
15 86
15 99
15 128
15 136
15 142
15 170
15 176
16 54
16 80
16 104
16 118
16 131
16 147
16 165
16 168
16 178
16 181
16 192
17 6
17 28
17 36
17 57
17 101
17 110
17 143
17 179
17 185
18 29
18 30
18 42
18 91
18 162
18 171
18 182
19 14
19 33
19 35
19 44
19 52
19 68
19 90
19 189
