0 2
0 5
0 8
0 10
0 16
0 19
0 23
0 24
0 26
0 29
0 30
0 34
0 38
0 42
0 45
0 51
0 56
0 72
0 76
0 77
0 80
0 81
0 83
0 85
0 86
0 88
0 91
0 92
0 93
0 94
0 95
0 96
0 99
0 103
0 104
0 105
0 112
0 114
0 120
0 127
0 128
0 133
0 136
0 141
0 142
0 145
0 149
0 150
0 155
0 156
0 161
0 162
0 163
0 166
0 170
0 171
0 176
0 182
0 184
0 198
0 199
1 0
1 1
1 3
1 12
1 13
1 15
1 17
1 22
1 31
1 37
1 39
1 43
1 49
1 50
1 54
1 55
1 60
1 61
1 62
1 63
1 64
1 65
1 66
1 67
1 69
1 70
1 71
1 78
1 79
1 82
1 84
1 87
1 98
1 107
1 109
1 113
1 117
1 118
1 119
1 121
1 122
1 123
1 124
1 125
1 126
1 131
1 132
1 134
1 139
1 140
1 146
1 147
1 154
1 164
1 165
1 167
1 168
1 169
1 173
1 178
1 181
1 186
1 190
1 191
1 192
1 193
1 195
1 196
2 4
2 6
2 7
2 9
2 11
2 14
2 18
2 20
2 21
2 25
2 27
2 28
2 32
2 33
2 35
2 36
2 40
2 41
2 44
2 46
2 47
2 48
2 52
2 53
2 57
2 58
2 59
2 68
2 73
2 74
2 75
2 89
2 90
2 97
2 100
2 101
2 102
2 106
2 108
2 110
2 111
2 115
2 116
2 129
2 130
2 135
2 137
2 138
2 143
2 144
2 148
2 151
2 152
2 153
2 157
2 158
2 159
2 160
2 172
2 174
2 175
2 177
2 179
2 180
2 183
2 185
2 187
2 188
2 189
2 194
2 197
