0 2
0 5
0 8
0 16
0 19
0 23
0 24
0 26
0 29
0 30
0 34
0 38
0 42
0 45
0 51
0 76
0 80
0 81
0 83
0 85
0 86
0 91
0 92
0 94
0 99
0 103
0 104
0 108
0 112
0 114
0 120
0 127
0 128
0 133
0 136
0 140
0 142
0 149
0 155
0 161
0 162
0 170
0 171
0 176
0 182
0 184
0 199
1 0
1 1
1 3
1 4
1 7
1 9
1 17
1 18
1 39
1 47
1 48
1 53
1 55
1 59
1 65
1 66
1 70
1 74
1 75
1 78
1 79
1 97
1 101
1 102
1 106
1 110
1 117
1 121
1 124
1 125
1 130
1 132
1 135
1 138
1 144
1 146
1 148
1 152
1 158
1 159
1 164
1 173
1 174
1 177
1 185
1 187
1 188
1 190
1 191
1 195
2 12
2 13
2 15
2 22
2 31
2 37
2 43
2 49
2 50
2 54
2 60
2 61
2 62
2 63
2 64
2 67
2 69
2 71
2 82
2 84
2 87
2 88
2 98
2 109
2 113
2 118
2 119
2 122
2 123
2 126
2 131
2 134
2 139
2 147
2 154
2 165
2 167
2 168
2 169
2 178
2 181
2 186
2 192
2 193
2 196
2 198
3 6
3 10
3 11
3 14
3 20
3 21
3 25
3 27
3 28
3 32
3 33
3 35
3 36
3 40
3 41
3 44
3 46
3 52
3 56
3 57
3 58
3 68
3 72
3 73
3 77
3 89
3 90
3 93
3 95
3 96
3 100
3 105
3 107
3 111
3 115
3 116
3 129
3 137
3 141
3 143
3 145
3 150
3 151
3 153
3 156
3 157
3 160
3 163
3 166
3 172
3 175
3 179
3 180
3 183
3 189
3 194
3 197
