0 6
0 10
0 11
0 14
0 20
0 25
0 28
0 32
0 35
0 36
0 41
0 44
0 52
0 56
0 57
0 58
0 68
0 72
0 73
0 77
0 90
0 95
0 96
0 100
0 105
0 111
0 115
0 137
0 141
0 143
0 145
0 151
0 156
0 157
0 160
0 163
0 166
0 172
0 175
0 179
0 183
0 189
0 194
0 197
1 4
1 7
1 18
1 21
1 27
1 33
1 40
1 46
1 47
1 48
1 53
1 59
1 74
1 75
1 89
1 97
1 101
1 102
1 106
1 108
1 110
1 116
1 129
1 130
1 135
1 138
1 144
1 148
1 152
1 153
1 158
1 159
1 174
1 177
1 180
1 185
1 187
1 188
2 0
2 1
2 3
2 9
2 17
2 22
2 31
2 39
2 43
2 49
2 55
2 62
2 64
2 65
2 66
2 70
2 78
2 79
2 113
2 117
2 121
2 124
2 125
2 132
2 134
2 139
2 140
2 146
2 164
2 173
2 186
2 190
2 191
2 193
2 195
2 196
3 2
3 8
3 16
3 19
3 23
3 24
3 26
3 29
3 30
3 34
3 42
3 45
3 51
3 81
3 83
3 85
3 86
3 91
3 92
3 94
3 99
3 103
3 112
3 114
3 120
3 127
3 128
3 133
3 136
3 142
3 155
3 161
3 162
3 170
3 171
3 176
3 182
3 184
3 199
4 5
4 12
4 13
4 15
4 37
4 38
4 50
4 54
4 60
4 61
4 63
4 67
4 69
4 71
4 76
4 80
4 82
4 84
4 87
4 88
4 93
4 98
4 104
4 107
4 109
4 118
4 119
4 122
4 123
4 126
4 131
4 147
4 149
4 150
4 154
4 165
4 167
4 168
4 169
4 178
4 181
4 192
4 198
