0 2
0 8
0 16
0 19
0 23
0 24
0 26
0 29
0 30
0 42
0 45
0 51
0 83
0 85
0 86
0 91
0 94
0 99
0 103
0 112
0 114
0 120
0 127
0 128
0 133
0 136
0 142
0 161
0 162
0 170
0 171
0 176
0 182
0 184
0 199
1 12
1 13
1 15
1 22
1 31
1 34
1 37
1 43
1 49
1 62
1 64
1 65
1 71
1 81
1 84
1 92
1 109
1 113
1 119
1 121
1 122
1 125
1 134
1 139
1 140
1 146
1 154
1 186
1 193
1 196
2 10
2 11
2 20
2 32
2 35
2 41
2 44
2 52
2 56
2 57
2 58
2 68
2 72
2 73
2 77
2 90
2 95
2 96
2 100
2 105
2 111
2 137
2 141
2 143
2 145
2 151
2 156
2 157
2 160
2 163
2 166
2 172
2 175
2 189
2 194
2 197
3 6
3 14
3 17
3 18
3 21
3 25
3 27
3 28
3 33
3 36
3 39
3 40
3 46
3 48
3 59
3 74
3 89
3 106
3 108
3 110
3 115
3 116
3 129
3 135
3 138
3 148
3 153
3 155
3 158
3 179
3 180
3 183
3 185
3 187
4 5
4 38
4 50
4 54
4 60
4 61
4 63
4 67
4 69
4 76
4 80
4 82
4 87
4 88
4 93
4 98
4 104
4 107
4 118
4 123
4 126
4 131
4 147
4 149
4 150
4 165
4 167
4 168
4 169
4 178
4 181
4 192
4 198
5 0
5 1
5 3
5 4
5 7
5 9
5 47
5 53
5 55
5 66
5 70
5 75
5 78
5 79
5 97
5 101
5 102
5 117
5 124
5 130
5 132
5 144
5 152
5 159
5 164
5 173
5 174
5 177
5 188
5 190
5 191
5 195
