0 6
0 14
0 18
0 21
0 25
0 27
0 28
0 33
0 35
0 36
0 40
0 44
0 46
0 48
0 57
0 58
0 68
0 89
0 100
0 106
0 108
0 110
0 115
0 116
0 129
0 135
0 148
0 153
0 158
0 179
0 180
0 185
1 5
1 54
1 60
1 61
1 63
1 67
1 69
1 80
1 87
1 93
1 107
1 118
1 123
1 131
1 147
1 149
1 150
1 165
1 167
1 168
1 169
1 178
1 181
1 192
2 0
2 1
2 3
2 4
2 7
2 9
2 17
2 39
2 47
2 53
2 55
2 59
2 66
2 70
2 74
2 75
2 78
2 79
2 97
2 101
2 102
2 117
2 124
2 130
2 132
2 138
2 144
2 152
2 159
2 164
2 173
2 174
2 177
2 187
2 188
2 190
2 191
2 195
3 10
3 11
3 20
3 32
3 41
3 52
3 56
3 72
3 73
3 77
3 90
3 95
3 96
3 105
3 111
3 137
3 141
3 143
3 145
3 151
3 156
3 157
3 160
3 163
3 166
3 172
3 175
3 183
3 189
3 194
3 197
4 2
4 8
4 16
4 19
4 24
4 26
4 45
4 51
4 83
4 85
4 86
4 94
4 99
4 103
4 112
4 114
4 120
4 127
4 128
4 133
4 136
4 142
4 161
4 170
4 176
4 184
4 199
5 12
5 13
5 15
5 22
5 31
5 34
5 37
5 43
5 49
5 62
5 64
5 65
5 71
5 81
5 84
5 92
5 109
5 113
5 119
5 121
5 122
5 125
5 134
5 139
5 140
5 146
5 154
5 155
5 186
5 193
5 196
6 23
6 29
6 30
6 38
6 42
6 50
6 76
6 82
6 88
6 91
6 98
6 104
6 126
6 162
6 171
6 182
6 198
