0 23
0 29
0 30
0 38
0 42
0 50
0 76
0 88
0 91
0 104
0 126
0 131
0 149
0 162
0 171
0 182
0 198
1 13
1 17
1 22
1 31
1 34
1 39
1 43
1 49
1 62
1 64
1 81
1 84
1 92
1 109
1 113
1 121
1 122
1 134
1 140
1 154
1 155
1 186
2 2
2 8
2 16
2 19
2 24
2 26
2 45
2 51
2 83
2 85
2 86
2 94
2 99
2 103
2 112
2 114
2 120
2 127
2 128
2 133
2 136
2 142
2 161
2 170
2 176
2 184
2 199
3 0
3 1
3 3
3 7
3 9
3 55
3 65
3 66
3 70
3 75
3 78
3 79
3 101
3 102
3 117
3 124
3 125
3 132
3 146
3 152
3 164
3 173
3 190
3 191
3 195
3 196
4 4
4 21
4 27
4 40
4 46
4 47
4 48
4 53
4 59
4 74
4 89
4 97
4 106
4 108
4 116
4 130
4 135
4 138
4 144
4 148
4 153
4 158
4 159
4 174
4 177
4 180
4 187
4 188
5 6
5 14
5 18
5 20
5 25
5 28
5 33
5 35
5 36
5 41
5 44
5 52
5 57
5 58
5 68
5 90
5 100
5 110
5 115
5 129
5 137
5 143
5 172
5 175
5 179
5 183
5 185
5 189
6 12
6 15
6 37
6 54
6 60
6 61
6 63
6 67
6 69
6 71
6 82
6 87
6 98
6 107
6 118
6 119
6 123
6 139
6 147
6 165
6 167
6 168
6 169
6 178
6 181
6 192
6 193
7 5
7 10
7 11
7 32
7 56
7 72
7 73
7 77
7 80
7 93
7 95
7 96
7 105
7 111
7 141
7 145
7 150
7 151
7 156
7 157
7 160
7 163
7 166
7 194
7 197
