0 12
0 13
0 15
0 22
0 31
0 37
0 49
0 64
0 71
0 84
0 109
0 113
0 121
0 122
0 134
0 139
0 146
0 154
0 186
0 193
0 196
1 10
1 11
1 32
1 41
1 56
1 72
1 73
1 77
1 95
1 105
1 111
1 137
1 141
1 145
1 151
1 156
1 157
1 160
1 163
1 166
1 194
1 197
2 0
2 1
2 3
2 4
2 7
2 9
2 47
2 55
2 65
2 66
2 70
2 75
2 78
2 79
2 101
2 102
2 117
2 124
2 125
2 132
2 152
2 159
2 164
2 173
2 188
2 190
2 191
2 195
3 17
3 18
3 20
3 23
3 25
3 34
3 39
3 43
3 62
3 81
3 92
3 96
3 114
3 115
3 140
3 149
3 155
3 172
3 183
4 6
4 14
4 28
4 33
4 35
4 36
4 44
4 52
4 57
4 58
4 68
4 90
4 100
4 110
4 129
4 143
4 175
4 179
4 185
4 189
5 5
5 29
5 30
5 38
5 42
5 50
5 76
5 82
5 88
5 91
5 93
5 98
5 104
5 126
5 162
5 171
5 182
5 198
6 54
6 60
6 61
6 63
6 67
6 69
6 80
6 87
6 107
6 118
6 119
6 123
6 131
6 147
6 150
6 165
6 167
6 168
6 169
6 178
6 181
6 192
7 2
7 8
7 16
7 19
7 24
7 26
7 45
7 51
7 83
7 85
7 86
7 94
7 99
7 103
7 112
7 120
7 127
7 128
7 133
7 136
7 142
7 161
7 170
7 176
7 184
7 199
8 21
8 27
8 40
8 46
8 48
8 53
8 59
8 74
8 89
8 97
8 106
8 108
8 116
8 130
8 135
8 138
8 144
8 148
8 153
8 158
8 174
8 177
8 180
8 187
