0 4
0 6
0 9
0 19
0 31
0 33
0 49
0 73
0 92
0 97
0 127
0 135
0 140
0 155
0 162
0 172
0 187
0 192
1 7
1 12
1 14
1 28
1 34
1 36
1 37
1 41
1 44
1 63
1 65
1 69
1 70
1 76
1 89
1 100
1 108
1 129
1 136
1 170
1 181
1 188
2 24
2 75
2 112
2 139
2 150
2 180
2 194
3 3
3 25
3 27
3 102
3 103
3 125
3 137
3 141
3 143
3 156
3 165
4 20
4 50
4 67
4 68
4 71
4 74
4 84
4 87
4 88
4 109
4 117
4 133
4 144
4 145
4 153
4 163
4 167
4 184
4 193
5 10
5 23
5 26
5 29
5 43
5 61
5 79
5 83
5 99
5 104
5 128
5 148
5 164
5 195
6 0
6 5
6 11
6 18
6 22
6 39
6 40
6 52
6 54
6 57
6 60
6 72
6 77
6 81
6 82
6 106
6 110
6 111
6 138
6 147
6 160
6 161
6 168
6 169
6 178
6 183
6 191
6 196
6 198
7 1
7 8
7 13
7 32
7 48
7 51
7 58
7 64
7 96
7 98
7 105
7 107
7 115
7 124
7 131
7 134
7 146
7 149
7 154
7 176
7 177
7 182
7 185
7 190
8 15
8 17
8 30
8 47
8 56
8 66
8 86
8 91
8 94
8 95
8 101
8 118
8 119
8 120
8 166
8 186
8 197
9 2
9 16
9 21
9 38
9 45
9 53
9 80
9 90
9 113
9 122
9 126
9 130
9 151
9 171
10 35
10 42
10 46
10 55
10 59
10 62
10 78
10 85
10 93
10 114
10 116
10 121
10 123
10 132
10 142
10 152
10 157
10 158
10 159
10 173
10 174
10 175
10 179
10 189
10 199
