0 15
0 37
0 49
0 67
0 75
0 78
0 84
0 125
0 130
0 155
0 178
0 182
0 195
1 2
1 9
1 16
1 22
1 25
1 28
1 29
1 30
1 41
1 52
1 57
1 58
1 65
1 69
1 102
1 107
1 118
1 119
1 126
1 127
1 173
1 187
1 191
2 0
2 1
2 31
2 40
2 51
2 55
2 64
2 74
2 80
2 103
2 111
2 116
2 123
2 128
2 132
2 133
2 135
2 136
2 139
2 152
2 160
2 166
2 183
3 6
3 35
3 45
3 92
3 104
3 105
3 148
3 154
3 164
3 174
3 188
4 20
4 47
4 63
4 76
4 144
4 158
5 5
5 50
5 62
5 145
5 169
5 176
5 177
5 184
5 186
6 7
6 23
6 27
6 70
6 90
6 95
6 110
6 129
6 141
6 150
6 167
6 168
6 172
6 185
7 3
7 11
7 38
7 43
7 44
7 48
7 53
7 77
7 83
7 97
7 99
7 106
7 121
7 149
7 175
7 190
7 196
7 199
8 10
8 13
8 21
8 26
8 46
8 88
8 98
8 147
8 151
8 170
8 194
9 134
10 17
10 18
10 79
10 87
10 113
10 117
10 131
10 137
10 138
10 140
10 161
10 162
10 198
11 12
11 32
11 33
11 36
11 39
11 54
11 59
11 66
11 68
11 71
11 86
11 89
11 93
11 96
11 101
11 114
11 115
11 120
11 142
11 143
11 146
11 153
11 156
11 163
11 179
11 189
11 192
11 193
11 197
12 4
12 19
12 24
12 61
12 72
12 73
12 82
12 85
12 108
12 124
12 157
12 165
12 181
13 8
13 14
13 34
13 42
13 56
13 60
13 81
13 91
13 94
13 100
13 109
13 112
13 122
13 159
13 171
13 180
