0 5
0 50
0 62
0 145
0 169
0 176
0 177
0 184
0 186
1 0
1 1
1 27
1 51
1 74
1 128
1 183
2 2
2 9
2 13
2 16
2 22
2 25
2 28
2 29
2 30
2 41
2 52
2 57
2 58
2 65
2 69
2 102
2 107
2 113
2 119
2 126
2 127
2 138
2 161
2 173
2 187
2 191
3 4
3 19
3 24
3 61
3 72
3 73
3 76
3 82
3 108
3 157
3 165
4 12
4 17
4 18
4 32
4 33
4 36
4 47
4 54
4 59
4 66
4 68
4 79
4 86
4 87
4 93
4 96
4 117
4 120
4 131
4 137
4 140
4 142
4 146
4 153
4 156
4 162
4 163
4 189
4 192
4 197
4 198
5 15
5 20
5 37
5 49
5 75
5 78
5 84
5 85
5 124
5 130
5 144
5 181
6 10
6 21
6 95
6 185
6 194
7 67
7 125
7 134
7 155
7 178
7 182
7 195
8 3
8 11
8 38
8 43
8 44
8 48
8 53
8 63
8 77
8 83
8 99
8 106
8 121
8 143
8 149
8 158
8 175
8 190
8 196
8 199
9 7
9 23
9 70
9 90
9 91
9 110
9 129
9 141
9 150
9 159
9 167
9 168
9 172
10 39
10 71
10 89
10 101
10 114
10 115
10 179
10 193
11 6
11 35
11 45
11 92
11 104
11 105
11 148
11 154
11 164
11 174
11 188
12 8
12 14
12 34
12 42
12 56
12 60
12 81
12 94
12 98
12 100
12 109
12 112
12 118
12 122
12 171
12 180
13 55
13 64
13 80
13 103
13 111
13 116
13 123
13 133
13 135
13 160
13 166
14 26
14 46
14 88
14 147
14 151
14 170
15 31
15 40
15 97
15 132
15 136
15 139
15 152
