0 10
0 26
0 43
0 83
0 87
0 99
0 104
0 128
0 148
0 164
1 1
1 13
1 32
1 58
1 105
1 107
1 115
1 122
1 131
1 134
1 141
1 149
1 154
1 185
1 190
2 84
2 85
2 93
2 114
2 121
2 123
2 159
2 163
2 174
2 184
2 193
2 199
3 2
3 16
3 21
3 38
3 45
3 47
3 53
3 90
3 101
3 113
3 118
3 120
3 126
3 130
3 151
3 171
3 186
4 3
4 56
4 66
4 95
4 102
4 192
4 197
5 24
5 75
5 112
5 139
5 150
5 180
5 194
6 11
6 22
6 39
6 40
6 54
6 57
6 60
6 72
6 77
6 80
6 82
6 86
6 138
6 161
6 169
6 178
6 183
6 191
6 198
7 5
7 7
7 12
7 14
7 28
7 36
7 44
7 52
7 70
7 81
7 100
7 111
7 160
7 170
7 181
7 188
8 0
8 18
8 35
8 42
8 59
8 62
8 78
8 106
8 110
8 129
8 132
8 147
8 152
8 157
8 168
8 173
8 175
8 179
8 189
8 196
9 25
9 27
9 103
9 125
9 137
9 143
9 156
9 165
10 23
10 29
10 61
10 79
10 195
11 8
11 37
11 41
11 51
11 63
11 64
11 65
11 69
11 76
11 89
11 98
11 108
11 116
11 136
11 146
11 158
11 177
11 182
12 9
12 19
12 34
12 97
12 135
12 155
12 162
12 187
13 4
13 117
13 140
14 31
14 48
14 50
14 88
14 96
14 109
14 124
14 127
14 133
14 144
14 145
14 153
14 167
14 176
15 20
15 67
15 68
15 71
15 74
16 6
16 33
16 46
16 49
16 55
16 73
16 92
16 142
16 172
17 15
17 17
17 30
17 91
17 94
17 119
17 166
