0 17
0 18
0 113
0 131
0 137
0 138
0 161
0 162
0 198
1 15
1 37
1 49
1 75
1 78
1 84
1 85
1 124
1 130
1 181
2 5
2 92
2 145
2 148
2 184
3 64
3 111
3 133
3 160
4 8
4 14
4 34
4 42
4 56
4 60
4 81
4 94
4 100
4 109
4 112
4 122
4 171
4 180
5 4
5 19
5 20
5 24
5 61
5 72
5 73
5 76
5 82
5 108
5 144
5 157
5 165
6 33
6 36
6 39
6 47
6 59
6 63
6 68
6 71
6 83
6 86
6 89
6 93
6 96
6 101
6 114
6 115
6 120
6 143
6 158
6 163
6 179
6 189
6 193
7 67
7 125
7 134
7 155
7 178
7 182
7 195
8 0
8 27
8 74
8 110
8 128
8 183
9 12
9 50
9 54
9 66
9 79
9 87
9 117
9 140
9 142
9 146
9 164
9 192
10 13
10 21
10 26
10 46
10 88
10 98
10 147
10 151
10 170
11 10
11 95
11 185
11 194
12 2
12 9
12 16
12 22
12 25
12 28
12 29
12 30
12 32
12 41
12 52
12 57
12 58
12 65
12 69
12 102
12 107
12 118
12 119
12 126
12 127
12 153
12 156
12 173
12 187
12 191
12 197
13 7
13 23
13 70
13 90
13 91
13 129
13 141
13 150
13 159
13 167
13 168
13 172
14 62
14 169
14 176
14 177
14 186
15 1
15 51
15 55
15 80
15 103
15 116
15 123
15 135
15 166
16 31
16 40
16 97
16 132
16 136
16 139
16 152
17 3
17 11
17 38
17 43
17 44
17 48
17 53
17 77
17 99
17 106
17 121
17 149
17 175
17 190
17 196
17 199
18 6
18 35
18 45
18 104
18 105
18 154
18 174
18 188
