0 1
0 3
0 4
0 10
0 20
0 23
0 24
0 25
0 26
0 27
0 29
0 31
0 32
0 43
0 48
0 50
0 61
0 68
0 71
0 74
0 75
0 79
0 83
0 87
0 88
0 96
0 99
0 102
0 103
0 104
0 112
0 124
0 125
0 127
0 128
0 131
0 135
0 137
0 139
0 141
0 143
0 144
0 148
0 149
0 150
0 153
0 156
0 164
0 165
0 167
0 176
0 180
0 185
0 192
0 194
0 195
1 0
1 2
1 5
1 6
1 7
1 8
1 9
1 11
1 12
1 13
1 14
1 15
1 16
1 17
1 18
1 19
1 21
1 22
1 28
1 30
1 33
1 34
1 35
1 36
1 37
1 38
1 39
1 40
1 41
1 42
1 44
1 45
1 46
1 47
1 49
1 51
1 52
1 53
1 54
1 55
1 56
1 57
1 58
1 59
1 60
1 62
1 63
1 64
1 65
1 66
1 67
1 69
1 70
1 72
1 73
1 76
1 77
1 78
1 80
1 81
1 82
1 84
1 85
1 86
1 89
1 90
1 91
1 92
1 93
1 94
1 95
1 97
1 98
1 100
1 101
1 105
1 106
1 107
1 108
1 109
1 110
1 111
1 113
1 114
1 115
1 116
1 117
1 118
1 119
1 120
1 121
1 122
1 123
1 126
1 129
1 130
1 132
1 133
1 134
1 136
1 138
1 140
1 142
1 145
1 146
1 147
1 151
1 152
1 154
1 155
1 157
1 158
1 159
1 160
1 161
1 162
1 163
1 166
1 168
1 169
1 170
1 171
1 172
1 173
1 174
1 175
1 177
1 178
1 179
1 181
1 182
1 183
1 184
1 186
1 187
1 188
1 189
1 190
1 191
1 193
1 196
1 197
1 198
1 199
