0 5
0 6
0 8
0 34
0 35
0 42
0 45
0 50
0 62
0 79
0 81
0 92
0 100
0 104
0 112
0 134
0 137
0 145
0 146
0 148
0 154
0 164
0 169
0 176
0 177
0 180
0 184
0 186
0 188
0 192
1 3
1 4
1 11
1 12
1 15
1 19
1 20
1 24
1 33
1 36
1 37
1 38
1 39
1 43
1 44
1 47
1 48
1 49
1 53
1 54
1 59
1 61
1 63
1 66
1 67
1 68
1 71
1 72
1 73
1 75
1 76
1 77
1 78
1 82
1 83
1 84
1 85
1 86
1 87
1 89
1 93
1 96
1 99
1 101
1 105
1 106
1 108
1 114
1 115
1 117
1 121
1 124
1 125
1 130
1 140
1 142
1 143
1 144
1 149
1 155
1 157
1 158
1 163
1 165
1 174
1 175
1 178
1 179
1 181
1 182
1 189
1 190
1 193
1 195
1 196
1 199
2 2
2 7
2 9
2 10
2 13
2 14
2 16
2 17
2 18
2 21
2 22
2 23
2 25
2 26
2 28
2 29
2 30
2 32
2 41
2 46
2 52
2 56
2 57
2 58
2 60
2 65
2 69
2 70
2 88
2 90
2 91
2 94
2 95
2 98
2 102
2 107
2 109
2 110
2 113
2 118
2 119
2 120
2 122
2 126
2 127
2 129
2 131
2 138
2 141
2 147
2 150
2 151
2 153
2 156
2 159
2 161
2 162
2 167
2 168
2 170
2 171
2 172
2 173
2 185
2 187
2 191
2 194
2 197
2 198
3 0
3 1
3 27
3 31
3 40
3 51
3 55
3 64
3 74
3 80
3 97
3 103
3 111
3 116
3 123
3 128
3 132
3 133
3 135
3 136
3 139
3 152
3 160
3 166
3 183
