0 3
0 11
0 33
0 36
0 38
0 39
0 43
0 44
0 47
0 53
0 54
0 59
0 63
0 68
0 77
0 83
0 86
0 87
0 89
0 93
0 96
0 99
0 101
0 106
0 110
0 115
0 117
0 121
0 140
0 143
0 149
0 158
0 163
0 175
0 179
0 189
0 190
0 193
0 196
0 199
1 0
1 1
1 27
1 51
1 55
1 64
1 74
1 80
1 97
1 103
1 111
1 116
1 123
1 128
1 132
1 133
1 135
1 136
1 139
1 152
1 160
1 166
1 183
2 5
2 8
2 34
2 35
2 42
2 45
2 50
2 62
2 79
2 81
2 92
2 104
2 112
2 137
2 145
2 148
2 154
2 164
2 169
2 176
2 177
2 180
2 184
2 186
2 188
3 2
3 9
3 12
3 16
3 17
3 18
3 22
3 25
3 28
3 29
3 30
3 32
3 41
3 52
3 57
3 58
3 60
3 65
3 66
3 69
3 71
3 102
3 107
3 113
3 114
3 118
3 119
3 120
3 126
3 127
3 129
3 131
3 138
3 142
3 146
3 150
3 153
3 156
3 161
3 162
3 168
3 173
3 187
3 191
3 192
3 197
3 198
4 4
4 19
4 20
4 24
4 31
4 40
4 48
4 61
4 72
4 73
4 76
4 82
4 108
4 144
4 157
4 165
5 6
5 15
5 37
5 49
5 67
5 75
5 78
5 84
5 85
5 105
5 124
5 125
5 130
5 134
5 155
5 174
5 178
5 181
5 182
5 195
6 7
6 10
6 13
6 14
6 21
6 23
6 26
6 46
6 56
6 70
6 88
6 90
6 91
6 94
6 95
6 98
6 100
6 109
6 122
6 141
6 147
6 151
6 159
6 167
6 170
6 171
6 172
6 185
6 194
