0 3
0 9
0 19
0 32
0 34
0 56
0 66
0 95
0 97
0 102
0 135
0 155
0 162
0 185
0 187
0 192
0 197
1 6
1 18
1 33
1 35
1 42
1 44
1 46
1 49
1 55
1 59
1 62
1 73
1 76
1 78
1 85
1 92
1 93
1 114
1 116
1 121
1 123
1 129
1 132
1 136
1 142
1 152
1 157
1 158
1 159
1 172
1 173
1 174
1 175
1 179
1 189
1 199
2 0
2 5
2 7
2 11
2 15
2 22
2 28
2 30
2 36
2 39
2 40
2 52
2 54
2 57
2 60
2 70
2 72
2 77
2 80
2 81
2 82
2 86
2 91
2 94
2 106
2 110
2 111
2 119
2 138
2 147
2 160
2 161
2 168
2 169
2 170
2 178
2 181
2 183
2 188
2 191
2 196
2 198
3 1
3 8
3 12
3 13
3 14
3 31
3 37
3 41
3 48
3 50
3 51
3 58
3 63
3 64
3 65
3 69
3 89
3 96
3 98
3 100
3 105
3 107
3 108
3 115
3 124
3 131
3 134
3 146
3 149
3 154
3 176
3 177
3 182
3 190
4 2
4 16
4 17
4 21
4 38
4 45
4 47
4 53
4 90
4 101
4 113
4 118
4 120
4 122
4 126
4 130
4 139
4 151
4 166
4 171
4 186
4 194
5 24
5 75
5 103
5 112
5 125
5 137
5 143
5 150
5 156
5 165
5 180
6 10
6 23
6 25
6 26
6 27
6 29
6 43
6 61
6 79
6 83
6 99
6 104
6 127
6 128
6 141
6 148
6 164
6 195
7 4
7 20
7 67
7 68
7 71
7 74
7 84
7 87
7 88
7 109
7 117
7 133
7 140
7 144
7 145
7 153
7 163
7 167
7 184
7 193
