0 11
0 22
0 24
0 33
0 40
0 44
0 92
0 106
0 115
0 126
0 190
0 191
0 195
0 221
0 224
0 242
0 246
0 263
0 266
0 296
0 312
0 314
0 321
0 323
0 345
0 348
0 350
0 361
0 376
0 382
0 390
1 2
1 3
1 26
1 28
1 31
1 41
1 42
1 48
1 54
1 56
1 60
1 74
1 86
1 88
1 94
1 100
1 109
1 111
1 120
1 124
1 131
1 150
1 166
1 171
1 175
1 178
1 181
1 184
1 185
1 186
1 202
1 204
1 212
1 213
1 223
1 232
1 243
1 244
1 245
1 258
1 261
1 273
1 278
1 279
1 281
1 300
1 305
1 308
1 313
1 317
1 319
1 334
1 341
1 349
1 354
1 363
1 367
1 378
1 379
1 397
1 398
2 1
2 19
2 57
2 61
2 62
2 63
2 64
2 82
2 91
2 107
2 147
2 152
2 200
2 208
2 219
2 228
2 235
2 240
2 247
2 255
2 267
2 276
2 285
2 287
2 338
2 366
2 370
2 371
2 373
2 377
3 5
3 6
3 27
3 47
3 80
3 81
3 104
3 129
3 137
3 142
3 199
3 218
3 249
3 251
3 286
3 295
3 297
3 309
3 310
3 332
3 335
3 358
3 364
3 374
4 34
4 46
4 52
4 68
4 127
4 159
4 226
4 233
4 237
4 241
4 248
4 269
4 275
4 291
4 301
4 302
4 311
4 346
4 352
4 386
4 388
5 9
5 13
5 14
5 15
5 18
5 23
5 29
5 32
5 38
5 45
5 51
5 65
5 66
5 73
5 75
5 76
5 89
5 90
5 97
5 101
5 105
5 113
5 117
5 119
5 125
5 130
5 140
5 143
5 146
5 151
5 153
5 154
5 157
5 161
5 164
5 168
5 170
5 172
5 173
5 176
5 179
5 180
5 188
5 192
5 193
5 194
5 207
5 211
5 257
5 259
5 271
5 272
5 274
5 327
5 339
5 340
5 351
5 360
5 380
5 384
5 385
5 393
5 396
5 399
6 4
6 25
6 43
6 98
6 133
6 141
6 145
6 201
6 214
6 227
6 236
6 333
6 368
6 372
6 387
6 394
7 36
7 50
7 71
7 77
7 79
7 87
7 112
7 116
7 121
7 123
7 158
7 162
7 167
7 169
7 187
7 206
7 234
7 239
7 254
7 256
7 262
7 283
7 288
7 289
7 292
7 303
7 328
7 344
7 362
7 375
7 381
7 391
8 10
8 16
8 30
8 39
8 49
8 72
8 78
8 84
8 93
8 95
8 134
8 144
8 148
8 163
8 177
8 189
8 197
8 205
8 210
8 250
8 260
8 277
8 280
8 284
8 290
8 294
8 299
8 306
8 322
8 325
8 330
8 336
8 353
8 355
8 357
9 0
9 7
9 8
9 12
9 17
9 20
9 21
9 35
9 37
9 53
9 55
9 58
9 59
9 67
9 69
9 70
9 83
9 85
9 96
9 99
9 102
9 103
9 108
9 110
9 114
9 118
9 122
9 128
9 132
9 135
9 136
9 138
9 139
9 149
9 155
9 156
9 160
9 165
9 174
9 182
9 183
9 196
9 198
9 203
9 209
9 215
9 216
9 217
9 220
9 222
9 225
9 229
9 230
9 231
9 238
9 252
9 253
9 264
9 265
9 268
9 270
9 282
9 293
9 298
9 304
9 307
9 315
9 316
9 318
9 320
9 324
9 326
9 329
9 331
9 337
9 342
9 343
9 347
9 356
9 359
9 365
9 369
9 383
9 389
9 392
9 395
