0 5
0 27
0 34
0 46
0 52
0 68
0 127
0 142
0 159
0 182
0 199
0 218
0 219
0 226
0 233
0 237
0 241
0 243
0 248
0 251
0 269
0 275
0 291
0 301
0 302
0 310
0 311
0 346
0 352
0 364
0 371
0 374
0 386
0 388
1 0
1 12
1 16
1 17
1 19
1 26
1 28
1 30
1 31
1 49
1 50
1 74
1 84
1 95
1 96
1 99
1 100
1 110
1 111
1 114
1 121
1 124
1 125
1 131
1 132
1 140
1 146
1 148
1 163
1 165
1 181
1 197
1 198
1 203
1 205
1 212
1 217
1 220
1 222
1 228
1 229
1 230
1 231
1 244
1 245
1 252
1 258
1 261
1 264
1 277
1 290
1 293
1 307
1 317
1 334
1 347
1 355
1 359
1 378
1 379
1 392
1 397
2 71
2 75
2 77
2 79
2 91
2 116
2 123
2 147
2 152
2 158
2 169
2 187
2 206
2 208
2 234
2 235
2 239
2 254
2 256
2 262
2 267
2 276
2 283
2 287
2 288
2 289
2 292
2 328
2 344
2 362
2 373
2 375
2 380
2 391
3 7
3 18
3 21
3 23
3 37
3 62
3 66
3 76
3 90
3 101
3 119
3 135
3 168
3 172
3 173
3 176
3 179
3 183
3 194
3 211
3 240
3 257
3 298
3 340
3 366
3 385
3 396
3 399
4 4
4 11
4 25
4 43
4 106
4 115
4 133
4 141
4 195
4 201
4 224
4 227
4 263
4 266
4 314
4 333
4 345
4 368
4 372
4 382
4 394
5 8
5 20
5 120
5 150
5 202
5 213
5 255
5 270
5 278
5 279
5 354
5 363
6 1
6 2
6 3
6 6
6 24
6 33
6 41
6 42
6 44
6 48
6 53
6 54
6 57
6 58
6 60
6 61
6 63
6 64
6 82
6 83
6 85
6 86
6 88
6 94
6 102
6 107
6 108
6 113
6 117
6 126
6 128
6 129
6 136
6 138
6 149
6 151
6 155
6 160
6 166
6 171
6 174
6 175
6 178
6 184
6 186
6 190
6 200
6 204
6 221
6 223
6 246
6 247
6 249
6 259
6 265
6 273
6 286
6 295
6 300
6 304
6 309
6 312
6 313
6 316
6 318
6 319
6 326
6 331
6 337
6 338
6 341
6 342
6 348
6 350
6 356
6 361
6 370
6 376
6 390
6 398
7 9
7 13
7 15
7 29
7 32
7 45
7 51
7 56
7 65
7 81
7 89
7 104
7 143
7 161
7 180
7 185
7 192
7 207
7 260
7 274
7 297
7 306
7 308
7 349
7 360
7 367
8 14
8 38
8 40
8 73
8 97
8 105
8 118
8 130
8 153
8 154
8 157
8 164
8 170
8 188
8 191
8 193
8 196
8 209
8 210
8 216
8 225
8 242
8 271
8 272
8 296
8 321
8 323
8 327
8 329
8 339
8 351
8 358
8 383
8 384
8 393
9 10
9 22
9 39
9 78
9 92
9 93
9 177
9 250
9 280
9 284
9 294
9 322
9 330
9 336
9 357
10 36
10 47
10 67
10 80
10 87
10 112
10 122
10 137
10 162
10 167
10 189
10 282
10 285
10 303
10 332
10 335
10 377
10 381
11 35
11 55
11 59
11 69
11 70
11 72
11 98
11 103
11 109
11 134
11 139
11 144
11 145
11 156
11 214
11 215
11 232
11 236
11 238
11 253
11 268
11 281
11 299
11 305
11 315
11 320
11 324
11 325
11 343
11 353
11 365
11 369
11 387
11 389
11 395
