0 1
0 57
0 58
0 63
0 200
0 235
0 338
0 371
1 5
1 6
1 7
1 27
1 81
1 83
1 98
1 106
1 117
1 119
1 122
1 129
1 133
1 135
1 137
1 145
1 160
1 179
1 183
1 189
1 199
1 216
1 218
1 224
1 225
1 227
1 232
1 236
1 249
1 251
1 253
1 260
1 266
1 282
1 284
1 306
1 309
1 310
1 314
1 332
1 335
1 350
1 356
1 358
1 364
1 374
1 382
2 29
2 39
2 49
2 53
2 84
2 89
2 95
2 104
2 126
2 139
2 140
2 153
2 165
2 180
2 205
2 207
2 210
2 246
2 252
2 272
2 286
2 295
2 393
3 23
3 64
3 67
3 75
3 76
3 91
3 107
3 138
3 147
3 152
3 168
3 173
3 208
3 219
3 234
3 239
3 256
3 267
3 276
3 285
3 287
3 289
3 331
3 366
3 370
3 373
3 375
3 377
3 380
4 2
4 19
4 94
4 120
4 142
4 171
4 178
4 181
4 213
4 223
4 228
4 243
4 244
4 278
4 354
5 28
5 36
5 47
5 50
5 60
5 71
5 74
5 79
5 80
5 87
5 100
5 111
5 112
5 116
5 121
5 123
5 131
5 146
5 158
5 162
5 167
5 169
5 187
5 206
5 212
5 245
5 254
5 283
5 288
5 303
5 317
5 328
5 334
5 344
5 347
5 362
5 378
5 379
5 381
5 391
5 397
6 9
6 13
6 15
6 32
6 45
6 51
6 56
6 65
6 143
6 161
6 185
6 192
6 274
6 297
6 308
6 349
6 360
6 367
6 384
7 21
7 34
7 46
7 52
7 68
7 127
7 159
7 182
7 226
7 233
7 237
7 240
7 241
7 248
7 257
7 265
7 269
7 275
7 291
7 301
7 302
7 311
7 346
7 352
7 386
7 388
8 3
8 4
8 10
8 26
8 31
8 42
8 48
8 77
8 86
8 88
8 109
8 124
8 134
8 148
8 166
8 175
8 184
8 186
8 204
8 214
8 258
8 261
8 262
8 273
8 281
8 290
8 292
8 305
8 319
8 336
8 341
8 357
8 398
9 16
9 22
9 59
9 72
9 78
9 92
9 93
9 96
9 118
9 144
9 163
9 177
9 191
9 196
9 197
9 250
9 277
9 280
9 294
9 322
9 325
9 330
9 353
9 355
9 383
10 8
10 14
10 18
10 24
10 33
10 37
10 38
10 40
10 44
10 55
10 62
10 66
10 69
10 70
10 73
10 90
10 97
10 101
10 103
10 105
10 108
10 113
10 125
10 130
10 149
10 151
10 154
10 155
10 156
10 157
10 164
10 170
10 172
10 174
10 176
10 188
10 190
10 193
10 194
10 195
10 203
10 211
10 215
10 217
10 221
10 229
10 231
10 238
10 259
10 271
10 293
10 296
10 298
10 312
10 316
10 318
10 320
10 321
10 323
10 324
10 326
10 327
10 337
10 339
10 340
10 343
10 348
10 351
10 361
10 365
10 376
10 385
10 389
10 390
10 395
10 396
10 399
11 20
11 35
11 41
11 54
11 61
11 82
11 85
11 102
11 128
11 136
11 150
11 202
11 247
11 255
11 268
11 270
11 279
11 300
11 304
11 313
11 315
11 342
11 363
11 369
12 0
12 11
12 12
12 17
12 25
12 30
12 43
12 99
12 110
12 114
12 115
12 132
12 141
12 198
12 201
12 209
12 220
12 222
12 230
12 242
12 263
12 264
12 299
12 307
12 329
12 333
12 345
12 359
12 368
12 372
12 387
12 392
12 394
