0 4
0 25
0 43
0 69
0 103
0 141
0 156
0 201
0 215
0 227
0 268
0 324
0 333
0 343
0 365
0 368
0 372
0 387
0 389
0 394
0 395
1 46
1 52
1 70
1 127
1 159
1 182
1 237
1 238
1 241
1 243
1 275
1 291
1 311
1 320
1 386
1 388
2 57
2 62
2 63
2 64
2 76
2 107
2 200
2 208
2 219
2 228
2 235
2 240
2 247
2 287
2 338
2 348
2 370
2 373
3 16
3 22
3 31
3 39
3 49
3 59
3 72
3 78
3 84
3 92
3 93
3 95
3 96
3 124
3 126
3 139
3 140
3 144
3 148
3 163
3 165
3 177
3 191
3 197
3 205
3 210
3 250
3 252
3 261
3 272
3 277
3 280
3 290
3 294
3 322
3 325
3 330
3 353
3 355
3 393
4 26
4 28
4 36
4 47
4 50
4 74
4 79
4 87
4 100
4 111
4 112
4 116
4 123
4 131
4 158
4 162
4 167
4 181
4 187
4 206
4 212
4 232
4 245
4 283
4 288
4 292
4 303
4 317
4 328
4 334
4 362
4 378
4 379
4 381
4 391
4 397
5 1
5 2
5 20
5 35
5 41
5 54
5 82
5 85
5 102
5 120
5 128
5 136
5 150
5 202
5 213
5 255
5 270
5 278
5 279
5 300
5 304
5 313
5 315
5 342
5 354
5 363
5 369
6 7
6 8
6 14
6 18
6 37
6 38
6 40
6 61
6 66
6 73
6 90
6 97
6 101
6 105
6 125
6 130
6 135
6 154
6 157
6 164
6 170
6 176
6 179
6 188
6 194
6 203
6 211
6 231
6 259
6 271
6 293
6 327
6 339
6 340
6 351
6 384
6 396
6 399
7 5
7 27
7 80
7 81
7 83
7 104
7 122
7 137
7 142
7 189
7 199
7 218
7 251
7 282
7 286
7 295
7 310
7 332
7 335
7 358
7 364
7 371
7 374
8 23
8 67
8 71
8 75
8 77
8 119
8 138
8 152
8 168
8 169
8 173
8 183
8 234
8 239
8 256
8 276
8 289
8 331
8 344
8 366
8 375
8 377
8 380
9 6
9 11
9 21
9 24
9 33
9 44
9 55
9 58
9 94
9 98
9 106
9 108
9 113
9 115
9 117
9 118
9 129
9 133
9 145
9 149
9 151
9 155
9 160
9 172
9 174
9 190
9 195
9 196
9 216
9 221
9 224
9 225
9 236
9 242
9 246
9 249
9 263
9 265
9 266
9 296
9 298
9 309
9 312
9 314
9 316
9 318
9 321
9 323
9 326
9 337
9 350
9 356
9 361
9 376
9 382
9 383
9 390
10 3
10 42
10 48
10 56
10 60
10 86
10 88
10 166
10 171
10 175
10 178
10 184
10 185
10 186
10 204
10 223
10 260
10 273
10 297
10 306
10 308
10 319
10 341
10 367
10 398
11 9
11 13
11 15
11 29
11 32
11 45
11 51
11 53
11 65
11 89
11 143
11 153
11 161
11 180
11 192
11 207
11 257
11 274
11 349
11 360
11 385
12 0
12 12
12 17
12 19
12 30
12 99
12 110
12 114
12 121
12 132
12 146
12 193
12 198
12 209
12 217
12 220
12 222
12 229
12 230
12 244
12 264
12 299
12 307
12 329
12 345
12 347
12 359
12 392
13 10
13 109
13 134
13 214
13 253
13 254
13 258
13 262
13 281
13 284
13 305
13 336
13 357
14 34
14 68
14 91
14 147
14 226
14 233
14 248
14 267
14 269
14 285
14 301
14 302
14 346
14 352
