0 4
0 25
0 43
0 141
0 201
0 333
0 368
0 372
0 387
1 26
1 28
1 31
1 50
1 74
1 100
1 111
1 124
1 131
1 181
1 212
1 232
1 244
1 245
1 261
1 317
1 328
1 334
1 378
1 379
1 397
2 23
2 75
2 76
2 152
2 168
2 172
2 208
2 234
2 239
2 256
2 259
2 276
2 289
2 366
2 373
2 375
2 377
2 380
2 399
3 7
3 10
3 16
3 39
3 49
3 59
3 72
3 84
3 93
3 95
3 96
3 119
3 135
3 139
3 144
3 163
3 177
3 179
3 183
3 189
3 190
3 197
3 205
3 210
3 252
3 260
3 277
3 280
3 294
3 297
3 306
3 322
3 325
3 330
3 353
3 355
3 384
4 35
4 64
4 69
4 82
4 103
4 156
4 215
4 268
4 315
4 324
4 342
4 343
4 365
4 369
4 389
4 395
5 36
5 47
5 71
5 77
5 79
5 80
5 87
5 112
5 116
5 123
5 158
5 162
5 167
5 169
5 187
5 206
5 254
5 283
5 285
5 288
5 303
5 344
5 362
5 381
5 391
6 14
6 19
6 38
6 40
6 73
6 94
6 97
6 105
6 108
6 110
6 121
6 125
6 130
6 132
6 140
6 146
6 153
6 154
6 157
6 164
6 170
6 188
6 193
6 209
6 217
6 220
6 227
6 231
6 242
6 271
6 293
6 296
6 307
6 327
6 329
6 339
6 345
6 347
6 351
6 394
7 1
7 2
7 9
7 13
7 15
7 29
7 32
7 41
7 45
7 51
7 54
7 56
7 58
7 60
7 65
7 89
7 104
7 143
7 161
7 171
7 178
7 180
7 185
7 192
7 207
7 223
7 274
7 300
7 308
7 313
7 349
7 360
7 367
7 398
8 22
8 57
8 61
8 62
8 63
8 66
8 78
8 90
8 92
8 101
8 107
8 126
8 191
8 200
8 228
8 235
8 247
8 272
8 287
8 338
8 370
8 376
8 393
8 396
9 18
9 21
9 37
9 46
9 55
9 70
9 98
9 134
9 145
9 173
9 176
9 182
9 236
9 238
9 240
9 241
9 243
9 253
9 257
9 265
9 275
9 281
9 284
9 298
9 320
9 337
9 385
9 386
9 388
10 118
10 216
10 225
10 250
10 383
11 6
11 24
11 33
11 211
11 309
11 340
11 348
11 350
11 361
12 34
12 52
12 68
12 91
12 127
12 147
12 159
12 219
12 226
12 233
12 237
12 248
12 267
12 269
12 291
12 301
12 302
12 311
12 346
12 352
13 3
13 42
13 48
13 86
13 88
13 109
13 148
13 166
13 175
13 184
13 186
13 204
13 214
13 258
13 262
13 273
13 290
13 292
13 305
13 319
13 336
13 341
13 357
14 8
14 20
14 67
14 85
14 102
14 120
14 122
14 128
14 150
14 202
14 203
14 213
14 255
14 270
14 278
14 279
14 282
14 304
14 332
14 354
14 363
15 5
15 11
15 27
15 44
15 53
15 81
15 83
15 106
15 113
15 114
15 115
15 117
15 129
15 133
15 136
15 137
15 138
15 142
15 149
15 151
15 155
15 160
15 165
15 174
15 194
15 195
15 196
15 199
15 218
15 221
15 224
15 229
15 246
15 249
15 251
15 263
15 264
15 266
15 286
15 295
15 310
15 312
15 314
15 316
15 318
15 321
15 323
15 326
15 331
15 335
15 356
15 358
15 364
15 371
15 374
15 382
15 390
16 0
16 12
16 17
16 30
16 99
16 198
16 222
16 230
16 299
16 359
16 392
