0 6
0 24
0 33
0 129
0 172
0 211
0 221
0 309
0 332
0 340
0 348
0 350
0 361
1 99
1 110
1 121
1 132
1 198
1 209
1 217
1 222
1 229
1 307
1 329
1 345
1 359
2 11
2 106
2 115
2 149
2 153
2 195
2 224
2 263
2 266
2 296
2 314
2 321
2 323
2 356
2 382
3 9
3 13
3 15
3 32
3 45
3 51
3 56
3 65
3 81
3 104
3 143
3 161
3 185
3 192
3 260
3 274
3 297
3 306
3 308
3 349
3 360
3 367
3 384
4 14
4 38
4 69
4 89
4 103
4 140
4 156
4 164
4 170
4 180
4 188
4 207
4 215
4 271
4 324
4 327
4 343
4 365
4 389
4 395
5 4
5 25
5 43
5 98
5 114
5 133
5 141
5 145
5 201
5 227
5 236
5 333
5 368
5 372
5 387
5 394
6 10
6 22
6 37
6 55
6 59
6 70
6 78
6 92
6 93
6 118
6 144
6 177
6 190
6 196
6 216
6 225
6 238
6 242
6 250
6 284
6 294
6 298
6 318
6 320
6 322
6 325
6 330
6 353
6 383
7 47
7 50
7 71
7 75
7 77
7 79
7 87
7 112
7 116
7 123
7 158
7 162
7 167
7 169
7 187
7 206
7 234
7 239
7 254
7 256
7 276
7 283
7 288
7 289
7 303
7 328
7 344
7 362
7 375
7 380
7 381
7 391
8 8
8 20
8 120
8 150
8 213
8 255
8 270
8 278
8 354
9 5
9 27
9 36
9 80
9 117
9 142
9 199
9 218
9 249
9 251
9 310
9 335
9 358
9 364
9 374
9 390
10 7
10 16
10 29
10 39
10 49
10 84
10 95
10 96
10 119
10 126
10 135
10 139
10 163
10 179
10 189
10 197
10 205
10 210
10 252
10 272
10 277
10 280
10 290
10 355
10 393
11 1
11 2
11 21
11 35
11 41
11 46
11 53
11 54
11 58
11 64
11 82
11 85
11 102
11 108
11 128
11 136
11 182
11 202
11 257
11 265
11 268
11 279
11 300
11 304
11 312
11 313
11 315
11 326
11 337
11 342
11 363
11 369
12 34
12 52
12 68
12 91
12 127
12 147
12 159
12 219
12 226
12 233
12 237
12 241
12 248
12 267
12 269
12 275
12 291
12 301
12 302
12 311
12 346
12 352
12 386
12 388
13 3
13 42
13 48
13 86
13 88
13 166
13 175
13 184
13 186
13 204
13 214
13 258
13 262
13 273
13 292
13 305
13 319
13 341
13 357
13 398
14 19
14 60
14 94
14 111
14 131
14 146
14 165
14 171
14 174
14 178
14 181
14 212
14 220
14 223
14 243
14 244
14 245
14 286
14 295
14 316
14 347
14 378
14 379
14 397
15 18
15 23
15 40
15 44
15 57
15 61
15 62
15 63
15 66
15 73
15 76
15 90
15 97
15 101
15 105
15 107
15 113
15 125
15 130
15 151
15 154
15 155
15 157
15 160
15 168
15 173
15 176
15 191
15 193
15 194
15 200
15 203
15 208
15 228
15 231
15 235
15 240
15 246
15 247
15 259
15 287
15 293
15 338
15 339
15 351
15 366
15 370
15 373
15 376
15 385
15 396
15 399
16 26
16 28
16 31
16 74
16 100
16 109
16 124
16 134
16 148
16 232
16 253
16 261
16 264
16 281
16 317
16 334
16 336
17 67
17 83
17 122
17 137
17 138
17 152
17 183
17 282
17 285
17 331
17 371
17 377
18 0
18 12
18 17
18 30
18 72
18 230
18 299
18 392
