0 26
0 28
0 31
0 98
0 100
0 109
0 124
0 134
0 145
0 181
0 232
0 236
0 253
0 261
0 281
0 305
0 334
1 18
1 37
1 70
1 176
1 182
1 238
1 298
1 320
1 388
2 19
2 58
2 73
2 94
2 108
2 121
2 125
2 132
2 165
2 171
2 174
2 188
2 203
2 217
2 220
2 227
2 229
2 231
2 244
2 245
2 271
2 316
2 326
2 347
3 4
3 25
3 43
3 141
3 201
3 333
3 368
3 372
3 387
3 394
4 16
4 22
4 49
4 59
4 61
4 62
4 69
4 72
4 78
4 84
4 92
4 96
4 126
4 139
4 144
4 163
4 191
4 196
4 197
4 205
4 210
4 252
4 272
4 277
4 280
4 318
4 322
4 325
4 353
4 355
4 376
4 393
4 396
5 3
5 42
5 48
5 86
5 88
5 148
5 166
5 175
5 178
5 184
5 186
5 204
5 214
5 223
5 247
5 258
5 262
5 273
5 290
5 292
5 319
5 341
5 357
5 398
6 1
6 2
6 8
6 20
6 35
6 41
6 54
6 82
6 85
6 102
6 120
6 128
6 136
6 150
6 202
6 213
6 228
6 255
6 270
6 278
6 279
6 300
6 304
6 313
6 342
6 354
6 363
6 369
6 389
7 34
7 52
7 68
7 127
7 159
7 226
7 233
7 237
7 240
7 241
7 248
7 269
7 275
7 291
7 301
7 302
7 311
7 346
8 14
8 38
8 40
8 97
8 105
8 130
8 146
8 154
8 157
8 164
8 170
8 193
8 209
8 293
8 296
8 323
8 327
8 329
8 339
8 351
9 57
9 107
9 200
9 208
9 219
9 287
9 338
9 352
9 370
9 373
10 7
10 24
10 33
10 83
10 122
10 135
10 179
10 211
10 340
10 348
10 350
10 361
11 23
11 66
11 71
11 75
11 76
11 77
11 147
11 151
11 168
11 169
11 172
11 173
11 234
11 239
11 254
11 256
11 289
11 344
11 366
11 375
11 380
11 385
11 399
12 5
12 6
12 27
12 46
12 80
12 103
12 118
12 129
12 137
12 142
12 199
12 216
12 218
12 225
12 243
12 249
12 251
12 286
12 295
12 309
12 310
12 315
12 324
12 332
12 335
12 343
12 358
12 364
12 365
12 374
12 383
12 386
12 390
12 395
13 63
13 64
13 67
13 91
13 119
13 138
13 152
13 156
13 183
13 215
13 235
13 246
13 267
13 268
13 276
13 282
13 285
13 331
13 371
13 377
14 9
14 13
14 56
14 65
14 81
14 104
14 185
14 189
14 260
14 297
14 306
14 308
14 349
14 367
14 384
15 36
15 47
15 50
15 60
15 74
15 79
15 87
15 111
15 112
15 116
15 123
15 131
15 158
15 162
15 167
15 187
15 206
15 212
15 283
15 288
15 303
15 317
15 328
15 362
15 378
15 379
15 381
15 391
15 397
16 11
16 21
16 44
16 55
16 90
16 101
16 106
16 113
16 114
16 115
16 117
16 133
16 149
16 155
16 160
16 190
16 194
16 195
16 221
16 224
16 242
16 259
16 263
16 264
16 265
16 266
16 312
16 314
16 321
16 337
16 345
16 356
16 382
17 15
17 29
17 32
17 45
17 51
17 53
17 89
17 95
17 140
17 143
17 153
17 161
17 180
17 192
17 207
17 257
17 274
17 360
18 0
18 12
18 17
18 30
18 99
18 110
18 198
18 222
18 230
18 299
18 307
18 359
18 392
19 10
19 39
19 93
19 177
19 250
19 284
19 294
19 330
19 336
