0 7
0 21
0 23
0 24
0 33
0 34
0 57
0 62
0 63
0 64
0 66
0 67
0 68
0 75
0 76
0 83
0 90
0 91
0 107
0 119
0 122
0 135
0 138
0 147
0 152
0 168
0 172
0 173
0 176
0 179
0 183
0 200
0 208
0 211
0 219
0 226
0 233
0 234
0 235
0 239
0 240
0 248
0 256
0 257
0 259
0 265
0 267
0 269
0 276
0 282
0 285
0 287
0 289
0 301
0 302
0 331
0 338
0 340
0 346
0 348
0 350
0 352
0 361
0 366
0 370
0 371
0 373
0 375
0 377
0 380
0 385
0 399
1 4
1 9
1 13
1 15
1 32
1 36
1 45
1 47
1 50
1 51
1 56
1 60
1 65
1 71
1 74
1 77
1 79
1 80
1 81
1 87
1 89
1 104
1 111
1 112
1 116
1 123
1 131
1 137
1 143
1 158
1 161
1 162
1 167
1 169
1 185
1 187
1 189
1 192
1 206
1 207
1 212
1 254
1 260
1 274
1 283
1 288
1 297
1 303
1 306
1 308
1 317
1 328
1 335
1 344
1 349
1 360
1 362
1 367
1 378
1 379
1 381
1 384
1 391
1 397
1 398
2 0
2 5
2 6
2 10
2 11
2 12
2 14
2 16
2 17
2 18
2 19
2 22
2 25
2 27
2 29
2 30
2 37
2 38
2 39
2 40
2 43
2 44
2 46
2 49
2 52
2 53
2 55
2 58
2 59
2 61
2 69
2 70
2 72
2 73
2 78
2 84
2 92
2 93
2 94
2 95
2 96
2 97
2 98
2 99
2 100
2 101
2 103
2 105
2 106
2 108
2 110
2 113
2 114
2 115
2 117
2 118
2 121
2 125
2 126
2 127
2 128
2 129
2 130
2 132
2 133
2 136
2 139
2 140
2 141
2 142
2 144
2 145
2 146
2 149
2 151
2 153
2 154
2 155
2 156
2 157
2 159
2 160
2 163
2 164
2 165
2 170
2 171
2 174
2 177
2 180
2 181
2 182
2 188
2 190
2 191
2 193
2 194
2 195
2 196
2 197
2 198
2 199
2 201
2 203
2 205
2 209
2 210
2 215
2 216
2 217
2 218
2 220
2 221
2 222
2 224
2 225
2 227
2 229
2 230
2 231
2 232
2 236
2 237
2 238
2 241
2 242
2 244
2 245
2 246
2 249
2 250
2 251
2 252
2 253
2 263
2 264
2 266
2 268
2 271
2 272
2 275
2 277
2 280
2 284
2 286
2 291
2 293
2 294
2 295
2 296
2 298
2 299
2 304
2 307
2 309
2 310
2 311
2 312
2 314
2 315
2 316
2 318
2 320
2 321
2 322
2 323
2 324
2 325
2 326
2 327
2 329
2 330
2 332
2 333
2 337
2 339
2 343
2 345
2 347
2 351
2 353
2 355
2 356
2 358
2 359
2 364
2 365
2 368
2 369
2 372
2 374
2 376
2 382
2 383
2 386
2 387
2 388
2 389
2 390
2 392
2 393
2 394
2 395
2 396
3 1
3 2
3 3
3 8
3 20
3 26
3 28
3 31
3 35
3 41
3 42
3 48
3 54
3 82
3 85
3 86
3 88
3 102
3 109
3 120
3 124
3 134
3 148
3 150
3 166
3 175
3 178
3 184
3 186
3 202
3 204
3 213
3 214
3 223
3 228
3 243
3 247
3 255
3 258
3 261
3 262
3 270
3 273
3 278
3 279
3 281
3 290
3 292
3 300
3 305
3 313
3 319
3 334
3 336
3 341
3 342
3 354
3 357
3 363
