0 1
0 2
0 3
0 4
0 9
0 13
0 26
0 28
0 31
0 35
0 41
0 42
0 48
0 51
0 54
0 56
0 60
0 65
0 74
0 82
0 86
0 88
0 100
0 109
0 120
0 124
0 136
0 143
0 148
0 150
0 166
0 171
0 175
0 178
0 181
0 184
0 185
0 186
0 202
0 204
0 212
0 213
0 214
0 223
0 228
0 247
0 255
0 258
0 261
0 262
0 270
0 273
0 274
0 278
0 279
0 281
0 290
0 300
0 304
0 305
0 308
0 313
0 317
0 319
0 334
0 336
0 341
0 342
0 349
0 354
0 357
0 360
0 363
0 367
0 398
1 0
1 5
1 6
1 8
1 10
1 11
1 12
1 14
1 16
1 17
1 18
1 19
1 20
1 22
1 25
1 29
1 30
1 37
1 38
1 39
1 40
1 43
1 44
1 45
1 49
1 53
1 55
1 58
1 59
1 61
1 62
1 69
1 72
1 73
1 78
1 81
1 84
1 85
1 89
1 90
1 92
1 93
1 94
1 95
1 96
1 97
1 99
1 101
1 102
1 103
1 104
1 105
1 106
1 108
1 110
1 113
1 114
1 115
1 117
1 125
1 126
1 128
1 129
1 130
1 132
1 134
1 139
1 140
1 141
1 144
1 146
1 149
1 151
1 153
1 154
1 155
1 156
1 157
1 160
1 163
1 164
1 165
1 170
1 174
1 177
1 180
1 188
1 189
1 190
1 191
1 192
1 193
1 194
1 195
1 196
1 197
1 198
1 201
1 203
1 205
1 207
1 209
1 210
1 217
1 220
1 221
1 222
1 224
1 227
1 229
1 230
1 231
1 242
1 245
1 249
1 250
1 252
1 260
1 263
1 264
1 266
1 268
1 271
1 272
1 277
1 280
1 284
1 286
1 293
1 294
1 295
1 296
1 297
1 298
1 299
1 306
1 307
1 309
1 312
1 315
1 316
1 318
1 321
1 322
1 323
1 324
1 325
1 326
1 327
1 329
1 330
1 333
1 339
1 343
1 345
1 347
1 351
1 353
1 355
1 356
1 358
1 359
1 365
1 368
1 369
1 372
1 374
1 376
1 382
1 383
1 387
1 389
1 390
1 392
1 393
1 394
1 395
1 396
2 15
2 27
2 32
2 36
2 47
2 50
2 71
2 77
2 79
2 80
2 87
2 91
2 111
2 112
2 116
2 121
2 123
2 131
2 137
2 142
2 147
2 158
2 161
2 162
2 167
2 169
2 187
2 199
2 206
2 218
2 244
2 251
2 254
2 267
2 276
2 282
2 283
2 285
2 288
2 292
2 303
2 310
2 328
2 332
2 335
2 344
2 362
2 364
2 371
2 378
2 379
2 381
2 384
2 391
2 397
3 7
3 23
3 24
3 33
3 57
3 63
3 64
3 66
3 67
3 75
3 76
3 83
3 107
3 119
3 122
3 135
3 138
3 152
3 168
3 172
3 173
3 176
3 179
3 183
3 200
3 208
3 211
3 234
3 235
3 239
3 246
3 256
3 259
3 287
3 289
3 331
3 338
3 340
3 348
3 350
3 361
3 366
3 370
3 373
3 375
3 377
3 380
3 385
3 399
4 21
4 34
4 46
4 52
4 68
4 70
4 98
4 118
4 127
4 133
4 145
4 159
4 182
4 215
4 216
4 219
4 225
4 226
4 232
4 233
4 236
4 237
4 238
4 240
4 241
4 243
4 248
4 253
4 257
4 265
4 269
4 275
4 291
4 301
4 302
4 311
4 314
4 320
4 337
4 346
4 352
4 386
4 388
