0 0
0 10
0 12
0 16
0 17
0 30
0 39
0 49
0 72
0 78
0 84
0 93
0 95
0 96
0 99
0 109
0 110
0 132
0 134
0 144
0 148
0 163
0 177
0 189
0 197
0 198
0 205
0 214
0 222
0 230
0 242
0 247
0 250
0 260
0 277
0 280
0 281
0 284
0 290
0 294
0 299
0 305
0 306
0 307
0 322
0 325
0 330
0 336
0 353
0 355
0 357
0 359
0 387
0 389
0 392
1 34
1 52
1 62
1 64
1 68
1 91
1 147
1 159
1 219
1 226
1 228
1 233
1 237
1 240
1 248
1 267
1 269
1 287
1 301
1 302
1 311
1 346
1 352
2 4
2 26
2 28
2 31
2 36
2 42
2 47
2 50
2 71
2 74
2 79
2 87
2 88
2 100
2 111
2 112
2 116
2 121
2 123
2 124
2 131
2 146
2 158
2 162
2 167
2 169
2 187
2 206
2 212
2 254
2 258
2 261
2 262
2 283
2 285
2 288
2 292
2 303
2 317
2 328
2 334
2 344
2 347
2 362
2 378
2 379
2 381
2 391
2 397
3 5
3 19
3 27
3 46
3 80
3 81
3 83
3 86
3 98
3 104
3 106
3 118
3 122
3 127
3 133
3 137
3 142
3 145
3 160
3 181
3 199
3 216
3 218
3 223
3 224
3 225
3 227
3 232
3 235
3 236
3 241
3 243
3 244
3 251
3 253
3 275
3 282
3 286
3 291
3 295
3 297
3 310
3 314
3 332
3 335
3 349
3 356
3 358
3 364
3 371
3 374
3 382
3 383
3 386
4 1
4 2
4 3
4 6
4 8
4 9
4 11
4 13
4 14
4 15
4 18
4 20
4 21
4 22
4 25
4 29
4 32
4 35
4 37
4 38
4 40
4 41
4 43
4 44
4 45
4 48
4 51
4 53
4 54
4 55
4 56
4 58
4 59
4 60
4 61
4 65
4 69
4 70
4 73
4 77
4 82
4 85
4 89
4 90
4 92
4 94
4 97
4 101
4 102
4 103
4 105
4 108
4 113
4 114
4 115
4 117
4 120
4 125
4 126
4 128
4 129
4 130
4 136
4 139
4 140
4 141
4 143
4 149
4 150
4 151
4 153
4 154
4 155
4 156
4 157
4 161
4 164
4 165
4 166
4 170
4 171
4 172
4 174
4 175
4 178
4 180
4 182
4 184
4 185
4 186
4 188
4 190
4 191
4 192
4 193
4 194
4 195
4 196
4 201
4 202
4 203
4 204
4 207
4 209
4 210
4 213
4 215
4 217
4 220
4 221
4 229
4 231
4 238
4 245
4 246
4 249
4 252
4 255
4 257
4 259
4 263
4 264
4 265
4 266
4 268
4 270
4 271
4 272
4 273
4 274
4 278
4 279
4 293
4 296
4 298
4 300
4 304
4 308
4 309
4 312
4 313
4 315
4 316
4 318
4 319
4 320
4 321
4 323
4 324
4 326
4 327
4 329
4 333
4 337
4 339
4 340
4 341
4 342
4 343
4 345
4 351
4 354
4 360
4 363
4 365
4 367
4 368
4 369
4 372
4 376
4 384
4 388
4 390
4 393
4 394
4 395
4 396
4 398
4 399
5 7
5 23
5 24
5 33
5 57
5 63
5 66
5 67
5 75
5 76
5 107
5 119
5 135
5 138
5 152
5 168
5 173
5 176
5 179
5 183
5 200
5 208
5 211
5 234
5 239
5 256
5 276
5 289
5 331
5 338
5 348
5 350
5 361
5 366
5 370
5 373
5 375
5 377
5 380
5 385
