0 3
0 4
0 10
0 26
0 31
0 42
0 48
0 86
0 88
0 109
0 124
0 134
0 148
0 166
0 175
0 178
0 184
0 186
0 204
0 214
0 223
0 247
0 258
0 261
0 262
0 273
0 281
0 290
0 292
0 305
0 308
0 319
0 334
0 336
0 341
0 357
0 398
1 23
1 57
1 63
1 64
1 66
1 75
1 76
1 107
1 138
1 147
1 152
1 168
1 169
1 172
1 173
1 200
1 208
1 234
1 235
1 239
1 256
1 259
1 267
1 276
1 287
1 289
1 331
1 338
1 361
1 366
1 370
1 373
1 375
1 377
1 380
1 399
2 21
2 34
2 46
2 52
2 68
2 127
2 136
2 159
2 182
2 219
2 226
2 233
2 237
2 240
2 241
2 243
2 248
2 257
2 265
2 269
2 275
2 291
2 301
2 302
2 311
2 320
2 337
2 346
2 352
2 385
2 386
2 388
3 5
3 27
3 28
3 36
3 47
3 50
3 60
3 67
3 71
3 74
3 77
3 79
3 80
3 87
3 91
3 100
3 111
3 112
3 116
3 121
3 122
3 123
3 131
3 137
3 142
3 158
3 162
3 167
3 181
3 187
3 199
3 206
3 212
3 218
3 244
3 245
3 251
3 254
3 282
3 283
3 285
3 288
3 303
3 310
3 317
3 328
3 332
3 335
3 344
3 362
3 364
3 371
3 378
3 379
3 381
3 391
3 397
4 9
4 13
4 15
4 29
4 32
4 45
4 51
4 56
4 65
4 81
4 89
4 104
4 119
4 143
4 161
4 180
4 185
4 189
4 192
4 207
4 260
4 274
4 297
4 306
4 349
4 360
4 367
4 384
5 0
5 1
5 2
5 8
5 12
5 14
5 16
5 17
5 19
5 20
5 30
5 35
5 38
5 39
5 40
5 41
5 49
5 53
5 54
5 58
5 59
5 61
5 62
5 69
5 72
5 73
5 78
5 82
5 84
5 85
5 94
5 95
5 96
5 97
5 99
5 101
5 102
5 103
5 105
5 108
5 110
5 113
5 120
5 125
5 126
5 128
5 130
5 132
5 139
5 140
5 144
5 146
5 150
5 151
5 153
5 154
5 156
5 157
5 163
5 164
5 165
5 170
5 171
5 174
5 177
5 188
5 191
5 193
5 194
5 196
5 197
5 198
5 202
5 203
5 205
5 209
5 210
5 213
5 217
5 220
5 222
5 228
5 229
5 230
5 231
5 252
5 255
5 264
5 268
5 270
5 271
5 272
5 277
5 278
5 279
5 280
5 286
5 293
5 294
5 295
5 296
5 299
5 300
5 304
5 307
5 313
5 315
5 316
5 318
5 322
5 323
5 324
5 325
5 326
5 327
5 329
5 330
5 339
5 340
5 342
5 343
5 345
5 347
5 351
5 353
5 354
5 355
5 359
5 363
5 365
5 369
5 376
5 389
5 392
5 393
5 394
5 395
5 396
6 6
6 7
6 11
6 18
6 22
6 24
6 25
6 33
6 37
6 43
6 44
6 55
6 70
6 83
6 90
6 92
6 93
6 98
6 106
6 114
6 115
6 117
6 118
6 129
6 133
6 135
6 141
6 145
6 149
6 155
6 160
6 176
6 179
6 183
6 190
6 195
6 201
6 211
6 215
6 216
6 221
6 224
6 225
6 227
6 232
6 236
6 238
6 242
6 246
6 249
6 250
6 253
6 263
6 266
6 284
6 298
6 309
6 312
6 314
6 321
6 333
6 348
6 350
6 356
6 358
6 368
6 372
6 374
6 382
6 383
6 387
6 390
