0 0
0 12
0 17
0 19
0 30
0 99
0 110
0 114
0 121
0 132
0 146
0 193
0 198
0 209
0 217
0 220
0 222
0 229
0 230
0 244
0 264
0 293
0 299
0 307
0 329
0 345
0 347
0 359
0 392
0 394
1 1
1 2
1 8
1 9
1 20
1 35
1 41
1 51
1 54
1 65
1 73
1 82
1 85
1 102
1 105
1 120
1 128
1 136
1 143
1 150
1 157
1 202
1 203
1 213
1 228
1 255
1 270
1 271
1 274
1 278
1 279
1 300
1 304
1 313
1 326
1 327
1 342
1 354
1 360
1 363
1 369
1 393
2 34
2 52
2 57
2 62
2 63
2 64
2 67
2 68
2 75
2 91
2 107
2 138
2 147
2 152
2 159
2 168
2 169
2 173
2 200
2 208
2 219
2 226
2 233
2 234
2 235
2 239
2 240
2 248
2 256
2 257
2 265
2 267
2 269
2 276
2 285
2 287
2 289
2 301
2 302
2 311
2 331
2 338
2 344
2 346
2 352
2 366
2 370
2 373
2 375
2 377
2 380
3 10
3 14
3 16
3 37
3 38
3 39
3 40
3 44
3 49
3 59
3 61
3 69
3 70
3 72
3 78
3 84
3 94
3 95
3 96
3 97
3 103
3 108
3 113
3 125
3 126
3 127
3 130
3 134
3 139
3 140
3 144
3 151
3 154
3 155
3 156
3 163
3 164
3 165
3 170
3 171
3 177
3 182
3 188
3 190
3 191
3 196
3 197
3 205
3 210
3 215
3 231
3 237
3 238
3 245
3 250
3 252
3 268
3 272
3 277
3 280
3 291
3 294
3 296
3 298
3 315
3 316
3 318
3 320
3 322
3 323
3 324
3 325
3 330
3 337
3 339
3 343
3 351
3 353
3 355
3 365
3 376
3 388
3 389
3 395
4 3
4 26
4 28
4 31
4 36
4 42
4 48
4 50
4 56
4 60
4 71
4 74
4 77
4 79
4 86
4 87
4 88
4 100
4 109
4 111
4 116
4 123
4 124
4 131
4 148
4 158
4 162
4 166
4 167
4 175
4 178
4 181
4 184
4 185
4 186
4 187
4 204
4 206
4 212
4 214
4 223
4 247
4 254
4 258
4 261
4 262
4 273
4 281
4 283
4 288
4 290
4 292
4 303
4 305
4 308
4 317
4 319
4 328
4 334
4 336
4 341
4 357
4 362
4 367
4 378
4 379
4 381
4 391
4 397
4 398
5 6
5 7
5 18
5 21
5 23
5 24
5 33
5 58
5 66
5 76
5 83
5 90
5 101
5 122
5 129
5 135
5 172
5 174
5 176
5 179
5 183
5 189
5 194
5 211
5 221
5 246
5 249
5 259
5 282
5 309
5 340
5 348
5 350
5 361
5 384
5 385
5 390
5 396
5 399
6 5
6 13
6 15
6 27
6 29
6 32
6 45
6 46
6 47
6 53
6 80
6 81
6 89
6 104
6 112
6 119
6 137
6 142
6 153
6 161
6 180
6 192
6 199
6 207
6 218
6 241
6 243
6 251
6 260
6 275
6 286
6 295
6 297
6 306
6 310
6 332
6 335
6 349
6 358
6 364
6 371
6 374
6 386
7 4
7 11
7 22
7 25
7 43
7 55
7 92
7 93
7 98
7 106
7 115
7 117
7 118
7 133
7 141
7 145
7 149
7 160
7 195
7 201
7 216
7 224
7 225
7 227
7 232
7 236
7 242
7 253
7 263
7 266
7 284
7 312
7 314
7 321
7 333
7 356
7 368
7 372
7 382
7 383
7 387
