0 7
0 18
0 37
0 119
0 135
0 168
0 173
0 176
0 179
0 183
0 189
0 211
0 298
0 320
0 385
1 9
1 13
1 15
1 29
1 32
1 45
1 49
1 51
1 53
1 65
1 69
1 70
1 89
1 95
1 103
1 104
1 120
1 126
1 139
1 140
1 143
1 153
1 156
1 161
1 180
1 192
1 207
1 215
1 246
1 252
1 260
1 268
1 272
1 274
1 286
1 295
1 297
1 306
1 315
1 324
1 343
1 349
1 360
1 365
1 389
1 393
1 395
2 3
2 4
2 28
2 36
2 42
2 47
2 48
2 50
2 56
2 60
2 71
2 74
2 77
2 79
2 86
2 87
2 88
2 100
2 111
2 112
2 116
2 121
2 123
2 131
2 146
2 158
2 162
2 166
2 167
2 169
2 175
2 178
2 181
2 184
2 185
2 186
2 187
2 204
2 206
2 212
2 223
2 245
2 254
2 258
2 262
2 273
2 283
2 288
2 292
2 303
2 308
2 317
2 319
2 328
2 334
2 341
2 344
2 347
2 357
2 362
2 367
2 378
2 379
2 381
2 391
2 397
2 398
3 21
3 34
3 46
3 52
3 68
3 127
3 159
3 182
3 219
3 226
3 233
3 237
3 240
3 241
3 243
3 248
3 257
3 265
3 269
3 275
3 291
3 301
3 302
3 311
3 314
3 346
3 352
3 386
3 388
4 24
4 33
4 76
4 83
4 122
4 129
4 221
4 282
4 321
4 332
4 340
4 345
4 348
4 350
4 361
4 370
5 11
5 19
5 25
5 43
5 57
5 62
5 63
5 64
5 67
5 75
5 91
5 99
5 107
5 114
5 115
5 132
5 138
5 141
5 147
5 152
5 198
5 200
5 201
5 208
5 220
5 227
5 228
5 234
5 235
5 239
5 242
5 244
5 256
5 263
5 267
5 276
5 285
5 287
5 289
5 331
5 333
5 338
5 366
5 368
5 371
5 372
5 373
5 375
5 377
5 394
6 1
6 2
6 8
6 14
6 23
6 35
6 38
6 40
6 41
6 44
6 54
6 58
6 61
6 66
6 73
6 82
6 85
6 90
6 94
6 97
6 101
6 102
6 105
6 108
6 113
6 117
6 125
6 128
6 130
6 136
6 149
6 150
6 151
6 154
6 155
6 157
6 164
6 165
6 170
6 171
6 172
6 174
6 188
6 191
6 193
6 194
6 195
6 202
6 203
6 209
6 213
6 217
6 222
6 229
6 231
6 255
6 259
6 270
6 271
6 278
6 279
6 293
6 296
6 300
6 304
6 312
6 313
6 316
6 318
6 323
6 326
6 327
6 329
6 337
6 339
6 342
6 351
6 354
6 363
6 369
6 376
6 380
6 396
6 399
7 0
7 10
7 12
7 16
7 17
7 20
7 22
7 26
7 30
7 31
7 39
7 55
7 59
7 72
7 78
7 84
7 92
7 93
7 96
7 98
7 109
7 110
7 118
7 124
7 134
7 144
7 145
7 148
7 160
7 163
7 177
7 190
7 196
7 197
7 205
7 210
7 214
7 216
7 225
7 230
7 232
7 236
7 238
7 247
7 250
7 253
7 261
7 264
7 277
7 280
7 281
7 284
7 290
7 294
7 299
7 305
7 307
7 322
7 325
7 330
7 336
7 353
7 355
7 356
7 359
7 383
7 387
7 392
8 5
8 6
8 27
8 80
8 81
8 106
8 133
8 137
8 142
8 199
8 218
8 224
8 249
8 251
8 266
8 309
8 310
8 335
8 358
8 364
8 374
8 382
8 384
8 390
