0 3
0 14
0 28
0 40
0 42
0 44
0 47
0 50
0 56
0 57
0 72
0 75
0 79
0 94
0 143
0 152
0 167
0 169
0 237
0 244
0 246
0 256
0 264
0 286
0 288
0 306
0 319
0 325
0 339
0 342
0 356
0 363
0 364
0 385
0 387
0 396
1 8
1 24
1 31
1 52
1 55
1 70
1 74
1 80
1 84
1 95
1 108
1 110
1 114
1 139
1 149
1 154
1 177
1 182
1 186
1 202
1 203
1 205
1 212
1 235
1 243
1 245
1 249
1 265
1 290
1 294
1 307
1 308
1 318
1 320
1 334
1 345
1 349
1 351
1 377
2 7
2 15
2 66
2 68
2 86
2 89
2 113
2 132
2 160
2 185
2 211
2 229
2 238
2 248
2 254
2 271
2 275
2 292
2 296
2 299
2 310
2 311
2 324
2 359
2 369
2 372
2 391
3 22
3 25
3 34
3 37
3 39
3 51
3 53
3 54
3 62
3 67
3 69
3 82
3 83
3 87
3 92
3 111
3 118
3 119
3 128
3 129
3 131
3 136
3 144
3 147
3 151
3 156
3 159
3 164
3 170
3 188
3 213
3 218
3 221
3 231
3 251
3 253
3 255
3 287
3 302
3 305
3 341
3 367
3 399
4 29
4 41
4 43
4 48
4 105
4 135
4 145
4 157
4 165
4 189
4 204
4 208
4 272
4 301
4 309
4 314
4 316
4 323
4 326
4 328
4 373
4 374
4 394
5 9
5 16
5 17
5 32
5 49
5 63
5 101
5 103
5 115
5 163
5 172
5 187
5 192
5 207
5 215
5 219
5 223
5 225
5 226
5 247
5 259
5 263
5 266
5 280
5 282
5 295
5 297
5 304
5 336
5 337
5 355
5 357
5 360
5 365
5 368
5 375
5 378
5 383
6 18
6 20
6 26
6 35
6 45
6 58
6 78
6 81
6 88
6 97
6 116
6 120
6 121
6 124
6 137
6 150
6 175
6 176
6 179
6 181
6 183
6 194
6 198
6 199
6 206
6 209
6 214
6 216
6 217
6 222
6 230
6 232
6 233
6 236
6 240
6 261
6 267
6 268
6 269
6 273
6 276
6 283
6 284
6 293
6 303
6 313
6 315
6 317
6 338
6 347
6 370
6 371
6 380
6 390
7 0
7 5
7 13
7 30
7 59
7 85
7 109
7 126
7 142
7 166
7 191
7 200
7 201
7 228
7 242
7 274
7 321
7 331
7 333
7 352
7 354
7 361
7 376
7 381
7 382
7 386
8 6
8 33
8 36
8 38
8 65
8 71
8 77
8 91
8 98
8 99
8 100
8 117
8 125
8 130
8 134
8 140
8 153
8 168
8 173
8 174
8 193
8 197
8 224
8 252
8 258
8 279
8 285
8 289
8 298
8 312
8 327
8 335
8 346
8 358
8 362
8 366
8 393
9 2
9 11
9 12
9 46
9 61
9 64
9 73
9 76
9 90
9 93
9 102
9 104
9 138
9 171
9 196
9 239
9 257
9 260
9 291
9 322
9 329
9 343
9 353
9 379
9 389
9 392
9 398
10 10
10 19
10 96
10 106
10 107
10 122
10 123
10 127
10 141
10 146
10 158
10 161
10 162
10 178
10 180
10 190
10 220
10 241
10 281
10 340
10 348
10 350
10 384
10 395
11 1
11 4
11 21
11 23
11 27
11 60
11 112
11 133
11 148
11 155
11 184
11 195
11 210
11 227
11 234
11 250
11 262
11 270
11 277
11 278
11 300
11 330
11 332
11 344
11 388
11 397
