0 3
0 14
0 47
0 56
0 79
0 143
0 152
0 169
0 237
0 244
0 256
0 264
0 306
0 319
0 339
0 364
0 387
0 396
1 6
1 33
1 36
1 38
1 65
1 71
1 77
1 91
1 98
1 99
1 100
1 117
1 125
1 134
1 140
1 153
1 168
1 173
1 174
1 193
1 224
1 235
1 252
1 258
1 285
1 289
1 298
1 312
1 327
1 335
1 346
1 358
1 362
1 366
2 13
2 34
2 51
2 67
2 69
2 82
2 83
2 92
2 118
2 119
2 128
2 131
2 144
2 147
2 151
2 156
2 159
2 164
2 170
2 213
2 231
2 251
2 255
2 302
2 336
2 363
2 367
2 376
2 382
3 7
3 15
3 19
3 66
3 68
3 86
3 89
3 96
3 113
3 132
3 160
3 162
3 185
3 211
3 229
3 238
3 241
3 248
3 254
3 271
3 292
3 296
3 299
3 310
3 311
3 324
3 340
3 359
3 369
3 372
3 384
3 391
4 8
4 24
4 31
4 52
4 55
4 80
4 84
4 95
4 108
4 110
4 114
4 149
4 177
4 182
4 186
4 202
4 203
4 205
4 212
4 243
4 245
4 249
4 265
4 290
4 294
4 307
4 308
4 320
4 334
4 345
4 349
4 351
4 377
5 78
5 81
5 116
5 120
5 121
5 137
5 176
5 181
5 183
5 206
5 209
5 216
5 232
5 233
5 236
5 240
5 261
5 267
5 269
5 273
5 276
5 283
5 284
5 303
5 313
5 338
5 348
5 370
5 380
6 9
6 41
6 59
6 63
6 101
6 103
6 130
6 157
6 187
6 197
6 207
6 279
6 355
6 360
6 383
6 393
7 0
7 5
7 30
7 85
7 109
7 126
7 142
7 166
7 191
7 200
7 201
7 228
7 242
7 274
7 321
7 331
7 333
7 352
7 354
7 361
7 381
7 386
8 2
8 11
8 12
8 46
8 61
8 64
8 73
8 76
8 90
8 93
8 102
8 104
8 138
8 171
8 196
8 239
8 257
8 260
8 291
8 322
8 329
8 343
8 353
8 379
8 389
8 392
8 398
9 18
9 20
9 25
9 26
9 42
9 45
9 58
9 72
9 75
9 97
9 150
9 179
9 217
9 230
9 246
9 268
9 286
9 287
9 288
9 293
9 305
9 325
9 347
9 356
9 371
9 385
10 10
10 35
10 88
10 106
10 107
10 122
10 123
10 124
10 127
10 141
10 146
10 158
10 161
10 175
10 178
10 180
10 190
10 194
10 198
10 199
10 214
10 220
10 222
10 281
10 315
10 317
10 350
10 390
10 395
11 1
11 28
11 40
11 44
11 50
11 57
11 94
11 148
11 155
11 167
11 227
11 270
11 278
11 300
11 332
11 342
12 29
12 43
12 48
12 105
12 135
12 145
12 165
12 189
12 204
12 208
12 272
12 301
12 309
12 314
12 316
12 323
12 326
12 328
12 373
12 374
12 394
13 4
13 21
13 23
13 27
13 60
13 70
13 74
13 112
13 133
13 139
13 154
13 184
13 195
13 210
13 234
13 250
13 262
13 275
13 277
13 318
13 330
13 344
13 388
13 397
14 16
14 17
14 22
14 32
14 37
14 39
14 49
14 53
14 54
14 62
14 87
14 111
14 115
14 129
14 136
14 163
14 172
14 188
14 192
14 215
14 218
14 219
14 221
14 223
14 225
14 226
14 247
14 253
14 259
14 263
14 266
14 280
14 282
14 295
14 297
14 304
14 337
14 341
14 357
14 365
14 368
14 375
14 378
14 399
