0 18
0 20
0 26
0 35
0 45
0 58
0 88
0 107
0 124
0 137
0 150
0 175
0 194
0 198
0 199
0 206
0 214
0 220
0 222
0 230
0 276
0 281
0 303
0 315
0 317
0 347
0 390
1 0
1 30
1 85
1 126
1 142
1 166
1 191
1 200
1 201
1 228
1 242
1 274
1 321
1 331
1 333
1 352
1 354
1 361
1 381
1 386
2 6
2 8
2 46
2 55
2 65
2 70
2 86
2 95
2 102
2 110
2 114
2 125
2 140
2 149
2 177
2 186
2 203
2 205
2 235
2 239
2 243
2 245
2 298
2 320
2 322
2 366
2 377
3 67
3 83
3 92
3 119
3 128
3 144
3 151
3 156
3 164
3 170
3 213
3 251
3 305
3 363
3 367
4 16
4 17
4 32
4 49
4 53
4 62
4 87
4 115
4 129
4 163
4 172
4 192
4 215
4 223
4 225
4 226
4 247
4 259
4 263
4 266
4 282
4 295
4 297
4 304
4 337
4 357
4 365
4 368
4 375
4 378
4 399
5 7
5 15
5 66
5 68
5 89
5 113
5 132
5 160
5 162
5 185
5 211
5 229
5 238
5 248
5 254
5 292
5 296
5 299
5 310
5 311
5 324
5 359
5 369
5 372
5 391
6 78
6 81
6 116
6 120
6 121
6 176
6 179
6 181
6 183
6 209
6 216
6 217
6 232
6 233
6 236
6 240
6 246
6 261
6 267
6 268
6 269
6 273
6 283
6 284
6 293
6 313
6 325
6 338
6 370
6 380
7 9
7 41
7 63
7 101
7 103
7 130
7 157
7 187
7 197
7 207
7 279
7 355
7 360
7 383
7 393
8 33
8 36
8 38
8 71
8 77
8 91
8 98
8 99
8 100
8 117
8 134
8 153
8 168
8 173
8 174
8 193
8 224
8 252
8 258
8 285
8 289
8 312
8 327
8 335
8 346
8 358
8 362
9 1
9 4
9 21
9 23
9 27
9 28
9 57
9 60
9 74
9 112
9 133
9 139
9 148
9 154
9 155
9 184
9 195
9 210
9 227
9 234
9 250
9 262
9 270
9 277
9 278
9 300
9 318
9 330
9 332
9 342
9 344
9 388
9 397
10 2
10 11
10 12
10 61
10 64
10 73
10 76
10 90
10 93
10 104
10 138
10 171
10 196
10 257
10 260
10 291
10 329
10 343
10 353
10 379
10 389
10 392
10 398
11 3
11 14
11 40
11 42
11 44
11 47
11 50
11 56
11 72
11 75
11 79
11 94
11 97
11 143
11 152
11 167
11 169
11 237
11 244
11 256
11 264
11 286
11 287
11 288
11 306
11 319
11 339
11 356
11 364
11 371
11 385
11 387
11 396
12 29
12 43
12 48
12 105
12 135
12 145
12 165
12 189
12 204
12 208
12 272
12 301
12 309
12 314
12 316
12 323
12 326
12 328
12 373
12 374
12 394
13 5
13 13
13 34
13 51
13 59
13 69
13 82
13 109
13 118
13 131
13 147
13 159
13 231
13 255
13 302
13 336
13 376
13 382
14 10
14 19
14 96
14 106
14 122
14 123
14 127
14 141
14 146
14 158
14 161
14 178
14 180
14 190
14 241
14 271
14 275
14 340
14 348
14 350
14 384
14 395
15 22
15 25
15 37
15 39
15 54
15 111
15 136
15 188
15 218
15 219
15 221
15 253
15 280
15 341
16 24
16 31
16 52
16 80
16 84
16 108
16 182
16 202
16 212
16 249
16 265
16 290
16 294
16 307
16 308
16 334
16 345
16 349
16 351
