0 9
0 17
0 101
0 103
0 187
0 207
0 259
0 295
0 336
0 355
0 360
0 375
0 378
1 7
1 15
1 66
1 68
1 89
1 122
1 132
1 162
1 185
1 211
1 248
1 254
1 275
1 292
1 296
1 310
1 311
1 324
1 359
1 369
1 372
1 391
2 34
2 51
2 67
2 69
2 82
2 83
2 92
2 118
2 119
2 128
2 131
2 144
2 147
2 151
2 156
2 159
2 164
2 170
2 213
2 231
2 251
2 255
2 363
2 367
2 376
3 6
3 33
3 36
3 55
3 65
3 70
3 95
3 125
3 140
3 149
3 168
3 186
3 235
3 239
3 243
3 245
3 260
3 289
3 298
3 353
3 366
3 377
3 398
4 78
4 116
4 120
4 121
4 137
4 176
4 181
4 183
4 206
4 209
4 216
4 232
4 233
4 236
4 240
4 261
4 267
4 269
4 273
4 276
4 283
4 284
4 293
4 313
4 338
4 348
4 370
4 380
5 22
5 37
5 136
5 188
5 218
5 219
5 253
5 302
5 341
6 29
6 43
6 48
6 64
6 105
6 135
6 138
6 145
6 171
6 204
6 208
6 272
6 291
6 301
6 309
6 314
6 323
6 328
6 392
7 18
7 20
7 25
7 26
7 42
7 45
7 58
7 97
7 129
7 150
7 179
7 217
7 230
7 268
7 287
7 305
7 347
7 371
8 3
8 14
8 28
8 40
8 47
8 56
8 57
8 72
8 75
8 79
8 81
8 143
8 152
8 167
8 169
8 237
8 244
8 246
8 256
8 264
8 286
8 288
8 306
8 319
8 325
8 339
8 342
8 356
8 364
8 385
8 387
8 396
9 38
9 71
9 77
9 91
9 98
9 99
9 100
9 117
9 134
9 153
9 173
9 174
9 193
9 224
9 252
9 258
9 279
9 285
9 312
9 327
9 335
9 346
9 358
9 362
10 2
10 11
10 12
10 46
10 61
10 73
10 76
10 90
10 93
10 102
10 104
10 196
10 257
10 322
10 329
10 343
10 379
10 389
11 16
11 32
11 39
11 49
11 53
11 54
11 62
11 87
11 111
11 115
11 163
11 172
11 192
11 197
11 215
11 221
11 223
11 225
11 226
11 247
11 263
11 266
11 280
11 282
11 297
11 304
11 337
11 357
11 365
11 368
11 399
12 8
12 24
12 80
12 84
12 86
12 110
12 114
12 160
12 177
12 182
12 203
12 205
12 249
12 265
12 290
12 294
12 299
12 320
12 334
12 345
12 351
13 0
13 5
13 13
13 30
13 85
13 109
13 126
13 142
13 166
13 191
13 200
13 201
13 228
13 242
13 274
13 321
13 331
13 333
13 352
13 354
13 361
13 381
13 382
13 386
14 41
14 59
14 63
14 130
14 157
14 165
14 189
14 316
14 326
14 373
14 374
14 383
14 393
14 394
15 1
15 4
15 27
15 44
15 50
15 94
15 133
15 148
15 155
15 184
15 227
15 270
15 278
15 300
15 332
16 31
16 52
16 74
16 108
16 139
16 154
16 202
16 212
16 307
16 308
16 318
16 349
17 10
17 19
17 35
17 88
17 96
17 106
17 107
17 123
17 124
17 127
17 141
17 146
17 158
17 161
17 175
17 178
17 180
17 190
17 194
17 198
17 199
17 214
17 220
17 222
17 241
17 281
17 303
17 315
17 317
17 340
17 350
17 384
17 390
17 395
18 21
18 23
18 60
18 112
18 113
18 195
18 210
18 229
18 234
18 238
18 250
18 262
18 271
18 277
18 330
18 344
18 388
18 397
