0 2
0 6
0 11
0 12
0 29
0 33
0 36
0 38
0 41
0 43
0 46
0 48
0 61
0 64
0 65
0 71
0 73
0 76
0 77
0 90
0 91
0 93
0 98
0 99
0 100
0 102
0 104
0 105
0 117
0 125
0 134
0 135
0 138
0 140
0 145
0 149
0 153
0 157
0 165
0 168
0 171
0 173
0 174
0 189
0 193
0 196
0 204
0 208
0 224
0 235
0 239
0 252
0 257
0 258
0 260
0 272
0 279
0 285
0 289
0 291
0 298
0 301
0 309
0 312
0 314
0 322
0 323
0 326
0 327
0 328
0 329
0 335
0 343
0 346
0 353
0 358
0 362
0 366
0 373
0 374
0 379
0 389
0 392
0 393
0 394
0 398
1 7
1 8
1 15
1 21
1 23
1 24
1 31
1 52
1 55
1 60
1 66
1 68
1 70
1 74
1 80
1 84
1 86
1 89
1 95
1 108
1 110
1 112
1 113
1 114
1 122
1 132
1 139
1 154
1 160
1 162
1 177
1 182
1 185
1 186
1 195
1 202
1 203
1 205
1 210
1 211
1 212
1 229
1 234
1 238
1 243
1 245
1 248
1 249
1 250
1 254
1 262
1 265
1 271
1 275
1 277
1 290
1 292
1 294
1 296
1 299
1 307
1 308
1 310
1 311
1 318
1 320
1 324
1 330
1 334
1 344
1 345
1 349
1 351
1 359
1 369
1 372
1 377
1 384
1 388
1 391
1 395
1 397
2 0
2 5
2 9
2 13
2 16
2 17
2 22
2 25
2 30
2 32
2 34
2 37
2 39
2 49
2 51
2 53
2 54
2 59
2 62
2 63
2 67
2 69
2 82
2 83
2 85
2 87
2 92
2 101
2 103
2 109
2 111
2 115
2 118
2 119
2 126
2 128
2 129
2 130
2 131
2 136
2 142
2 144
2 147
2 151
2 156
2 159
2 163
2 164
2 166
2 170
2 172
2 187
2 188
2 191
2 192
2 197
2 200
2 201
2 207
2 213
2 215
2 218
2 219
2 220
2 221
2 223
2 225
2 226
2 228
2 231
2 242
2 247
2 251
2 253
2 255
2 259
2 263
2 266
2 274
2 280
2 282
2 295
2 297
2 302
2 304
2 305
2 316
2 321
2 331
2 333
2 336
2 337
2 341
2 352
2 354
2 355
2 357
2 360
2 361
2 363
2 365
2 367
2 368
2 375
2 376
2 378
2 381
2 382
2 383
2 386
2 399
3 1
3 3
3 4
3 10
3 14
3 18
3 19
3 20
3 26
3 27
3 28
3 35
3 40
3 42
3 44
3 45
3 47
3 50
3 56
3 57
3 58
3 72
3 75
3 78
3 79
3 81
3 88
3 94
3 96
3 97
3 106
3 107
3 116
3 120
3 121
3 123
3 124
3 127
3 133
3 137
3 141
3 143
3 146
3 148
3 150
3 152
3 155
3 158
3 161
3 167
3 169
3 175
3 176
3 178
3 179
3 180
3 181
3 183
3 184
3 190
3 194
3 198
3 199
3 206
3 209
3 214
3 216
3 217
3 222
3 227
3 230
3 232
3 233
3 236
3 237
3 240
3 241
3 244
3 246
3 256
3 261
3 264
3 267
3 268
3 269
3 270
3 273
3 276
3 278
3 281
3 283
3 284
3 286
3 287
3 288
3 293
3 300
3 303
3 306
3 313
3 315
3 317
3 319
3 325
3 332
3 338
3 339
3 340
3 342
3 347
3 348
3 350
3 356
3 364
3 370
3 371
3 380
3 385
3 387
3 390
3 396
