0 7
0 8
0 15
0 21
0 23
0 24
0 31
0 52
0 55
0 60
0 66
0 68
0 70
0 74
0 80
0 84
0 86
0 89
0 95
0 108
0 110
0 112
0 113
0 114
0 122
0 132
0 139
0 154
0 160
0 162
0 177
0 182
0 185
0 186
0 195
0 202
0 203
0 205
0 210
0 211
0 212
0 229
0 234
0 238
0 243
0 245
0 248
0 249
0 250
0 254
0 262
0 265
0 271
0 275
0 277
0 290
0 292
0 294
0 296
0 299
0 307
0 308
0 310
0 311
0 318
0 320
0 324
0 330
0 334
0 344
0 345
0 349
0 351
0 359
0 369
0 372
0 377
0 388
0 391
0 397
1 0
1 5
1 9
1 13
1 16
1 17
1 22
1 30
1 32
1 34
1 37
1 39
1 49
1 51
1 53
1 54
1 59
1 62
1 63
1 67
1 69
1 82
1 83
1 85
1 87
1 92
1 101
1 103
1 109
1 111
1 115
1 118
1 119
1 126
1 128
1 130
1 131
1 136
1 142
1 144
1 147
1 151
1 156
1 159
1 163
1 164
1 166
1 170
1 172
1 187
1 188
1 191
1 192
1 197
1 200
1 201
1 207
1 213
1 215
1 218
1 219
1 221
1 223
1 225
1 226
1 228
1 231
1 242
1 247
1 251
1 253
1 255
1 259
1 263
1 266
1 274
1 280
1 282
1 295
1 297
1 302
1 304
1 316
1 321
1 331
1 333
1 336
1 337
1 341
1 352
1 354
1 355
1 357
1 360
1 361
1 365
1 367
1 368
1 375
1 376
1 378
1 381
1 382
1 383
1 386
1 394
1 399
2 4
2 10
2 18
2 19
2 26
2 27
2 35
2 44
2 50
2 78
2 88
2 96
2 106
2 107
2 116
2 120
2 121
2 123
2 124
2 127
2 133
2 137
2 141
2 146
2 148
2 150
2 155
2 158
2 161
2 175
2 176
2 178
2 180
2 181
2 183
2 184
2 190
2 194
2 198
2 199
2 206
2 209
2 214
2 216
2 220
2 222
2 227
2 232
2 233
2 236
2 240
2 241
2 261
2 267
2 270
2 273
2 276
2 281
2 283
2 284
2 300
2 303
2 313
2 315
2 317
2 332
2 338
2 340
2 347
2 348
2 350
2 370
2 380
2 384
2 390
2 395
3 2
3 6
3 11
3 12
3 29
3 33
3 36
3 38
3 41
3 43
3 46
3 48
3 61
3 64
3 65
3 71
3 73
3 76
3 77
3 90
3 91
3 93
3 98
3 99
3 100
3 102
3 104
3 105
3 117
3 125
3 134
3 135
3 138
3 140
3 145
3 149
3 153
3 157
3 165
3 168
3 171
3 173
3 174
3 189
3 193
3 196
3 204
3 208
3 224
3 235
3 239
3 252
3 257
3 258
3 260
3 272
3 279
3 285
3 289
3 291
3 298
3 301
3 309
3 312
3 314
3 322
3 323
3 326
3 327
3 328
3 329
3 335
3 343
3 346
3 353
3 358
3 362
3 366
3 373
3 374
3 379
3 389
3 392
3 393
3 398
4 1
4 3
4 14
4 20
4 25
4 28
4 40
4 42
4 45
4 47
4 56
4 57
4 58
4 72
4 75
4 79
4 81
4 94
4 97
4 129
4 143
4 152
4 167
4 169
4 179
4 217
4 230
4 237
4 244
4 246
4 256
4 264
4 268
4 269
4 278
4 286
4 287
4 288
4 293
4 305
4 306
4 319
4 325
4 339
4 342
4 356
4 363
4 364
4 371
4 385
4 387
4 396
