0 7
0 10
0 15
0 19
0 66
0 68
0 89
0 96
0 106
0 113
0 122
0 123
0 127
0 132
0 141
0 146
0 158
0 161
0 162
0 178
0 180
0 185
0 190
0 210
0 211
0 229
0 238
0 241
0 248
0 254
0 271
0 275
0 292
0 296
0 299
0 310
0 311
0 324
0 340
0 348
0 350
0 359
0 369
0 372
0 384
0 391
0 395
1 1
1 4
1 8
1 21
1 23
1 24
1 27
1 31
1 52
1 55
1 60
1 70
1 74
1 80
1 84
1 86
1 95
1 108
1 110
1 112
1 114
1 133
1 138
1 139
1 148
1 149
1 154
1 155
1 160
1 177
1 182
1 184
1 186
1 195
1 202
1 203
1 205
1 212
1 227
1 234
1 235
1 243
1 245
1 249
1 250
1 262
1 265
1 270
1 277
1 278
1 290
1 294
1 300
1 307
1 308
1 315
1 318
1 320
1 330
1 332
1 334
1 344
1 345
1 349
1 351
1 377
1 388
1 397
2 9
2 16
2 17
2 22
2 25
2 32
2 37
2 39
2 49
2 53
2 54
2 62
2 87
2 101
2 103
2 111
2 115
2 118
2 128
2 129
2 136
2 147
2 163
2 172
2 187
2 188
2 192
2 207
2 215
2 218
2 219
2 220
2 221
2 223
2 225
2 226
2 231
2 247
2 253
2 259
2 263
2 266
2 280
2 282
2 287
2 295
2 297
2 302
2 304
2 337
2 341
2 355
2 357
2 360
2 365
2 368
2 375
2 378
2 399
3 2
3 6
3 11
3 12
3 29
3 33
3 36
3 38
3 41
3 43
3 46
3 48
3 61
3 63
3 64
3 65
3 71
3 73
3 76
3 77
3 90
3 91
3 93
3 98
3 99
3 100
3 102
3 104
3 117
3 125
3 130
3 134
3 135
3 140
3 145
3 153
3 157
3 168
3 171
3 173
3 174
3 189
3 193
3 196
3 197
3 208
3 224
3 239
3 252
3 257
3 258
3 260
3 272
3 279
3 285
3 289
3 291
3 298
3 301
3 309
3 312
3 314
3 322
3 326
3 327
3 328
3 329
3 335
3 343
3 346
3 353
3 358
3 362
3 366
3 373
3 374
3 379
3 383
3 389
3 392
3 393
3 398
4 18
4 20
4 26
4 35
4 40
4 42
4 44
4 45
4 50
4 58
4 72
4 75
4 78
4 81
4 88
4 94
4 97
4 107
4 116
4 120
4 121
4 124
4 137
4 150
4 167
4 175
4 176
4 179
4 181
4 183
4 194
4 198
4 199
4 206
4 209
4 214
4 216
4 217
4 222
4 230
4 232
4 233
4 236
4 237
4 240
4 246
4 261
4 264
4 267
4 268
4 269
4 273
4 276
4 281
4 283
4 284
4 286
4 288
4 293
4 303
4 313
4 317
4 325
4 338
4 339
4 347
4 356
4 370
4 371
4 380
4 385
4 390
4 396
5 0
5 3
5 5
5 13
5 14
5 28
5 30
5 34
5 47
5 51
5 56
5 57
5 59
5 67
5 69
5 79
5 82
5 83
5 85
5 92
5 105
5 109
5 119
5 126
5 131
5 142
5 143
5 144
5 151
5 152
5 156
5 159
5 164
5 165
5 166
5 169
5 170
5 191
5 200
5 201
5 204
5 213
5 228
5 242
5 244
5 251
5 255
5 256
5 274
5 305
5 306
5 316
5 319
5 321
5 323
5 331
5 333
5 336
5 342
5 352
5 354
5 361
5 363
5 364
5 367
5 376
5 381
5 382
5 386
5 387
5 394
