0 2
0 11
0 12
0 43
0 46
0 48
0 61
0 64
0 73
0 76
0 90
0 93
0 102
0 104
0 105
0 135
0 138
0 145
0 165
0 171
0 189
0 196
0 204
0 208
0 239
0 257
0 260
0 272
0 291
0 301
0 309
0 314
0 323
0 326
0 328
0 329
0 343
0 353
0 373
0 374
0 379
0 389
0 392
0 394
0 398
1 4
1 8
1 23
1 24
1 27
1 31
1 52
1 55
1 70
1 74
1 80
1 84
1 95
1 108
1 110
1 112
1 114
1 133
1 139
1 149
1 154
1 177
1 182
1 184
1 186
1 195
1 202
1 203
1 205
1 212
1 234
1 235
1 243
1 245
1 249
1 250
1 262
1 265
1 277
1 290
1 294
1 307
1 308
1 318
1 320
1 330
1 334
1 344
1 345
1 349
1 351
1 377
1 388
1 397
2 9
2 16
2 17
2 22
2 25
2 32
2 37
2 39
2 49
2 53
2 54
2 62
2 87
2 101
2 103
2 111
2 115
2 118
2 128
2 129
2 136
2 147
2 163
2 172
2 187
2 188
2 192
2 207
2 215
2 218
2 219
2 221
2 223
2 225
2 226
2 231
2 247
2 253
2 259
2 263
2 266
2 280
2 282
2 287
2 295
2 297
2 304
2 337
2 341
2 355
2 357
2 360
2 365
2 368
2 375
2 378
2 399
3 18
3 20
3 26
3 35
3 42
3 45
3 58
3 78
3 81
3 88
3 97
3 107
3 116
3 120
3 121
3 123
3 124
3 127
3 137
3 141
3 150
3 158
3 161
3 175
3 176
3 179
3 180
3 181
3 183
3 194
3 198
3 199
3 206
3 209
3 214
3 216
3 217
3 220
3 222
3 230
3 232
3 233
3 236
3 240
3 246
3 261
3 267
3 268
3 269
3 273
3 276
3 281
3 283
3 284
3 293
3 303
3 313
3 315
3 317
3 325
3 338
3 347
3 370
3 371
3 380
3 390
4 7
4 10
4 15
4 19
4 21
4 60
4 66
4 68
4 86
4 89
4 96
4 106
4 113
4 122
4 132
4 146
4 160
4 162
4 178
4 185
4 190
4 210
4 211
4 229
4 238
4 241
4 248
4 254
4 271
4 275
4 292
4 296
4 299
4 310
4 311
4 324
4 340
4 348
4 350
4 359
4 369
4 372
4 384
4 391
4 395
5 0
5 5
5 13
5 30
5 34
5 51
5 59
5 69
5 82
5 83
5 85
5 92
5 109
5 119
5 126
5 131
5 142
5 144
5 151
5 156
5 159
5 164
5 166
5 170
5 191
5 200
5 201
5 213
5 228
5 242
5 251
5 255
5 274
5 302
5 316
5 321
5 331
5 333
5 336
5 352
5 354
5 361
5 367
5 376
5 381
5 382
5 386
6 1
6 3
6 14
6 28
6 40
6 44
6 47
6 50
6 56
6 57
6 67
6 72
6 75
6 79
6 94
6 143
6 148
6 152
6 155
6 167
6 169
6 227
6 237
6 244
6 256
6 264
6 270
6 278
6 286
6 288
6 300
6 305
6 306
6 319
6 332
6 339
6 342
6 356
6 363
6 364
6 385
6 387
6 396
7 6
7 29
7 33
7 36
7 38
7 41
7 63
7 65
7 71
7 77
7 91
7 98
7 99
7 100
7 117
7 125
7 130
7 134
7 140
7 153
7 157
7 168
7 173
7 174
7 193
7 197
7 224
7 252
7 258
7 279
7 285
7 289
7 298
7 312
7 322
7 327
7 335
7 346
7 358
7 362
7 366
7 383
7 393
