0 3
0 14
0 20
0 25
0 28
0 40
0 42
0 45
0 47
0 56
0 57
0 58
0 72
0 75
0 79
0 81
0 94
0 97
0 143
0 152
0 167
0 169
0 179
0 217
0 230
0 237
0 244
0 246
0 256
0 264
0 268
0 269
0 286
0 287
0 288
0 293
0 306
0 319
0 325
0 339
0 342
0 356
0 364
0 371
0 385
0 387
0 396
1 9
1 16
1 17
1 32
1 39
1 49
1 53
1 54
1 62
1 87
1 101
1 103
1 111
1 115
1 129
1 130
1 136
1 163
1 172
1 187
1 188
1 192
1 197
1 207
1 215
1 219
1 220
1 221
1 223
1 225
1 226
1 247
1 259
1 263
1 266
1 280
1 282
1 295
1 297
1 304
1 336
1 337
1 341
1 355
1 357
1 360
1 365
1 368
1 375
1 378
1 383
1 399
2 2
2 6
2 11
2 12
2 33
2 36
2 46
2 55
2 61
2 64
2 65
2 70
2 73
2 76
2 77
2 90
2 93
2 102
2 104
2 125
2 138
2 140
2 149
2 168
2 171
2 186
2 196
2 235
2 239
2 243
2 257
2 260
2 289
2 291
2 298
2 322
2 329
2 343
2 366
2 377
2 379
2 389
2 398
3 29
3 38
3 41
3 43
3 48
3 63
3 71
3 91
3 98
3 99
3 100
3 105
3 117
3 134
3 135
3 145
3 153
3 157
3 165
3 173
3 174
3 189
3 193
3 204
3 208
3 224
3 252
3 258
3 272
3 279
3 285
3 301
3 309
3 312
3 314
3 323
3 326
3 327
3 328
3 335
3 346
3 353
3 358
3 362
3 373
3 374
3 392
3 393
4 0
4 5
4 13
4 30
4 59
4 85
4 109
4 126
4 142
4 166
4 191
4 200
4 201
4 228
4 242
4 274
4 316
4 321
4 331
4 333
4 352
4 354
4 361
4 381
4 382
4 386
4 394
5 10
5 18
5 19
5 26
5 35
5 44
5 78
5 88
5 96
5 106
5 107
5 116
5 120
5 121
5 123
5 124
5 127
5 137
5 141
5 146
5 150
5 158
5 161
5 175
5 176
5 178
5 180
5 181
5 183
5 190
5 194
5 198
5 199
5 206
5 209
5 214
5 216
5 222
5 232
5 233
5 236
5 240
5 241
5 261
5 267
5 273
5 276
5 281
5 283
5 284
5 303
5 313
5 315
5 317
5 338
5 340
5 347
5 348
5 350
5 370
5 380
5 384
5 390
5 395
6 22
6 34
6 37
6 51
6 67
6 69
6 82
6 83
6 92
6 118
6 119
6 128
6 131
6 144
6 147
6 151
6 156
6 159
6 164
6 170
6 213
6 218
6 231
6 251
6 253
6 255
6 302
6 305
6 363
6 367
6 376
7 1
7 4
7 21
7 23
7 27
7 31
7 50
7 52
7 74
7 112
7 113
7 133
7 139
7 148
7 154
7 155
7 184
7 195
7 202
7 210
7 227
7 229
7 234
7 238
7 250
7 262
7 270
7 271
7 277
7 278
7 300
7 307
7 308
7 318
7 330
7 332
7 344
7 388
7 397
8 7
8 8
8 15
8 24
8 60
8 66
8 68
8 80
8 84
8 86
8 89
8 95
8 108
8 110
8 114
8 122
8 132
8 160
8 162
8 177
8 182
8 185
8 203
8 205
8 211
8 212
8 245
8 248
8 249
8 254
8 265
8 275
8 290
8 292
8 294
8 296
8 299
8 310
8 311
8 320
8 324
8 334
8 345
8 349
8 351
8 359
8 369
8 372
8 391
