0 9
0 11
0 64
0 65
0 90
0 93
0 110
0 125
0 185
0 186
0 248
0 301
0 320
0 324
0 328
0 349
0 369
0 379
0 392
0 394
1 17
1 23
1 24
1 27
1 52
1 60
1 112
1 132
1 141
1 146
1 162
1 180
1 188
1 198
1 212
1 214
1 220
1 234
1 240
1 262
1 264
1 265
1 266
1 270
1 281
1 288
1 292
1 293
1 300
1 307
1 308
1 317
1 344
1 348
1 368
1 383
1 388
1 397
2 3
2 4
2 22
2 26
2 28
2 32
2 42
2 44
2 54
2 56
2 67
2 69
2 72
2 81
2 82
2 116
2 118
2 119
2 121
2 148
2 151
2 155
2 159
2 164
2 167
2 179
2 184
2 195
2 206
2 209
2 210
2 216
2 218
2 227
2 230
2 232
2 244
2 256
2 261
2 267
2 277
2 278
2 319
2 330
2 332
2 337
2 347
2 356
2 364
2 371
2 376
2 384
2 387
3 6
3 19
3 25
3 35
3 77
3 91
3 100
3 113
3 143
3 163
3 166
3 183
3 201
3 241
3 242
3 249
3 252
3 259
3 263
3 272
3 279
3 287
3 297
3 302
3 314
3 321
3 340
3 350
3 380
3 381
3 385
3 399
4 0
4 29
4 34
4 85
4 101
4 117
4 128
4 145
4 187
4 189
4 192
4 200
4 215
4 228
4 257
4 282
4 295
4 309
4 362
4 365
4 373
4 374
5 7
5 30
5 33
5 36
5 43
5 51
5 70
5 88
5 150
5 156
5 157
5 168
5 174
5 175
5 211
5 223
5 233
5 260
5 271
5 289
5 291
5 298
5 312
5 315
5 326
5 335
5 346
5 366
5 393
6 5
6 13
6 16
6 20
6 37
6 45
6 47
6 53
6 79
6 87
6 92
6 111
6 126
6 127
6 129
6 131
6 135
6 136
6 142
6 144
6 147
6 172
6 191
6 197
6 208
6 221
6 226
6 246
6 247
6 251
6 253
6 255
6 274
6 303
6 306
6 331
6 333
6 352
6 363
6 367
6 375
6 378
6 386
6 390
7 38
7 41
7 46
7 48
7 61
7 63
7 73
7 76
7 86
7 98
7 99
7 102
7 105
7 114
7 138
7 165
7 171
7 173
7 182
7 203
7 204
7 219
7 224
7 243
7 245
7 283
7 285
7 311
7 316
7 323
7 327
7 329
7 336
7 341
7 343
7 353
7 398
8 1
8 8
8 12
8 21
8 31
8 40
8 50
8 55
8 71
8 74
8 80
8 84
8 95
8 96
8 104
8 106
8 108
8 123
8 133
8 139
8 149
8 154
8 158
8 160
8 190
8 193
8 196
8 202
8 205
8 229
8 236
8 238
8 239
8 250
8 284
8 290
8 296
8 318
8 345
8 351
8 359
8 372
8 389
8 391
8 395
9 10
9 14
9 15
9 39
9 49
9 57
9 58
9 75
9 78
9 83
9 89
9 94
9 97
9 140
9 152
9 161
9 169
9 170
9 178
9 181
9 194
9 199
9 217
9 225
9 237
9 258
9 268
9 273
9 280
9 286
9 299
9 305
9 313
9 322
9 334
9 339
9 342
9 355
9 357
9 382
10 2
10 18
10 59
10 62
10 66
10 68
10 103
10 107
10 109
10 115
10 120
10 122
10 124
10 130
10 134
10 137
10 153
10 176
10 177
10 207
10 213
10 222
10 231
10 235
10 254
10 269
10 275
10 276
10 294
10 304
10 310
10 325
10 338
10 354
10 358
10 360
10 361
10 370
10 377
10 396
