0 10
0 15
0 39
0 49
0 57
0 58
0 75
0 78
0 83
0 89
0 94
0 97
0 140
0 152
0 161
0 169
0 170
0 178
0 181
0 194
0 199
0 225
0 237
0 258
0 273
0 280
0 286
0 299
0 305
0 313
0 334
0 342
0 355
0 357
1 50
1 52
1 60
1 71
1 104
1 112
1 123
1 132
1 141
1 160
1 180
1 188
1 190
1 198
1 212
1 220
1 234
1 240
1 262
1 264
1 270
1 281
1 284
1 288
1 292
1 293
1 307
1 308
1 317
1 344
1 368
1 383
1 388
1 397
2 17
2 18
2 23
2 24
2 27
2 62
2 66
2 113
2 115
2 120
2 122
2 124
2 130
2 137
2 146
2 153
2 176
2 177
2 214
2 217
2 222
2 231
2 235
2 252
2 265
2 266
2 268
2 269
2 275
2 294
2 297
2 300
2 304
2 310
2 321
2 322
2 325
2 338
2 339
2 348
2 370
3 5
3 13
3 16
3 20
3 37
3 45
3 47
3 53
3 79
3 87
3 92
3 109
3 111
3 126
3 127
3 129
3 131
3 135
3 136
3 142
3 144
3 147
3 172
3 191
3 197
3 207
3 208
3 218
3 221
3 226
3 246
3 247
3 251
3 253
3 255
3 274
3 303
3 306
3 331
3 333
3 352
3 360
3 361
3 363
3 367
3 375
3 378
3 386
3 390
3 396
4 0
4 29
4 34
4 85
4 101
4 128
4 145
4 187
4 189
4 192
4 215
4 228
4 257
4 282
4 295
4 309
4 362
4 373
4 374
5 43
5 64
5 65
5 88
5 110
5 125
5 150
5 157
5 162
5 175
5 185
5 211
5 224
5 233
5 245
5 248
5 260
5 312
5 315
5 320
5 324
5 326
5 328
5 349
5 369
5 392
5 393
6 1
6 8
6 12
6 21
6 31
6 40
6 74
6 80
6 84
6 93
6 95
6 96
6 106
6 108
6 133
6 139
6 149
6 154
6 158
6 193
6 196
6 202
6 205
6 229
6 238
6 239
6 250
6 296
6 318
6 345
6 351
6 359
6 372
6 379
6 389
6 391
7 3
7 4
7 22
7 26
7 28
7 32
7 42
7 44
7 54
7 56
7 67
7 72
7 81
7 82
7 116
7 118
7 119
7 121
7 148
7 151
7 155
7 164
7 167
7 179
7 184
7 195
7 206
7 209
7 210
7 216
7 227
7 230
7 232
7 244
7 256
7 261
7 267
7 277
7 278
7 319
7 330
7 332
7 347
7 356
7 364
7 371
7 376
7 384
7 387
8 2
8 11
8 38
8 55
8 59
8 68
8 69
8 86
8 98
8 99
8 103
8 107
8 114
8 134
8 159
8 182
8 203
8 204
8 213
8 236
8 243
8 254
8 276
8 283
8 290
8 311
8 329
8 336
8 337
8 353
8 358
8 377
8 395
8 398
9 7
9 19
9 30
9 33
9 36
9 51
9 70
9 117
9 156
9 168
9 174
9 200
9 219
9 223
9 271
9 279
9 289
9 291
9 298
9 335
9 346
9 354
9 365
9 366
10 6
10 14
10 25
10 35
10 77
10 91
10 100
10 143
10 163
10 166
10 183
10 201
10 241
10 242
10 249
10 259
10 263
10 272
10 287
10 302
10 314
10 340
10 350
10 380
10 381
10 382
10 385
10 399
11 9
11 41
11 46
11 48
11 61
11 63
11 73
11 76
11 90
11 102
11 105
11 138
11 165
11 171
11 173
11 186
11 285
11 301
11 316
11 323
11 327
11 341
11 343
11 394
