0 3
0 4
0 22
0 26
0 28
0 42
0 44
0 67
0 69
0 81
0 116
0 119
0 121
0 148
0 151
0 155
0 164
0 167
0 184
0 195
0 206
0 209
0 210
0 216
0 227
0 232
0 267
0 277
0 319
0 330
0 332
0 347
0 356
0 371
0 384
0 387
1 18
1 23
1 27
1 62
1 66
1 113
1 115
1 120
1 122
1 124
1 130
1 134
1 137
1 146
1 153
1 176
1 177
1 214
1 222
1 231
1 235
1 252
1 266
1 268
1 269
1 275
1 276
1 294
1 297
1 300
1 304
1 310
1 321
1 322
1 325
1 338
1 348
1 370
2 6
2 14
2 35
2 77
2 91
2 100
2 143
2 163
2 166
2 183
2 201
2 241
2 249
2 259
2 263
2 272
2 287
2 302
2 314
2 340
2 350
2 380
2 381
2 382
2 385
3 9
3 64
3 65
3 73
3 76
3 88
3 90
3 105
3 110
3 125
3 186
3 248
3 301
3 320
3 323
3 324
3 328
3 349
3 369
3 392
3 394
4 10
4 15
4 39
4 57
4 78
4 83
4 89
4 94
4 97
4 140
4 161
4 181
4 194
4 199
4 217
4 258
4 273
4 286
4 299
4 305
4 313
4 334
4 339
4 342
4 357
5 34
5 41
5 48
5 101
5 138
5 165
5 171
5 192
5 228
5 257
5 295
5 309
5 316
5 341
5 343
5 362
5 373
5 374
6 32
6 49
6 54
6 56
6 58
6 72
6 75
6 118
6 144
6 152
6 169
6 170
6 178
6 179
6 225
6 230
6 237
6 261
6 278
6 280
6 355
7 0
7 25
7 29
7 45
7 85
7 92
7 128
7 135
7 147
7 187
7 189
7 208
7 215
7 242
7 247
7 253
7 282
7 303
7 333
7 352
7 367
7 375
7 378
7 386
7 399
8 1
8 21
8 40
8 50
8 55
8 60
8 71
8 74
8 84
8 95
8 96
8 104
8 112
8 123
8 132
8 133
8 141
8 154
8 158
8 160
8 190
8 198
8 220
8 229
8 234
8 238
8 239
8 240
8 270
8 281
8 284
8 292
8 293
8 344
8 345
8 351
8 368
8 389
8 391
8 397
9 17
9 24
9 52
9 162
9 180
9 188
9 212
9 262
9 264
9 265
9 288
9 307
9 308
9 317
9 383
9 388
10 7
10 19
10 30
10 33
10 36
10 43
10 51
10 59
10 70
10 117
10 150
10 156
10 168
10 174
10 175
10 200
10 211
10 219
10 223
10 233
10 260
10 271
10 279
10 289
10 291
10 298
10 312
10 315
10 326
10 335
10 346
10 354
10 365
10 366
10 393
11 2
11 11
11 38
11 46
11 61
11 63
11 68
11 86
11 98
11 99
11 102
11 103
11 114
11 157
11 173
11 182
11 203
11 204
11 224
11 236
11 243
11 245
11 254
11 283
11 285
11 290
11 311
11 327
11 329
11 336
11 353
11 377
11 395
11 398
12 5
12 13
12 16
12 20
12 37
12 47
12 53
12 79
12 82
12 87
12 107
12 109
12 111
12 126
12 127
12 129
12 131
12 136
12 142
12 145
12 159
12 172
12 191
12 197
12 207
12 213
12 218
12 221
12 226
12 244
12 246
12 251
12 255
12 256
12 274
12 306
12 331
12 337
12 358
12 360
12 361
12 363
12 364
12 376
12 390
12 396
13 8
13 12
13 31
13 80
13 93
13 106
13 108
13 139
13 149
13 185
13 193
13 196
13 202
13 205
13 250
13 296
13 318
13 359
13 372
13 379
