0 9
0 34
0 41
0 48
0 76
0 101
0 105
0 138
0 165
0 171
0 173
0 257
0 301
0 309
0 316
0 323
0 341
0 343
0 373
0 394
1 23
1 27
1 50
1 60
1 112
1 132
1 141
1 146
1 180
1 198
1 214
1 220
1 234
1 240
1 270
1 281
1 284
1 292
1 293
1 300
1 325
1 344
1 368
1 397
2 0
2 19
2 29
2 45
2 85
2 117
2 128
2 135
2 145
2 187
2 189
2 192
2 200
2 208
2 215
2 228
2 242
2 247
2 253
2 282
2 295
2 362
2 367
2 374
2 378
2 399
3 16
3 47
3 58
3 79
3 87
3 92
3 127
3 129
3 144
3 147
3 152
3 169
3 170
3 178
3 197
3 221
3 226
3 237
3 244
3 274
3 280
3 303
3 333
3 355
3 363
4 25
4 35
4 53
4 77
4 91
4 100
4 143
4 163
4 166
4 183
4 201
4 241
4 259
4 263
4 272
4 287
4 302
4 314
4 340
4 350
4 360
4 381
4 385
4 390
5 8
5 12
5 31
5 71
5 80
5 93
5 104
5 106
5 123
5 139
5 149
5 158
5 185
5 193
5 196
5 202
5 205
5 236
5 238
5 239
5 250
5 318
5 345
5 359
5 372
5 379
5 388
5 389
6 5
6 13
6 20
6 37
6 69
6 82
6 109
6 111
6 126
6 131
6 136
6 142
6 151
6 159
6 172
6 191
6 213
6 218
6 246
6 251
6 255
6 256
6 306
6 331
6 336
6 337
6 352
6 361
6 375
6 376
6 386
6 396
7 7
7 30
7 33
7 36
7 43
7 51
7 70
7 150
7 156
7 168
7 174
7 175
7 211
7 219
7 223
7 233
7 260
7 271
7 279
7 289
7 291
7 298
7 312
7 326
7 335
7 346
7 365
7 366
7 393
8 1
8 21
8 40
8 44
8 55
8 74
8 84
8 95
8 96
8 108
8 133
8 148
8 154
8 155
8 160
8 184
8 190
8 195
8 204
8 206
8 209
8 210
8 229
8 232
8 290
8 296
8 330
8 351
8 384
8 391
8 395
9 10
9 15
9 39
9 57
9 75
9 78
9 89
9 94
9 97
9 140
9 161
9 181
9 194
9 199
9 217
9 225
9 273
9 286
9 299
9 305
9 313
9 334
9 339
9 342
9 357
9 371
10 11
10 38
10 46
10 61
10 63
10 64
10 65
10 73
10 86
10 88
10 90
10 98
10 99
10 102
10 110
10 114
10 125
10 157
10 182
10 186
10 203
10 224
10 243
10 245
10 248
10 283
10 285
10 311
10 315
10 320
10 324
10 327
10 328
10 329
10 349
10 353
10 369
10 392
10 398
11 2
11 18
11 59
11 62
11 66
11 68
11 103
11 107
11 115
11 120
11 122
11 124
11 130
11 134
11 137
11 153
11 176
11 177
11 207
11 222
11 231
11 235
11 254
11 269
11 275
11 276
11 294
11 304
11 310
11 338
11 354
11 358
11 370
11 377
12 3
12 4
12 22
12 26
12 28
12 32
12 42
12 49
12 54
12 56
12 67
12 72
12 81
12 116
12 118
12 119
12 121
12 164
12 167
12 179
12 216
12 227
12 230
12 261
12 267
12 277
12 278
12 319
12 332
12 347
12 356
12 364
12 387
13 6
13 14
13 83
13 113
13 249
13 252
13 258
13 268
13 297
13 321
13 322
13 348
13 380
13 382
14 17
14 24
14 52
14 162
14 188
14 212
14 262
14 264
14 265
14 266
14 288
14 307
14 308
14 317
14 383
