0 5
0 13
0 20
0 37
0 45
0 47
0 53
0 79
0 87
0 92
0 111
0 126
0 129
0 135
0 136
0 142
0 147
0 172
0 191
0 197
0 221
0 226
0 244
0 246
0 251
0 255
0 274
0 303
0 306
0 331
0 333
0 352
0 363
0 375
0 386
1 2
1 11
1 38
1 46
1 61
1 63
1 86
1 98
1 99
1 102
1 103
1 114
1 173
1 182
1 203
1 224
1 243
1 245
1 254
1 283
1 285
1 290
1 311
1 327
1 329
1 353
1 377
1 395
1 398
2 17
2 24
2 52
2 113
2 176
2 188
2 249
2 252
2 265
2 266
2 268
2 269
2 288
2 297
2 321
2 322
2 348
2 380
2 383
3 3
3 4
3 22
3 28
3 42
3 81
3 116
3 119
3 121
3 216
3 227
3 232
3 277
3 319
3 332
3 356
3 371
3 387
4 7
4 51
4 59
4 117
4 145
4 168
4 192
4 200
4 219
4 291
4 298
4 336
4 346
4 354
4 362
4 365
5 12
5 31
5 93
5 149
5 162
5 185
5 193
5 196
5 202
5 205
5 379
6 19
6 25
6 35
6 77
6 91
6 100
6 143
6 163
6 166
6 183
6 201
6 241
6 259
6 263
6 272
6 279
6 287
6 302
6 314
6 340
6 381
6 385
7 1
7 8
7 21
7 50
7 55
7 71
7 80
7 96
7 104
7 106
7 123
7 158
7 160
7 180
7 190
7 212
7 220
7 236
7 238
7 239
7 250
7 264
7 307
7 308
7 318
7 345
7 372
7 388
7 389
8 6
8 14
8 58
8 75
8 83
8 127
8 152
8 170
8 178
8 194
8 237
8 258
8 280
8 355
8 382
9 23
9 27
9 60
9 112
9 132
9 137
9 141
9 146
9 153
9 198
9 214
9 222
9 234
9 240
9 262
9 270
9 281
9 284
9 292
9 293
9 300
9 304
9 317
9 325
9 344
9 368
9 397
10 9
10 64
10 65
10 73
10 76
10 90
10 105
10 110
10 125
10 186
10 248
10 301
10 320
10 323
10 324
10 328
10 349
10 369
10 392
10 394
11 30
11 33
11 36
11 43
11 70
11 88
11 150
11 156
11 157
11 174
11 175
11 211
11 223
11 233
11 260
11 271
11 289
11 312
11 315
11 326
11 335
11 366
11 393
12 0
12 29
12 85
12 128
12 187
12 189
12 208
12 215
12 228
12 242
12 247
12 253
12 282
12 295
12 367
12 374
12 378
12 399
13 10
13 15
13 39
13 57
13 78
13 89
13 94
13 97
13 140
13 161
13 181
13 199
13 217
13 273
13 286
13 299
13 305
13 313
13 334
13 339
13 342
13 357
14 26
14 32
14 49
14 54
14 56
14 72
14 118
14 144
14 164
14 167
14 169
14 179
14 225
14 230
14 261
14 267
14 278
14 347
14 364
14 376
15 34
15 41
15 48
15 101
15 138
15 165
15 171
15 257
15 309
15 316
15 341
15 343
15 373
16 16
16 18
16 62
16 66
16 68
16 107
16 109
16 115
16 120
16 122
16 124
16 130
16 131
16 134
16 177
16 207
16 213
16 231
16 235
16 275
16 276
16 294
16 310
16 338
16 350
16 358
16 360
16 361
16 370
16 390
16 396
17 40
17 44
17 67
17 69
17 74
17 82
17 84
17 95
17 108
17 133
17 139
17 148
17 151
17 154
17 155
17 159
17 184
17 195
17 204
17 206
17 209
17 210
17 218
17 229
17 256
17 296
17 330
17 337
17 351
17 359
17 384
17 391
