0 34
0 41
0 48
0 101
0 138
0 192
0 219
0 228
0 257
0 295
0 309
0 316
0 341
0 362
0 373
0 374
1 5
1 13
1 45
1 79
1 92
1 135
1 136
1 147
1 191
1 251
1 255
1 303
1 306
1 331
1 333
1 352
1 375
1 386
2 6
2 14
2 58
2 75
2 83
2 152
2 169
2 170
2 178
2 194
2 225
2 237
2 258
2 280
2 355
2 382
3 64
3 65
3 110
3 125
3 186
3 248
3 320
3 324
3 328
3 349
3 369
3 392
4 50
4 60
4 112
4 123
4 132
4 141
4 160
4 190
4 198
4 220
4 234
4 240
4 262
4 270
4 281
4 284
4 292
4 293
4 308
4 317
4 344
4 368
4 397
5 25
5 35
5 53
5 77
5 91
5 100
5 143
5 163
5 166
5 183
5 201
5 241
5 249
5 259
5 263
5 272
5 287
5 302
5 314
5 340
5 350
5 380
5 381
5 385
6 18
6 59
6 66
6 68
6 69
6 103
6 107
6 109
6 117
6 120
6 122
6 124
6 134
6 145
6 159
6 172
6 200
6 207
6 213
6 231
6 235
6 275
6 276
6 336
6 337
6 354
6 358
6 361
6 365
7 33
7 43
7 70
7 88
7 150
7 157
7 174
7 175
7 211
7 233
7 260
7 271
7 298
7 312
7 315
7 326
7 335
7 393
8 2
8 11
8 38
8 55
8 86
8 98
8 99
8 114
8 182
8 203
8 224
8 236
8 243
8 245
8 254
8 283
8 290
8 311
8 329
8 353
8 377
8 395
8 398
9 23
9 24
9 27
9 62
9 113
9 115
9 130
9 137
9 146
9 153
9 176
9 177
9 188
9 214
9 222
9 252
9 265
9 266
9 268
9 269
9 294
9 297
9 300
9 304
9 310
9 321
9 322
9 325
9 338
9 339
9 348
9 370
9 383
10 10
10 15
10 39
10 57
10 78
10 89
10 94
10 97
10 140
10 161
10 181
10 199
10 217
10 273
10 286
10 299
10 305
10 313
10 334
10 342
10 357
10 371
11 0
11 29
11 85
11 128
11 187
11 189
11 208
11 215
11 242
11 247
11 253
11 282
11 367
11 378
11 399
12 3
12 4
12 22
12 28
12 32
12 42
12 49
12 54
12 56
12 67
12 72
12 81
12 116
12 118
12 119
12 121
12 164
12 167
12 179
12 195
12 216
12 227
12 230
12 232
12 261
12 267
12 277
12 278
12 319
12 332
12 347
12 356
12 387
13 17
13 52
13 71
13 104
13 106
13 162
13 180
13 212
13 239
13 264
13 288
13 307
13 388
14 1
14 8
14 21
14 40
14 44
14 74
14 80
14 84
14 95
14 96
14 108
14 133
14 139
14 148
14 151
14 154
14 155
14 158
14 184
14 206
14 209
14 210
14 229
14 238
14 250
14 296
14 330
14 345
14 351
14 359
14 372
14 384
14 389
14 391
15 12
15 31
15 93
15 149
15 185
15 193
15 196
15 202
15 205
15 318
15 379
16 9
16 46
16 61
16 63
16 73
16 76
16 90
16 102
16 105
16 165
16 171
16 173
16 204
16 285
16 301
16 323
16 327
16 343
16 394
17 16
17 20
17 26
17 37
17 47
17 82
17 87
17 111
17 126
17 127
17 129
17 131
17 142
17 144
17 197
17 218
17 221
17 226
17 244
17 246
17 256
17 274
17 360
17 363
17 364
17 376
17 390
17 396
18 7
18 19
18 30
18 36
18 51
18 156
18 168
18 223
18 279
18 289
18 291
18 346
18 366
