0 1
0 2
0 3
0 4
0 5
0 6
0 8
0 10
0 11
0 12
0 13
0 14
0 15
0 16
0 17
0 20
0 21
0 22
0 23
0 24
0 26
0 27
0 28
0 31
0 32
0 35
0 37
0 38
0 39
0 40
0 42
0 44
0 47
0 49
0 50
0 52
0 53
0 54
0 55
0 56
0 57
0 58
0 60
0 62
0 66
0 67
0 68
0 71
0 72
0 74
0 75
0 78
0 79
0 80
0 81
0 82
0 83
0 84
0 86
0 87
0 89
0 91
0 92
0 94
0 95
0 96
0 97
0 98
0 99
0 100
0 104
0 106
0 107
0 108
0 109
0 111
0 112
0 113
0 114
0 115
0 116
0 118
0 119
0 120
0 121
0 122
0 123
0 126
0 127
0 129
0 130
0 131
0 132
0 133
0 134
0 136
0 137
0 139
0 140
0 141
0 142
0 143
0 144
0 146
0 147
0 148
0 149
0 151
0 152
0 153
0 154
0 155
0 158
0 160
0 161
0 163
0 164
0 165
0 166
0 167
0 169
0 170
0 172
0 173
0 177
0 178
0 179
0 180
0 181
0 184
0 188
0 190
0 191
0 193
0 194
0 195
0 196
0 197
0 198
0 199
0 204
0 205
0 206
0 207
0 209
0 210
0 212
0 213
0 214
0 216
0 217
0 218
0 220
0 221
0 222
0 225
0 226
0 227
0 229
0 230
0 231
0 232
0 234
0 235
0 236
0 237
0 238
0 239
0 240
0 244
0 246
0 250
0 251
0 252
0 254
0 255
0 256
0 258
0 261
0 262
0 263
0 264
0 266
0 267
0 268
0 269
0 270
0 273
0 274
0 275
0 276
0 277
0 278
0 280
0 281
0 283
0 284
0 286
0 287
0 288
0 290
0 292
0 293
0 294
0 296
0 297
0 299
0 300
0 304
0 305
0 306
0 307
0 308
0 310
0 311
0 313
0 317
0 318
0 319
0 322
0 325
0 330
0 331
0 332
0 333
0 334
0 337
0 338
0 339
0 340
0 342
0 343
0 344
0 345
0 347
0 348
0 350
0 351
0 352
0 353
0 355
0 356
0 357
0 358
0 359
0 360
0 361
0 363
0 364
0 368
0 370
0 371
0 372
0 375
0 376
0 377
0 382
0 383
0 384
0 385
0 386
0 387
0 388
0 389
0 390
0 391
0 395
0 396
0 397
1 0
1 7
1 9
1 18
1 19
1 25
1 29
1 30
1 33
1 34
1 36
1 41
1 43
1 45
1 46
1 48
1 51
1 59
1 61
1 63
1 64
1 65
1 69
1 70
1 73
1 76
1 77
1 85
1 88
1 90
1 93
1 101
1 102
1 103
1 105
1 110
1 117
1 124
1 125
1 128
1 135
1 138
1 145
1 150
1 156
1 157
1 159
1 162
1 168
1 171
1 174
1 175
1 176
1 182
1 183
1 185
1 186
1 187
1 189
1 192
1 200
1 201
1 202
1 203
1 208
1 211
1 215
1 219
1 223
1 224
1 228
1 233
1 241
1 242
1 243
1 245
1 247
1 248
1 249
1 253
1 257
1 259
1 260
1 265
1 271
1 272
1 279
1 282
1 285
1 289
1 291
1 295
1 298
1 301
1 302
1 303
1 309
1 312
1 314
1 315
1 316
1 320
1 321
1 323
1 324
1 326
1 327
1 328
1 329
1 335
1 336
1 341
1 346
1 349
1 354
1 362
1 365
1 366
1 367
1 369
1 373
1 374
1 378
1 379
1 380
1 381
1 392
1 393
1 394
1 398
1 399
