0 49
0 75
0 152
0 169
0 170
0 178
0 225
0 237
0 280
0 355
1 1
1 50
1 60
1 112
1 132
1 141
1 160
1 190
1 198
1 220
1 234
1 240
1 262
1 270
1 281
1 284
1 292
1 293
1 317
1 344
1 368
1 397
2 5
2 13
2 37
2 45
2 136
2 142
2 172
2 189
2 191
2 208
2 218
2 251
2 255
2 306
2 331
2 352
2 367
2 375
2 378
2 386
3 34
3 41
3 48
3 101
3 138
3 165
3 171
3 257
3 309
3 316
3 341
3 343
3 373
4 9
4 46
4 64
4 65
4 73
4 76
4 90
4 102
4 105
4 110
4 125
4 173
4 186
4 248
4 301
4 320
4 323
4 324
4 327
4 328
4 349
4 369
4 392
4 394
5 18
5 59
5 66
5 68
5 103
5 107
5 109
5 117
5 120
5 124
5 134
5 145
5 159
5 200
5 213
5 235
5 275
5 276
5 336
5 337
5 354
5 358
5 361
5 362
5 365
6 10
6 15
6 39
6 57
6 78
6 89
6 94
6 97
6 140
6 161
6 181
6 199
6 217
6 273
6 286
6 299
6 305
6 313
6 334
6 342
6 357
6 371
7 4
7 40
7 44
7 67
7 69
7 74
7 82
7 84
7 95
7 96
7 108
7 133
7 148
7 151
7 154
7 155
7 184
7 195
7 204
7 206
7 209
7 210
7 229
7 232
7 256
7 277
7 296
7 330
7 351
7 356
7 384
7 391
8 16
8 25
8 35
8 53
8 58
8 77
8 91
8 100
8 122
8 127
8 131
8 143
8 163
8 166
8 207
8 231
8 263
8 287
8 302
8 338
8 340
8 350
8 360
8 385
8 390
8 396
9 19
9 183
9 201
9 241
9 249
9 259
9 272
9 279
9 314
9 321
9 380
9 381
10 3
10 22
10 26
10 28
10 32
10 42
10 54
10 56
10 72
10 81
10 116
10 118
10 119
10 121
10 164
10 167
10 179
10 216
10 227
10 230
10 261
10 267
10 278
10 319
10 332
10 347
10 364
10 387
11 7
11 30
11 33
11 36
11 51
11 70
11 156
11 168
11 192
11 219
11 223
11 271
11 289
11 291
11 298
11 335
11 346
11 366
12 17
12 23
12 24
12 27
12 62
12 113
12 115
12 130
12 137
12 146
12 153
12 176
12 177
12 188
12 214
12 222
12 265
12 266
12 269
12 288
12 294
12 300
12 304
12 310
12 325
12 339
12 370
12 383
13 0
13 29
13 85
13 128
13 187
13 215
13 228
13 242
13 247
13 253
13 282
13 295
13 374
13 399
14 20
14 47
14 79
14 87
14 92
14 111
14 126
14 129
14 135
14 144
14 147
14 197
14 221
14 226
14 244
14 246
14 274
14 303
14 333
14 363
14 376
15 2
15 11
15 38
15 55
15 61
15 63
15 86
15 98
15 99
15 114
15 182
15 203
15 224
15 243
15 245
15 254
15 283
15 285
15 290
15 311
15 329
15 353
15 377
15 395
15 398
16 21
16 52
16 71
16 104
16 106
16 123
16 158
16 162
16 180
16 212
16 236
16 238
16 239
16 264
16 307
16 308
16 345
16 388
16 389
17 8
17 12
17 31
17 80
17 93
17 139
17 149
17 185
17 193
17 196
17 202
17 205
17 250
17 318
17 359
17 372
17 379
18 6
18 14
18 83
18 194
18 252
18 258
18 268
18 297
18 322
18 348
18 382
19 43
19 88
19 150
19 157
19 174
19 175
19 211
19 233
19 260
19 312
19 315
19 326
19 393
