0 4
0 19
0 31
0 35
0 60
0 70
0 73
0 81
0 111
0 113
0 161
0 162
0 172
0 178
0 185
0 186
0 209
0 212
0 224
0 227
0 233
0 241
0 243
0 245
0 267
0 284
0 289
0 290
0 297
0 298
0 300
0 303
0 308
0 310
0 318
0 343
0 351
0 366
0 385
1 7
1 20
1 33
1 36
1 37
1 39
1 40
1 44
1 48
1 50
1 51
1 61
1 63
1 86
1 87
1 92
1 116
1 122
1 128
1 147
1 152
1 166
1 167
1 179
1 187
1 192
1 201
1 205
1 216
1 225
1 226
1 228
1 232
1 246
1 253
1 259
1 260
1 280
1 285
1 312
1 320
1 324
1 330
1 332
1 334
1 346
1 352
1 353
1 356
1 357
1 377
1 378
1 386
1 393
2 8
2 26
2 38
2 45
2 46
2 58
2 71
2 75
2 77
2 78
2 80
2 84
2 91
2 98
2 100
2 104
2 105
2 135
2 138
2 149
2 193
2 194
2 230
2 239
2 263
2 313
2 314
2 317
2 329
2 392
3 0
3 13
3 59
3 99
3 110
3 130
3 170
3 217
3 220
3 242
3 266
3 268
3 271
3 273
3 281
3 288
3 326
3 328
3 354
3 359
3 387
3 394
3 395
3 399
4 2
4 12
4 15
4 17
4 43
4 95
4 103
4 108
4 121
4 127
4 132
4 134
4 136
4 140
4 145
4 154
4 160
4 171
4 189
4 208
4 249
4 258
4 265
4 272
4 279
4 292
4 294
4 307
4 322
4 347
4 355
4 360
4 374
4 389
5 3
5 9
5 16
5 34
5 42
5 62
5 64
5 67
5 72
5 79
5 82
5 83
5 96
5 97
5 106
5 115
5 119
5 123
5 126
5 137
5 141
5 146
5 156
5 157
5 164
5 165
5 198
5 200
5 204
5 206
5 222
5 229
5 255
5 264
5 269
5 274
5 286
5 291
5 296
5 305
5 315
5 316
5 321
5 339
5 341
5 363
5 364
5 367
5 371
5 372
5 380
6 6
6 10
6 21
6 22
6 25
6 28
6 29
6 30
6 65
6 69
6 89
6 118
6 124
6 169
6 176
6 180
6 183
6 197
6 211
6 213
6 219
6 238
6 244
6 250
6 254
6 270
6 282
6 287
6 299
6 304
6 319
6 335
6 337
6 375
6 388
6 391
7 1
7 14
7 18
7 27
7 47
7 53
7 54
7 56
7 57
7 68
7 74
7 88
7 94
7 101
7 109
7 112
7 114
7 120
7 125
7 131
7 133
7 139
7 143
7 144
7 148
7 150
7 151
7 155
7 158
7 159
7 163
7 173
7 175
7 181
7 184
7 188
7 190
7 215
7 221
7 223
7 231
7 236
7 240
7 251
7 252
7 256
7 262
7 276
7 277
7 278
7 293
7 301
7 306
7 325
7 327
7 333
7 338
7 340
7 342
7 344
7 349
7 350
7 361
7 362
7 365
7 369
7 370
7 381
7 382
7 396
7 397
8 23
8 24
8 55
8 102
8 117
8 177
8 195
8 234
8 261
8 345
8 348
9 52
9 66
9 90
9 107
9 168
9 182
9 202
9 203
9 210
9 218
9 247
9 248
9 257
9 275
9 283
9 311
9 373
9 390
10 5
10 11
10 32
10 41
10 49
10 76
10 85
10 93
10 129
10 142
10 153
10 174
10 191
10 196
10 199
10 207
10 214
10 235
10 237
10 295
10 302
10 309
10 323
10 331
10 336
10 358
10 368
10 376
10 379
10 383
10 384
10 398
