0 50
0 72
0 78
0 81
0 94
0 116
0 120
0 161
0 176
0 181
0 183
0 209
0 216
0 232
0 236
0 240
0 261
0 264
0 267
0 269
0 273
0 276
0 284
0 293
0 313
0 325
0 338
0 348
0 370
0 380
1 0
1 30
1 34
1 51
1 59
1 85
1 109
1 126
1 142
1 165
1 166
1 189
1 191
1 200
1 201
1 204
1 228
1 242
1 255
1 274
1 316
1 321
1 323
1 331
1 333
1 336
1 352
1 354
1 361
1 381
1 382
1 386
2 8
2 24
2 80
2 84
2 108
2 182
2 203
2 212
2 249
2 265
2 289
2 290
2 294
2 307
2 334
2 345
2 349
2 351
3 9
3 16
3 17
3 49
3 63
3 101
3 103
3 115
3 130
3 172
3 175
3 187
3 192
3 197
3 207
3 219
3 223
3 226
3 259
3 266
3 281
3 295
3 315
3 337
3 355
3 357
3 360
3 365
3 368
3 375
3 378
3 383
4 6
4 12
4 33
4 36
4 38
4 46
4 55
4 61
4 65
4 70
4 76
4 90
4 95
4 102
4 114
4 125
4 149
4 186
4 193
4 205
4 224
4 235
4 239
4 245
4 260
4 298
4 320
4 322
4 329
4 353
4 366
4 377
4 379
4 398
5 29
5 41
5 43
5 48
5 105
5 135
5 145
5 157
5 208
5 272
5 285
5 301
5 309
5 314
5 326
5 328
5 373
5 374
5 394
6 2
6 11
6 64
6 73
6 93
6 104
6 171
6 196
6 257
6 291
6 343
6 389
6 392
7 71
7 77
7 91
7 98
7 99
7 100
7 117
7 134
7 140
7 153
7 168
7 173
7 174
7 252
7 258
7 279
7 312
7 327
7 335
7 346
7 358
7 362
7 393
8 19
8 88
8 96
8 106
8 121
8 122
8 123
8 124
8 127
8 137
8 141
8 158
8 178
8 180
8 190
8 194
8 199
8 206
8 214
8 220
8 233
8 241
8 283
8 303
8 317
8 340
8 350
8 384
8 395
9 22
9 32
9 37
9 39
9 53
9 54
9 62
9 87
9 92
9 111
9 118
9 119
9 128
9 136
9 147
9 151
9 163
9 170
9 188
9 215
9 218
9 221
9 225
9 247
9 253
9 263
9 280
9 282
9 297
9 302
9 304
9 341
9 399
10 7
10 15
10 66
10 86
10 89
10 110
10 132
10 160
10 162
10 177
10 185
10 211
10 238
10 248
10 254
10 292
10 296
10 299
10 310
10 311
10 324
10 359
10 369
10 372
10 391
11 1
11 3
11 4
11 5
11 13
11 28
11 35
11 40
11 44
11 56
11 57
11 67
11 69
11 74
11 75
11 79
11 82
11 83
11 107
11 131
11 133
11 138
11 144
11 148
11 154
11 155
11 156
11 159
11 164
11 167
11 169
11 184
11 198
11 213
11 222
11 227
11 231
11 243
11 244
11 251
11 256
11 262
11 270
11 277
11 278
11 300
11 306
11 319
11 332
11 342
11 356
11 363
11 364
11 367
11 376
11 387
11 390
12 10
12 21
12 23
12 27
12 31
12 52
12 60
12 68
12 112
12 113
12 139
12 146
12 195
12 202
12 210
12 229
12 234
12 250
12 271
12 275
12 308
12 318
12 330
12 344
12 388
12 397
13 14
13 18
13 20
13 25
13 26
13 42
13 45
13 47
13 58
13 97
13 129
13 143
13 150
13 152
13 179
13 217
13 230
13 237
13 246
13 268
13 286
13 287
13 288
13 305
13 339
13 347
13 371
13 385
13 396
