0 15
0 18
0 21
0 66
0 93
0 109
0 119
0 131
0 146
0 157
0 164
0 165
0 198
1 3
1 7
1 28
1 40
1 80
1 96
1 128
1 167
1 174
1 182
1 190
2 33
2 35
2 44
2 78
2 92
2 123
2 135
2 143
2 147
2 186
3 5
3 11
3 55
3 79
3 113
3 152
3 154
3 191
3 196
4 0
4 17
4 39
4 46
4 50
4 83
4 89
4 100
4 110
4 114
4 136
4 171
4 179
4 193
5 31
5 60
5 63
5 77
5 112
5 197
6 1
6 6
6 10
6 14
6 22
6 27
6 29
6 30
6 38
6 43
6 53
6 54
6 57
6 61
6 70
6 73
6 75
6 81
6 84
6 101
6 111
6 118
6 125
6 139
6 140
6 144
6 148
6 150
6 163
6 168
6 170
6 172
6 173
6 177
6 184
6 187
6 188
7 37
7 51
7 56
7 86
7 87
7 95
7 107
7 117
7 133
7 138
7 155
7 160
7 166
7 180
7 181
7 185
7 192
8 8
8 49
8 76
8 99
8 108
8 120
8 121
8 124
8 137
8 141
8 149
9 9
9 13
9 19
9 36
9 42
9 52
9 65
9 67
9 68
9 74
9 90
9 122
9 151
9 158
9 159
9 175
10 23
10 25
10 26
10 59
10 98
10 115
10 134
10 194
10 195
11 12
11 16
11 45
11 82
11 85
12 2
12 4
12 20
12 24
12 32
12 34
12 41
12 47
12 48
12 69
12 71
12 88
12 91
12 102
12 126
12 127
12 145
12 162
12 178
12 183
12 189
13 58
13 97
13 103
13 104
13 105
13 106
13 116
13 129
13 130
13 132
13 142
13 156
13 161
13 169
14 62
14 64
14 72
14 94
14 153
14 176
14 199
