0 21
0 23
0 27
0 31
0 52
0 60
0 112
0 139
0 154
0 184
0 195
0 202
0 210
0 229
0 234
0 250
0 262
0 277
0 308
0 318
0 330
0 344
0 388
0 397
1 16
1 22
1 32
1 37
1 39
1 49
1 54
1 62
1 87
1 111
1 115
1 136
1 163
1 172
1 188
1 192
1 215
1 218
1 219
1 221
1 223
1 225
1 226
1 247
1 253
1 259
1 263
1 266
1 280
1 295
1 297
1 337
1 341
1 357
1 365
1 368
1 375
1 378
1 399
2 8
2 24
2 73
2 80
2 84
2 108
2 182
2 196
2 203
2 212
2 249
2 265
2 289
2 290
2 294
2 307
2 334
2 345
2 349
2 351
3 9
3 17
3 38
3 41
3 63
3 101
3 103
3 105
3 130
3 145
3 157
3 187
3 189
3 207
3 224
3 285
3 314
3 355
3 360
3 374
3 383
3 393
4 72
4 78
4 81
4 94
4 116
4 120
4 176
4 181
4 183
4 209
4 216
4 232
4 236
4 240
4 261
4 264
4 267
4 269
4 273
4 284
4 293
4 313
4 338
4 348
4 370
4 380
5 6
5 11
5 12
5 33
5 36
5 46
5 55
5 61
5 65
5 76
5 90
5 95
5 102
5 104
5 114
5 125
5 149
5 186
5 193
5 205
5 235
5 239
5 245
5 260
5 298
5 320
5 322
5 329
5 343
5 353
5 366
5 377
5 379
5 389
5 398
6 7
6 15
6 66
6 86
6 89
6 110
6 113
6 122
6 132
6 160
6 162
6 177
6 185
6 211
6 238
6 248
6 254
6 271
6 292
6 296
6 299
6 310
6 311
6 324
6 359
6 369
6 372
6 391
7 0
7 5
7 13
7 59
7 74
7 82
7 109
7 126
7 138
7 159
7 164
7 169
7 191
7 200
7 204
7 242
7 243
7 251
7 323
7 336
7 363
7 376
8 30
8 85
8 142
8 165
8 166
8 201
8 228
8 274
8 316
8 321
8 331
8 333
8 352
8 354
8 361
8 381
8 386
8 394
9 19
9 96
9 121
9 123
9 124
9 127
9 158
9 178
9 180
9 190
9 194
9 199
9 214
9 220
9 233
9 241
9 283
9 303
9 340
9 384
9 395
10 1
10 3
10 4
10 28
10 40
10 44
10 50
10 56
10 57
10 75
10 79
10 133
10 148
10 155
10 167
10 227
10 244
10 256
10 270
10 278
10 300
10 306
10 319
10 332
10 342
10 356
10 364
10 387
11 2
11 29
11 43
11 48
11 64
11 93
11 135
11 171
11 208
11 257
11 272
11 291
11 301
11 309
11 326
11 328
11 373
11 392
12 14
12 18
12 20
12 25
12 42
12 45
12 47
12 58
12 97
12 129
12 143
12 150
12 152
12 179
12 217
12 230
12 237
12 246
12 268
12 286
12 287
12 288
12 325
12 339
12 371
12 385
12 396
13 71
13 77
13 91
13 98
13 99
13 100
13 117
13 134
13 140
13 153
13 168
13 173
13 174
13 252
13 258
13 279
13 312
13 327
13 335
13 346
13 358
13 362
14 34
14 51
14 53
14 67
14 69
14 83
14 92
14 118
14 119
14 128
14 131
14 144
14 147
14 151
14 156
14 170
14 213
14 231
14 255
14 282
14 302
14 305
14 367
14 382
15 10
15 26
15 35
15 68
15 70
15 88
15 106
15 107
15 137
15 141
15 146
15 161
15 175
15 197
15 198
15 206
15 222
15 275
15 276
15 281
15 304
15 315
15 317
15 347
15 350
15 390
