0 8
0 49
0 82
0 93
0 96
0 109
0 132
0 137
0 176
0 190
0 238
0 265
0 268
0 273
0 306
0 339
0 375
0 387
1 5
1 15
1 23
1 40
1 45
1 98
1 103
1 113
1 116
1 121
1 134
1 145
1 181
1 194
1 210
1 214
1 228
1 230
1 232
1 245
1 253
1 267
1 294
1 310
1 320
1 331
1 347
1 360
2 26
2 58
2 62
2 64
2 67
2 76
2 131
2 142
2 154
2 157
2 164
2 191
2 199
2 204
2 216
2 217
2 236
2 237
2 239
2 252
2 264
2 266
2 269
2 279
2 302
2 305
2 312
2 359
2 363
2 377
2 389
2 395
2 399
3 9
3 36
3 46
3 72
3 83
3 94
3 99
3 119
3 120
3 123
3 141
3 146
3 158
3 165
3 174
3 182
3 222
3 242
3 270
3 271
3 317
3 328
3 332
3 338
3 341
3 361
3 371
3 382
3 388
4 81
4 84
4 100
4 127
4 263
4 319
4 323
4 368
5 33
5 63
5 66
5 87
5 118
5 140
5 168
5 177
5 180
5 215
5 221
5 233
5 289
5 309
5 313
5 353
5 378
6 2
6 43
6 55
6 71
6 105
6 138
6 147
6 160
6 161
6 187
6 208
6 218
6 334
6 348
7 35
7 38
7 51
7 88
7 89
7 92
7 111
7 114
7 128
7 133
7 143
7 169
7 186
7 192
7 225
7 259
7 261
7 277
7 282
7 300
7 325
7 346
7 357
7 367
7 390
8 17
8 18
8 20
8 24
8 34
8 47
8 78
8 91
8 107
8 117
8 126
8 135
8 148
8 156
8 162
8 167
8 201
8 203
8 209
8 212
8 240
8 241
8 243
8 246
8 247
8 248
8 285
8 293
8 298
8 307
8 318
8 324
8 345
8 351
8 356
8 366
8 373
8 393
9 53
9 77
9 106
9 153
9 159
9 198
9 220
9 231
9 235
9 250
9 255
9 258
9 291
9 321
9 354
10 10
10 14
10 19
10 42
10 52
10 56
10 57
10 60
10 68
10 74
10 101
10 122
10 139
10 144
10 150
10 163
10 175
10 188
10 205
10 211
10 219
10 223
10 276
10 292
10 299
10 315
10 326
10 340
10 344
10 349
10 352
10 365
10 397
11 4
11 6
11 7
11 13
11 21
11 25
11 29
11 37
11 44
11 73
11 95
11 97
11 102
11 104
11 112
11 124
11 136
11 151
11 152
11 155
11 166
11 171
11 173
11 178
11 183
11 185
11 189
11 195
11 196
11 200
11 206
11 213
11 224
11 227
11 251
11 256
11 262
11 278
11 284
11 287
11 290
11 295
11 296
11 297
11 303
11 308
11 327
11 330
11 335
11 355
11 358
11 362
11 364
11 369
11 370
11 372
11 376
11 380
11 383
11 386
11 391
11 392
11 396
12 3
12 59
12 79
12 80
12 108
12 110
12 202
12 249
12 281
12 333
13 11
13 12
13 16
13 32
13 41
13 75
13 85
13 115
13 129
13 130
13 207
13 272
13 286
13 288
13 301
13 379
13 384
14 1
14 27
14 31
14 61
14 70
14 125
14 226
14 234
14 260
14 337
14 342
14 350
15 22
15 30
15 54
15 65
15 90
15 184
15 197
15 283
15 304
15 316
15 381
16 0
16 28
16 39
16 48
16 50
16 69
16 86
16 149
16 170
16 172
16 179
16 193
16 229
16 244
16 254
16 257
16 274
16 275
16 280
16 311
16 314
16 322
16 329
16 336
16 343
16 374
16 385
16 394
16 398
