0 1
0 4
0 27
0 28
0 40
0 44
0 50
0 57
0 133
0 148
0 155
0 169
0 184
0 227
0 270
0 278
0 300
0 306
0 319
0 332
0 342
0 356
0 363
0 364
1 33
1 36
1 38
1 65
1 71
1 91
1 99
1 100
1 134
1 140
1 153
1 168
1 193
1 346
2 5
2 13
2 34
2 51
2 59
2 67
2 69
2 82
2 83
2 109
2 126
2 131
2 144
2 147
2 156
2 159
2 164
2 170
2 191
2 200
2 213
2 242
2 251
2 255
2 336
2 367
2 376
2 382
3 9
3 17
3 49
3 54
3 101
3 111
3 136
3 163
3 187
3 188
3 192
3 218
3 219
3 226
3 259
3 280
3 295
3 341
3 355
3 368
3 378
4 6
4 12
4 46
4 55
4 76
4 90
4 95
4 102
4 114
4 125
4 138
4 149
4 182
4 186
4 204
4 205
4 224
4 235
4 239
4 243
4 245
4 260
4 298
4 320
4 322
4 323
4 329
4 353
4 366
4 377
4 398
5 78
5 96
5 116
5 120
5 137
5 181
5 183
5 206
5 209
5 216
5 232
5 236
5 240
5 250
5 261
5 267
5 273
5 276
5 283
5 284
5 338
5 348
5 370
5 380
6 29
6 43
6 48
6 105
6 135
6 145
6 165
6 208
6 272
6 301
6 309
6 314
6 326
6 328
6 373
6 392
6 394
7 10
7 19
7 35
7 68
7 70
7 88
7 106
7 107
7 122
7 141
7 146
7 161
7 175
7 190
7 197
7 198
7 222
7 229
7 271
7 275
7 281
7 315
7 317
7 340
7 347
7 350
7 384
7 390
7 395
8 18
8 25
8 42
8 45
8 58
8 81
8 150
8 176
8 179
8 217
8 230
8 246
8 268
8 269
8 287
8 288
8 293
8 313
8 325
9 2
9 11
9 61
9 64
9 73
9 93
9 104
9 171
9 196
9 257
9 289
9 291
9 343
9 379
9 389
10 7
10 15
10 66
10 86
10 89
10 113
10 132
10 160
10 177
10 185
10 203
10 211
10 238
10 248
10 254
10 292
10 296
10 299
10 310
10 311
10 324
10 359
10 369
10 372
10 391
11 8
11 24
11 80
11 84
11 108
11 212
11 249
11 265
11 290
11 294
11 307
11 334
11 345
11 349
11 351
12 3
12 14
12 47
12 56
12 72
12 75
12 79
12 94
12 143
12 152
12 167
12 237
12 244
12 256
12 264
12 286
12 339
12 385
12 387
12 396
13 0
13 30
13 85
13 92
13 119
13 142
13 151
13 166
13 201
13 228
13 253
13 274
13 302
13 321
13 331
13 333
13 352
13 354
13 361
13 381
13 386
14 41
14 63
14 103
14 130
14 157
14 189
14 207
14 285
14 316
14 360
14 374
14 383
14 393
15 16
15 20
15 22
15 26
15 32
15 37
15 39
15 53
15 62
15 87
15 97
15 115
15 118
15 128
15 129
15 172
15 215
15 221
15 223
15 225
15 231
15 247
15 263
15 266
15 282
15 297
15 304
15 305
15 337
15 357
15 365
15 371
15 375
15 399
16 21
16 23
16 31
16 52
16 60
16 74
16 112
16 139
16 154
16 195
16 202
16 210
16 234
16 262
16 277
16 308
16 318
16 330
16 344
16 388
16 397
17 121
17 123
17 124
17 127
17 158
17 162
17 178
17 180
17 194
17 199
17 214
17 220
17 233
17 241
17 303
18 77
18 98
18 110
18 117
18 173
18 174
18 252
18 258
18 279
18 312
18 327
18 335
18 358
18 362
