0 7
0 15
0 19
0 66
0 68
0 78
0 88
0 89
0 96
0 106
0 110
0 113
0 116
0 120
0 121
0 122
0 123
0 124
0 127
0 132
0 137
0 141
0 146
0 158
0 161
0 162
0 176
0 178
0 180
0 183
0 185
0 190
0 194
0 199
0 206
0 209
0 211
0 214
0 216
0 220
0 229
0 232
0 233
0 236
0 238
0 240
0 241
0 248
0 250
0 254
0 261
0 269
0 271
0 273
0 275
0 276
0 283
0 284
0 292
0 293
0 296
0 299
0 303
0 310
0 311
0 313
0 315
0 317
0 324
0 340
0 348
0 350
0 359
0 369
0 370
0 372
0 380
0 384
0 391
0 395
1 0
1 1
1 3
1 4
1 5
1 10
1 13
1 14
1 16
1 18
1 20
1 22
1 25
1 26
1 27
1 28
1 30
1 32
1 34
1 35
1 37
1 39
1 40
1 42
1 44
1 45
1 47
1 49
1 50
1 51
1 53
1 54
1 56
1 57
1 58
1 59
1 62
1 67
1 69
1 70
1 72
1 74
1 75
1 79
1 81
1 82
1 83
1 85
1 87
1 92
1 94
1 97
1 107
1 109
1 111
1 115
1 118
1 119
1 126
1 128
1 129
1 131
1 133
1 136
1 138
1 142
1 143
1 144
1 147
1 148
1 150
1 151
1 152
1 155
1 156
1 159
1 163
1 164
1 165
1 166
1 167
1 169
1 170
1 172
1 175
1 179
1 181
1 184
1 188
1 191
1 192
1 197
1 198
1 200
1 201
1 204
1 207
1 213
1 215
1 217
1 218
1 219
1 221
1 222
1 223
1 225
1 226
1 227
1 228
1 230
1 231
1 237
1 242
1 244
1 246
1 247
1 251
1 253
1 255
1 256
1 259
1 263
1 264
1 266
1 267
1 268
1 270
1 274
1 277
1 278
1 280
1 281
1 282
1 286
1 287
1 288
1 295
1 297
1 300
1 302
1 304
1 305
1 306
1 319
1 323
1 325
1 331
1 332
1 333
1 336
1 337
1 338
1 339
1 341
1 342
1 347
1 352
1 354
1 356
1 357
1 360
1 361
1 363
1 364
1 365
1 367
1 368
1 371
1 375
1 376
1 378
1 381
1 382
1 385
1 386
1 387
1 390
1 396
1 399
2 2
2 9
2 17
2 29
2 38
2 41
2 43
2 48
2 63
2 64
2 77
2 91
2 93
2 98
2 99
2 100
2 101
2 103
2 104
2 105
2 117
2 130
2 134
2 135
2 145
2 153
2 157
2 171
2 173
2 174
2 187
2 189
2 193
2 196
2 208
2 224
2 252
2 257
2 258
2 260
2 272
2 279
2 285
2 291
2 301
2 309
2 312
2 314
2 316
2 321
2 326
2 327
2 328
2 335
2 346
2 355
2 358
2 362
2 373
2 374
2 383
2 392
2 393
2 394
3 6
3 8
3 11
3 12
3 21
3 23
3 24
3 31
3 33
3 36
3 46
3 52
3 55
3 60
3 61
3 65
3 71
3 73
3 76
3 80
3 84
3 86
3 90
3 95
3 102
3 108
3 112
3 114
3 125
3 139
3 140
3 149
3 154
3 160
3 168
3 177
3 182
3 186
3 195
3 202
3 203
3 205
3 210
3 212
3 234
3 235
3 239
3 243
3 245
3 249
3 262
3 265
3 289
3 290
3 294
3 298
3 307
3 308
3 318
3 320
3 322
3 329
3 330
3 334
3 343
3 344
3 345
3 349
3 351
3 353
3 366
3 377
3 379
3 388
3 389
3 397
3 398
