0 9
0 16
0 17
0 20
0 22
0 25
0 26
0 32
0 37
0 39
0 45
0 49
0 53
0 54
0 58
0 62
0 87
0 97
0 101
0 111
0 115
0 118
0 128
0 129
0 136
0 150
0 151
0 163
0 170
0 172
0 175
0 188
0 192
0 197
0 207
0 215
0 218
0 219
0 220
0 221
0 223
0 225
0 226
0 228
0 247
0 253
0 259
0 263
0 266
0 280
0 281
0 282
0 287
0 295
0 297
0 302
0 304
0 305
0 315
0 331
0 337
0 341
0 347
0 355
0 357
0 360
0 365
0 368
0 371
0 375
0 378
0 399
1 2
1 11
1 29
1 33
1 36
1 38
1 41
1 43
1 48
1 63
1 64
1 71
1 77
1 91
1 93
1 98
1 99
1 100
1 103
1 104
1 105
1 117
1 130
1 134
1 135
1 145
1 153
1 157
1 171
1 173
1 174
1 187
1 189
1 193
1 196
1 208
1 224
1 252
1 257
1 258
1 260
1 272
1 279
1 285
1 291
1 301
1 309
1 312
1 314
1 316
1 321
1 326
1 327
1 328
1 335
1 343
1 346
1 358
1 362
1 373
1 374
1 383
1 389
1 392
1 393
1 394
2 18
2 19
2 42
2 72
2 78
2 81
2 88
2 94
2 96
2 106
2 116
2 120
2 121
2 123
2 124
2 127
2 137
2 141
2 146
2 158
2 161
2 176
2 178
2 179
2 180
2 181
2 183
2 190
2 194
2 199
2 206
2 209
2 214
2 216
2 217
2 230
2 232
2 233
2 236
2 237
2 240
2 241
2 246
2 250
2 261
2 264
2 267
2 268
2 269
2 273
2 276
2 283
2 284
2 286
2 288
2 293
2 303
2 313
2 317
2 325
2 338
2 340
2 348
2 350
2 370
2 380
2 384
2 385
2 395
3 7
3 8
3 15
3 21
3 24
3 60
3 65
3 66
3 68
3 73
3 80
3 84
3 86
3 89
3 108
3 110
3 113
3 114
3 122
3 132
3 140
3 160
3 162
3 168
3 177
3 182
3 185
3 195
3 203
3 205
3 211
3 212
3 229
3 234
3 238
3 245
3 248
3 249
3 254
3 265
3 271
3 275
3 289
3 290
3 292
3 294
3 296
3 299
3 307
3 310
3 311
3 320
3 322
3 324
3 330
3 334
3 345
3 349
3 351
3 359
3 369
3 372
3 379
3 391
4 0
4 1
4 3
4 4
4 5
4 6
4 10
4 12
4 13
4 14
4 23
4 27
4 28
4 30
4 31
4 34
4 35
4 40
4 44
4 46
4 47
4 50
4 51
4 52
4 55
4 56
4 57
4 59
4 61
4 67
4 69
4 70
4 74
4 75
4 76
4 79
4 82
4 83
4 85
4 90
4 92
4 95
4 102
4 107
4 109
4 112
4 119
4 125
4 126
4 131
4 133
4 138
4 139
4 142
4 143
4 144
4 147
4 148
4 149
4 152
4 154
4 155
4 156
4 159
4 164
4 165
4 166
4 167
4 169
4 184
4 186
4 191
4 198
4 200
4 201
4 202
4 204
4 210
4 213
4 222
4 227
4 231
4 235
4 239
4 242
4 243
4 244
4 251
4 255
4 256
4 262
4 270
4 274
4 277
4 278
4 298
4 300
4 306
4 308
4 318
4 319
4 323
4 329
4 332
4 333
4 336
4 339
4 342
4 344
4 352
4 353
4 354
4 356
4 361
4 363
4 364
4 366
4 367
4 376
4 377
4 381
4 382
4 386
4 387
4 388
4 390
4 396
4 397
4 398
