0 29
0 30
0 41
0 43
0 48
0 63
0 64
0 85
0 103
0 105
0 135
0 142
0 145
0 157
0 165
0 166
0 171
0 189
0 201
0 204
0 208
0 228
0 272
0 274
0 291
0 301
0 309
0 314
0 316
0 321
0 323
0 326
0 328
0 331
0 352
0 354
0 361
0 373
0 374
0 383
0 386
0 392
0 394
1 7
1 8
1 15
1 24
1 66
1 80
1 84
1 86
1 89
1 108
1 110
1 113
1 122
1 132
1 160
1 162
1 177
1 182
1 185
1 195
1 203
1 205
1 211
1 212
1 234
1 238
1 248
1 249
1 254
1 265
1 290
1 292
1 294
1 296
1 299
1 307
1 310
1 311
1 320
1 324
1 330
1 334
1 345
1 349
1 351
1 359
1 369
1 372
1 391
2 0
2 1
2 3
2 4
2 5
2 6
2 10
2 13
2 14
2 21
2 23
2 27
2 28
2 31
2 34
2 35
2 40
2 44
2 47
2 50
2 51
2 52
2 55
2 56
2 57
2 59
2 60
2 67
2 69
2 70
2 72
2 74
2 75
2 76
2 79
2 82
2 83
2 92
2 94
2 95
2 102
2 107
2 109
2 112
2 114
2 119
2 125
2 126
2 131
2 133
2 138
2 139
2 143
2 144
2 147
2 148
2 149
2 152
2 154
2 155
2 156
2 159
2 164
2 167
2 169
2 184
2 186
2 191
2 198
2 200
2 202
2 210
2 213
2 222
2 227
2 231
2 235
2 237
2 239
2 242
2 243
2 244
2 245
2 251
2 255
2 256
2 262
2 270
2 277
2 278
2 286
2 298
2 300
2 306
2 308
2 318
2 319
2 332
2 333
2 336
2 339
2 342
2 344
2 353
2 356
2 363
2 364
2 366
2 367
2 376
2 377
2 381
2 382
2 387
2 388
2 390
2 396
2 397
2 398
3 19
3 68
3 78
3 81
3 88
3 96
3 106
3 116
3 120
3 121
3 123
3 124
3 127
3 137
3 141
3 146
3 158
3 161
3 176
3 178
3 179
3 180
3 181
3 183
3 190
3 194
3 199
3 206
3 209
3 214
3 216
3 217
3 220
3 229
3 230
3 232
3 233
3 236
3 240
3 241
3 246
3 250
3 261
3 264
3 267
3 268
3 269
3 271
3 273
3 275
3 276
3 283
3 284
3 288
3 293
3 303
3 313
3 317
3 325
3 338
3 340
3 348
3 350
3 370
3 380
3 384
3 385
3 395
4 9
4 16
4 17
4 18
4 20
4 22
4 25
4 26
4 32
4 37
4 39
4 42
4 45
4 49
4 53
4 54
4 58
4 62
4 87
4 97
4 101
4 111
4 115
4 118
4 128
4 129
4 136
4 150
4 151
4 163
4 170
4 172
4 175
4 187
4 188
4 192
4 197
4 207
4 215
4 218
4 219
4 221
4 223
4 225
4 226
4 247
4 253
4 259
4 263
4 266
4 280
4 281
4 282
4 287
4 295
4 297
4 302
4 304
4 305
4 315
4 337
4 341
4 347
4 355
4 357
4 360
4 365
4 368
4 371
4 375
4 378
4 399
5 2
5 11
5 12
5 33
5 36
5 38
5 46
5 61
5 65
5 71
5 73
5 77
5 90
5 91
5 93
5 98
5 99
5 100
5 104
5 117
5 130
5 134
5 140
5 153
5 168
5 173
5 174
5 193
5 196
5 224
5 252
5 257
5 258
5 260
5 279
5 285
5 289
5 312
5 322
5 327
5 329
5 335
5 343
5 346
5 358
5 362
5 379
5 389
5 393
