0 9
0 13
0 19
0 36
0 42
0 62
0 64
0 65
0 67
0 74
0 90
0 94
0 99
0 122
0 141
0 151
0 153
0 158
0 159
0 175
0 176
0 198
0 199
1 1
1 2
1 4
1 6
1 10
1 14
1 22
1 27
1 29
1 30
1 34
1 38
1 41
1 43
1 47
1 48
1 52
1 53
1 54
1 57
1 61
1 68
1 69
1 70
1 71
1 73
1 75
1 81
1 84
1 87
1 88
1 91
1 101
1 102
1 111
1 118
1 125
1 126
1 139
1 140
1 144
1 145
1 148
1 150
1 163
1 168
1 170
1 172
1 173
1 177
1 178
1 183
1 184
1 187
1 188
2 5
2 8
2 11
2 49
2 55
2 76
2 79
2 100
2 113
2 120
2 121
2 124
2 149
2 152
2 154
2 182
2 191
2 196
3 23
3 25
3 26
3 32
3 58
3 59
3 97
3 98
3 103
3 105
3 106
3 115
3 116
3 129
3 130
3 134
3 142
3 156
3 194
3 195
4 20
4 24
4 37
4 51
4 56
4 86
4 92
4 95
4 104
4 107
4 117
4 123
4 133
4 135
4 136
4 138
4 147
4 155
4 160
4 161
4 162
4 166
4 169
4 180
4 181
4 185
4 189
4 192
5 0
5 7
5 15
5 17
5 18
5 21
5 28
5 40
5 66
5 72
5 80
5 83
5 89
5 93
5 96
5 108
5 109
5 119
5 127
5 128
5 131
5 132
5 137
5 146
5 157
5 164
5 165
5 171
5 174
5 179
6 3
6 12
6 16
6 45
6 82
6 85
6 167
6 190
7 31
7 33
7 35
7 39
7 44
7 46
7 50
7 60
7 63
7 77
7 78
7 110
7 112
7 114
7 143
7 186
7 193
7 197
