0 1
0 3
0 4
0 10
0 13
0 21
0 23
0 27
0 28
0 31
0 35
0 44
0 52
0 56
0 57
0 60
0 67
0 70
0 74
0 76
0 82
0 83
0 95
0 107
0 112
0 131
0 133
0 138
0 139
0 148
0 149
0 154
0 155
0 156
0 159
0 164
0 169
0 184
0 195
0 198
0 202
0 210
0 222
0 227
0 234
0 235
0 243
0 244
0 250
0 251
0 262
0 270
0 277
0 278
0 300
0 306
0 308
0 318
0 319
0 330
0 332
0 342
0 344
0 353
0 363
0 364
0 377
0 387
0 388
0 390
0 397
0 398
1 19
1 68
1 88
1 96
1 106
1 120
1 121
1 122
1 123
1 124
1 127
1 137
1 141
1 146
1 158
1 161
1 175
1 178
1 180
1 183
1 190
1 194
1 199
1 206
1 209
1 214
1 216
1 220
1 229
1 232
1 233
1 241
1 261
1 271
1 273
1 275
1 276
1 283
1 284
1 303
1 315
1 317
1 340
1 348
1 350
1 370
1 380
1 384
1 395
2 9
2 41
2 77
2 91
2 98
2 99
2 100
2 103
2 117
2 130
2 134
2 153
2 173
2 174
2 187
2 197
2 252
2 258
2 279
2 285
2 312
2 327
2 335
2 346
2 355
2 358
2 362
2 383
2 393
3 16
3 17
3 18
3 20
3 22
3 25
3 26
3 32
3 37
3 39
3 45
3 49
3 53
3 54
3 58
3 62
3 87
3 97
3 101
3 111
3 115
3 118
3 128
3 129
3 136
3 150
3 163
3 172
3 179
3 188
3 192
3 207
3 215
3 218
3 219
3 221
3 223
3 225
3 226
3 230
3 247
3 259
3 263
3 266
3 268
3 280
3 281
3 282
3 287
3 295
3 297
3 304
3 305
3 337
3 341
3 347
3 357
3 360
3 365
3 368
3 371
3 375
3 378
3 399
4 14
4 40
4 42
4 47
4 50
4 72
4 75
4 78
4 79
4 81
4 94
4 116
4 143
4 152
4 167
4 176
4 181
4 217
4 236
4 237
4 240
4 246
4 256
4 264
4 267
4 269
4 286
4 288
4 293
4 313
4 325
4 338
4 339
4 356
4 385
4 396
5 7
5 15
5 24
5 66
5 84
5 86
5 89
5 108
5 110
5 113
5 132
5 160
5 162
5 177
5 185
5 203
5 211
5 238
5 248
5 249
5 254
5 265
5 290
5 292
5 294
5 296
5 299
5 310
5 311
5 324
5 334
5 349
5 351
5 359
5 369
5 372
5 391
6 2
6 29
6 38
6 43
6 48
6 64
6 93
6 105
6 135
6 145
6 157
6 165
6 171
6 189
6 208
6 257
6 272
6 291
6 301
6 309
6 314
6 316
6 321
6 323
6 326
6 328
6 373
6 374
6 392
6 394
7 0
7 5
7 30
7 34
7 51
7 59
7 63
7 69
7 85
7 92
7 109
7 119
7 126
7 142
7 144
7 147
7 151
7 166
7 170
7 191
7 200
7 201
7 204
7 213
7 228
7 231
7 242
7 253
7 255
7 274
7 302
7 331
7 333
7 336
7 352
7 354
7 361
7 367
7 376
7 381
7 382
7 386
8 6
8 8
8 11
8 12
8 33
8 36
8 46
8 55
8 61
8 65
8 71
8 73
8 80
8 90
8 102
8 104
8 114
8 125
8 140
8 168
8 182
8 186
8 193
8 196
8 205
8 212
8 224
8 239
8 245
8 260
8 289
8 298
8 307
8 320
8 322
8 329
8 343
8 345
8 366
8 379
8 389
