0 1
0 14
0 18
0 27
0 53
0 56
0 57
0 72
0 94
0 97
0 112
0 114
0 120
0 133
0 143
0 144
0 146
0 148
0 150
0 151
0 155
0 158
0 163
0 181
0 184
0 188
0 190
0 200
0 215
0 221
0 223
0 236
0 240
0 251
0 254
0 256
0 262
0 264
0 269
0 270
0 276
0 278
0 293
0 306
0 325
0 338
0 342
0 364
0 365
0 370
0 375
0 381
0 382
0 396
0 397
1 22
1 30
1 42
1 51
1 54
1 69
1 79
1 82
1 92
1 96
1 101
1 106
1 110
1 137
1 141
1 147
1 166
1 170
1 198
1 213
1 222
1 228
1 237
1 255
1 271
1 273
1 274
1 281
1 286
1 287
1 288
1 304
1 316
1 321
1 326
1 336
1 339
1 352
1 359
1 380
1 386
1 395
1 399
2 8
2 26
2 38
2 45
2 46
2 48
2 58
2 71
2 77
2 80
2 84
2 91
2 98
2 100
2 103
2 104
2 105
2 117
2 135
2 138
2 149
2 153
2 189
2 193
2 194
2 196
2 208
2 214
2 230
2 235
2 239
2 260
2 263
2 272
2 314
2 317
2 329
2 331
2 353
2 355
2 373
2 392
3 10
3 20
3 33
3 35
3 36
3 37
3 39
3 44
3 61
3 63
3 78
3 81
3 86
3 87
3 90
3 116
3 121
3 162
3 169
3 172
3 187
3 201
3 205
3 206
3 209
3 216
3 225
3 226
3 229
3 232
3 247
3 259
3 284
3 285
3 296
3 297
3 313
3 324
3 346
3 357
3 378
3 390
3 391
4 6
4 21
4 25
4 28
4 29
4 40
4 47
4 50
4 65
4 75
4 88
4 89
4 118
4 124
4 128
4 152
4 167
4 173
4 175
4 176
4 180
4 183
4 192
4 197
4 211
4 219
4 238
4 244
4 246
4 250
4 253
4 280
4 282
4 299
4 315
4 319
4 327
4 332
4 335
4 337
4 356
4 388
4 393
5 0
5 3
5 9
5 13
5 34
5 59
5 62
5 67
5 83
5 109
5 119
5 123
5 130
5 131
5 156
5 157
5 159
5 164
5 165
5 217
5 231
5 242
5 266
5 268
5 305
5 328
5 341
5 354
5 361
5 363
5 367
5 371
5 387
5 394
6 2
6 12
6 15
6 43
6 95
6 102
6 108
6 125
6 132
6 134
6 136
6 140
6 145
6 154
6 160
6 161
6 171
6 179
6 224
6 249
6 252
6 258
6 265
6 279
6 292
6 294
6 307
6 320
6 322
6 343
6 345
6 347
6 351
6 362
6 377
6 389
7 7
7 23
7 24
7 52
7 55
7 73
7 107
7 111
7 122
7 127
7 168
7 177
7 178
7 182
7 186
7 195
7 202
7 210
7 218
7 234
7 248
7 257
7 261
7 283
7 289
7 311
7 312
7 330
7 334
7 348
8 4
8 19
8 31
8 60
8 66
8 68
8 70
8 74
8 113
8 139
8 185
8 203
8 212
8 227
8 233
8 241
8 243
8 245
8 267
8 275
8 277
8 290
8 298
8 300
8 303
8 308
8 310
8 318
8 340
8 344
8 349
8 350
8 366
8 369
8 385
9 5
9 11
9 16
9 17
9 32
9 41
9 49
9 64
9 76
9 85
9 93
9 99
9 115
9 126
9 129
9 142
9 174
9 191
9 199
9 204
9 207
9 220
9 291
9 295
9 301
9 302
9 309
9 323
9 333
9 358
9 360
9 368
9 372
9 374
9 376
9 379
9 383
9 384
9 398
