0 4
0 19
0 31
0 35
0 60
0 66
0 68
0 70
0 74
0 81
0 87
0 113
0 114
0 139
0 161
0 172
0 185
0 186
0 203
0 209
0 212
0 227
0 233
0 241
0 243
0 245
0 267
0 275
0 277
0 284
0 290
0 298
0 300
0 303
0 308
0 310
0 318
0 340
0 349
0 350
0 366
0 369
0 377
0 385
0 390
1 8
1 26
1 38
1 45
1 46
1 48
1 58
1 71
1 77
1 80
1 84
1 91
1 98
1 100
1 103
1 104
1 105
1 117
1 135
1 138
1 149
1 153
1 189
1 193
1 194
1 196
1 208
1 214
1 230
1 235
1 239
1 260
1 263
1 272
1 314
1 317
1 329
1 331
1 353
1 355
1 373
1 392
2 3
2 9
2 34
2 42
2 53
2 54
2 69
2 72
2 82
2 101
2 106
2 123
2 141
2 144
2 146
2 156
2 158
2 169
2 188
2 190
2 198
2 206
2 215
2 222
2 231
2 255
2 264
2 268
2 286
2 305
2 321
2 339
2 341
2 361
2 365
2 371
3 10
3 20
3 29
3 33
3 36
3 37
3 39
3 44
3 61
3 63
3 65
3 75
3 78
3 90
3 116
3 121
3 162
3 187
3 192
3 201
3 205
3 216
3 225
3 226
3 228
3 229
3 232
3 247
3 253
3 259
3 271
3 285
3 295
3 296
3 297
3 313
3 324
3 346
3 357
3 378
3 380
3 391
3 393
4 2
4 12
4 15
4 24
4 43
4 55
4 95
4 102
4 108
4 125
4 127
4 132
4 134
4 136
4 140
4 145
4 154
4 160
4 171
4 177
4 179
4 195
4 224
4 234
4 249
4 258
4 265
4 279
4 292
4 294
4 307
4 320
4 322
4 343
4 345
4 347
4 348
4 351
4 362
4 389
5 5
5 11
5 16
5 17
5 32
5 41
5 49
5 64
5 76
5 85
5 93
5 99
5 115
5 126
5 142
5 174
5 191
5 199
5 207
5 220
5 252
5 291
5 301
5 302
5 309
5 323
5 333
5 358
5 360
5 368
5 372
5 374
5 376
5 379
5 383
5 384
5 398
6 7
6 23
6 52
6 73
6 86
6 107
6 111
6 122
6 168
6 178
6 182
6 202
6 210
6 218
6 248
6 257
6 261
6 283
6 289
6 311
6 312
6 330
6 332
6 334
7 0
7 22
7 30
7 51
7 92
7 96
7 110
7 129
7 137
7 147
7 166
7 170
7 213
7 237
7 273
7 274
7 281
7 288
7 304
7 316
7 326
7 336
7 352
7 359
7 386
7 395
7 399
8 1
8 14
8 18
8 27
8 56
8 57
8 94
8 112
8 120
8 133
8 143
8 148
8 150
8 151
8 155
8 163
8 181
8 184
8 221
8 223
8 236
8 240
8 251
8 254
8 256
8 262
8 269
8 270
8 276
8 278
8 293
8 306
8 325
8 338
8 342
8 344
8 370
8 375
8 382
8 396
8 397
9 13
9 59
9 62
9 67
9 83
9 97
9 109
9 119
9 130
9 131
9 157
9 159
9 164
9 165
9 200
9 204
9 217
9 242
9 266
9 328
9 354
9 363
9 364
9 367
9 381
9 387
9 394
10 6
10 21
10 25
10 28
10 40
10 47
10 50
10 79
10 88
10 89
10 118
10 124
10 128
10 152
10 167
10 173
10 175
10 176
10 180
10 183
10 197
10 211
10 219
10 238
10 244
10 246
10 250
10 280
10 282
10 287
10 299
10 315
10 319
10 327
10 335
10 337
10 356
10 388
