0 22
0 30
0 51
0 92
0 96
0 110
0 137
0 147
0 166
0 170
0 198
0 213
0 237
0 271
0 273
0 274
0 281
0 288
0 304
0 316
0 326
0 336
0 352
0 359
0 380
0 386
0 395
0 399
1 2
1 12
1 15
1 43
1 93
1 95
1 108
1 125
1 132
1 134
1 136
1 140
1 145
1 154
1 160
1 161
1 171
1 179
1 224
1 249
1 252
1 258
1 265
1 279
1 292
1 294
1 298
1 322
1 343
1 347
1 351
1 362
1 366
1 377
1 389
2 6
2 21
2 25
2 28
2 40
2 88
2 118
2 124
2 128
2 152
2 167
2 173
2 176
2 180
2 183
2 197
2 201
2 211
2 219
2 238
2 246
2 250
2 253
2 287
2 299
2 319
2 335
2 337
2 393
3 26
3 29
3 33
3 45
3 48
3 58
3 61
3 75
3 78
3 116
3 121
3 216
3 226
3 230
3 232
3 260
3 263
3 285
3 295
3 313
3 320
3 346
3 353
3 357
4 0
4 3
4 9
4 34
4 42
4 62
4 67
4 82
4 106
4 123
4 131
4 141
4 156
4 164
4 217
4 222
4 231
4 242
4 255
4 268
4 286
4 305
4 321
4 341
4 361
4 363
4 371
4 387
5 66
5 90
5 107
5 127
5 178
5 186
5 202
5 203
5 210
5 243
5 257
5 261
5 267
5 275
5 310
6 27
6 47
6 50
6 53
6 54
6 69
6 79
6 94
6 101
6 169
6 175
6 188
6 190
6 215
6 244
6 254
6 270
6 276
6 280
6 282
6 293
6 315
6 327
6 339
6 365
6 388
7 8
7 38
7 46
7 71
7 77
7 80
7 84
7 91
7 98
7 100
7 103
7 104
7 105
7 117
7 135
7 138
7 149
7 153
7 193
7 194
7 196
7 208
7 214
7 235
7 239
7 272
7 314
7 317
7 329
7 331
7 355
7 373
7 392
8 1
8 14
8 18
8 56
8 57
8 72
8 97
8 112
8 120
8 133
8 143
8 144
8 148
8 150
8 151
8 155
8 158
8 159
8 163
8 181
8 184
8 200
8 221
8 223
8 236
8 240
8 251
8 256
8 262
8 264
8 269
8 278
8 306
8 325
8 338
8 342
8 364
8 370
8 375
8 381
8 382
8 396
8 397
9 23
9 24
9 55
9 73
9 102
9 177
9 195
9 234
9 289
9 307
9 345
9 348
10 13
10 59
10 64
10 83
10 109
10 115
10 119
10 130
10 142
10 157
10 165
10 191
10 204
10 220
10 266
10 301
10 328
10 333
10 354
10 367
10 394
11 5
11 11
11 16
11 17
11 32
11 41
11 49
11 76
11 85
11 99
11 126
11 129
11 174
11 189
11 199
11 207
11 291
11 302
11 309
11 323
11 358
11 360
11 368
11 372
11 374
11 376
11 379
11 383
11 384
11 398
12 7
12 20
12 52
12 86
12 89
12 111
12 122
12 168
12 182
12 218
12 248
12 283
12 311
12 312
12 330
12 332
12 334
13 4
13 19
13 31
13 60
13 68
13 70
13 74
13 113
13 139
13 185
13 212
13 227
13 233
13 241
13 245
13 277
13 290
13 300
13 303
13 308
13 318
13 340
13 344
13 349
13 350
13 369
13 385
14 10
14 35
14 36
14 37
14 39
14 44
14 63
14 65
14 81
14 87
14 114
14 146
14 162
14 172
14 187
14 192
14 205
14 206
14 209
14 225
14 228
14 229
14 247
14 259
14 284
14 296
14 297
14 324
14 356
14 378
14 390
14 391
