0 54
0 69
0 79
0 101
0 118
0 152
0 169
0 175
0 176
0 180
0 190
0 215
0 238
0 244
0 250
0 282
0 287
0 315
0 319
0 327
0 339
0 365
1 4
1 19
1 31
1 60
1 66
1 68
1 70
1 74
1 113
1 114
1 133
1 139
1 161
1 181
1 185
1 212
1 227
1 233
1 241
1 243
1 245
1 278
1 290
1 298
1 300
1 303
1 308
1 318
1 340
1 342
1 344
1 349
1 350
1 366
1 369
1 385
1 397
2 17
2 49
2 193
2 196
2 214
2 331
2 358
2 392
3 3
3 9
3 22
3 30
3 42
3 51
3 62
3 82
3 92
3 106
3 110
3 123
3 141
3 147
3 156
3 198
3 213
3 222
3 255
3 268
3 274
3 286
3 288
3 304
3 316
3 321
3 361
3 387
3 395
3 399
4 10
4 20
4 35
4 36
4 37
4 44
4 50
4 65
4 81
4 86
4 87
4 88
4 89
4 162
4 172
4 187
4 192
4 205
4 209
4 225
4 247
4 259
4 277
4 280
4 284
4 297
4 324
4 332
4 356
4 378
4 390
4 391
5 71
5 91
5 100
5 103
5 104
5 117
5 135
5 138
5 208
5 239
5 272
5 379
5 383
6 8
6 26
6 38
6 45
6 46
6 58
6 77
6 80
6 84
6 98
6 105
6 149
6 153
6 189
6 194
6 230
6 235
6 260
6 263
6 314
6 317
6 329
6 353
6 355
6 373
7 2
7 11
7 12
7 15
7 43
7 93
7 95
7 108
7 125
7 132
7 134
7 136
7 140
7 145
7 154
7 160
7 171
7 179
7 224
7 249
7 252
7 258
7 265
7 279
7 292
7 294
7 320
7 322
7 343
7 347
7 360
7 362
7 377
7 389
8 18
8 34
8 53
8 72
8 83
8 97
8 131
8 144
8 146
8 158
8 159
8 163
8 164
8 188
8 200
8 221
8 231
8 251
8 264
8 269
8 305
8 338
8 341
8 364
8 371
8 375
8 381
8 382
9 7
9 52
9 90
9 107
9 111
9 122
9 168
9 182
9 186
9 202
9 203
9 210
9 218
9 248
9 257
9 275
9 283
9 311
9 312
9 330
9 334
10 0
10 13
10 59
10 67
10 109
10 119
10 130
10 165
10 170
10 217
10 242
10 266
10 328
10 354
10 363
10 367
10 394
11 6
11 21
11 25
11 28
11 29
11 40
11 75
11 124
11 128
11 167
11 173
11 183
11 197
11 211
11 219
11 246
11 253
11 299
11 335
11 337
12 23
12 24
12 55
12 73
12 102
12 127
12 177
12 178
12 195
12 234
12 261
12 267
12 289
12 307
12 310
12 345
12 348
12 351
13 1
13 14
13 27
13 47
13 56
13 57
13 94
13 112
13 120
13 143
13 148
13 150
13 151
13 155
13 184
13 223
13 236
13 240
13 254
13 256
13 262
13 270
13 276
13 293
13 306
13 325
13 370
13 388
13 396
14 5
14 16
14 32
14 41
14 64
14 76
14 85
14 99
14 115
14 126
14 129
14 142
14 157
14 174
14 191
14 199
14 204
14 207
14 220
14 281
14 291
14 301
14 302
14 309
14 323
14 326
14 333
14 336
14 368
14 372
14 374
14 376
14 384
14 398
15 33
15 39
15 48
15 61
15 63
15 78
15 96
15 116
15 121
15 137
15 166
15 201
15 206
15 216
15 226
15 228
15 229
15 232
15 237
15 271
15 273
15 285
15 295
15 296
15 313
15 346
15 352
15 357
15 359
15 380
15 386
15 393
