0 71
0 91
0 100
0 104
0 117
0 135
0 138
0 208
0 239
0 272
0 331
1 10
1 35
1 36
1 37
1 39
1 44
1 63
1 65
1 81
1 87
1 90
1 114
1 146
1 162
1 172
1 187
1 192
1 205
1 206
1 209
1 225
1 229
1 247
1 259
1 284
1 296
1 297
1 324
1 378
1 390
1 391
2 3
2 9
2 34
2 42
2 62
2 67
2 69
2 82
2 106
2 123
2 141
2 156
2 164
2 217
2 222
2 231
2 242
2 255
2 268
2 286
2 305
2 321
2 361
2 363
2 387
3 5
3 16
3 17
3 32
3 41
3 49
3 76
3 85
3 99
3 126
3 129
3 174
3 196
3 199
3 207
3 281
3 291
3 302
3 309
3 323
3 336
3 358
3 368
3 372
3 374
3 376
3 383
3 384
3 392
3 398
4 18
4 72
4 83
4 97
4 131
4 144
4 158
4 159
4 163
4 188
4 200
4 221
4 264
4 269
4 338
4 341
4 364
4 371
4 375
4 381
4 382
5 29
5 33
5 45
5 48
5 61
5 75
5 78
5 116
5 121
5 216
5 226
5 232
5 260
5 285
5 295
5 313
5 320
5 346
5 357
6 27
6 50
6 53
6 54
6 101
6 118
6 169
6 175
6 190
6 215
6 244
6 254
6 270
6 276
6 280
6 282
6 293
6 315
6 327
6 339
6 365
6 388
7 2
7 11
7 12
7 15
7 43
7 93
7 95
7 103
7 108
7 125
7 132
7 134
7 136
7 140
7 145
7 154
7 160
7 161
7 171
7 179
7 224
7 249
7 252
7 258
7 265
7 279
7 292
7 294
7 322
7 343
7 347
7 351
7 360
7 362
7 377
7 379
7 389
8 8
8 26
8 38
8 46
8 58
8 77
8 80
8 84
8 98
8 105
8 149
8 153
8 189
8 193
8 194
8 214
8 230
8 235
8 263
8 314
8 317
8 329
8 353
8 355
8 373
9 23
9 24
9 55
9 73
9 102
9 127
9 177
9 195
9 234
9 257
9 289
9 307
9 345
9 348
10 22
10 30
10 51
10 79
10 92
10 96
10 110
10 137
10 147
10 166
10 198
10 201
10 213
10 228
10 237
10 271
10 273
10 274
10 287
10 288
10 304
10 316
10 326
10 352
10 359
10 380
10 386
10 395
10 399
11 14
11 56
11 57
11 133
11 148
11 150
11 151
11 223
11 236
11 240
11 251
11 256
11 278
11 306
11 325
11 342
11 370
11 396
12 1
12 47
12 68
12 74
12 94
12 112
12 120
12 139
12 143
12 155
12 181
12 184
12 233
12 262
12 277
12 300
12 303
12 340
12 344
12 349
12 350
12 369
12 385
12 397
13 7
13 52
13 86
13 107
13 111
13 122
13 168
13 178
13 182
13 202
13 210
13 218
13 248
13 283
13 311
13 312
13 330
13 332
13 334
14 0
14 13
14 59
14 64
14 109
14 115
14 119
14 130
14 142
14 157
14 165
14 170
14 191
14 204
14 220
14 266
14 301
14 328
14 333
14 354
14 367
14 394
15 4
15 19
15 31
15 60
15 66
15 70
15 113
15 185
15 186
15 203
15 212
15 227
15 241
15 243
15 245
15 261
15 267
15 275
15 290
15 298
15 308
15 310
15 318
15 366
16 6
16 20
16 21
16 25
16 28
16 40
16 88
16 89
16 124
16 128
16 152
16 167
16 173
16 176
16 180
16 183
16 197
16 211
16 219
16 238
16 246
16 250
16 253
16 299
16 319
16 335
16 337
16 356
16 393
