0 2
0 7
0 8
0 11
0 12
0 15
0 17
0 23
0 24
0 26
0 29
0 33
0 38
0 41
0 43
0 45
0 46
0 48
0 49
0 52
0 55
0 58
0 61
0 71
0 73
0 75
0 76
0 77
0 78
0 80
0 84
0 85
0 91
0 95
0 98
0 100
0 102
0 103
0 104
0 105
0 108
0 117
0 121
0 125
0 127
0 129
0 132
0 134
0 135
0 136
0 138
0 140
0 145
0 149
0 153
0 154
0 160
0 171
0 174
0 177
0 178
0 179
0 182
0 189
0 193
0 194
0 195
0 196
0 199
0 202
0 207
0 208
0 210
0 214
0 216
0 218
0 224
0 230
0 232
0 234
0 235
0 239
0 249
0 257
0 258
0 260
0 263
0 265
0 272
0 279
0 281
0 285
0 289
0 292
0 294
0 295
0 302
0 307
0 309
0 311
0 313
0 314
0 317
0 320
0 322
0 323
0 326
0 329
0 331
0 334
0 343
0 345
0 347
0 348
0 353
0 355
0 357
0 358
0 360
0 362
0 368
0 372
0 373
0 374
0 379
0 383
0 384
0 389
0 392
0 398
1 0
1 1
1 3
1 4
1 5
1 6
1 9
1 10
1 13
1 14
1 16
1 18
1 19
1 20
1 21
1 22
1 25
1 27
1 28
1 30
1 31
1 32
1 34
1 35
1 36
1 37
1 39
1 40
1 42
1 44
1 47
1 50
1 51
1 53
1 54
1 56
1 57
1 59
1 60
1 62
1 63
1 64
1 65
1 66
1 67
1 68
1 69
1 70
1 72
1 74
1 79
1 81
1 82
1 83
1 86
1 87
1 88
1 89
1 90
1 92
1 93
1 94
1 96
1 97
1 99
1 101
1 106
1 107
1 109
1 110
1 111
1 112
1 113
1 114
1 115
1 116
1 118
1 119
1 120
1 122
1 123
1 124
1 126
1 128
1 130
1 131
1 133
1 137
1 139
1 141
1 142
1 143
1 144
1 146
1 147
1 148
1 150
1 151
1 152
1 155
1 156
1 157
1 158
1 159
1 161
1 162
1 163
1 164
1 165
1 166
1 167
1 168
1 169
1 170
1 172
1 173
1 175
1 176
1 180
1 181
1 183
1 184
1 185
1 186
1 187
1 188
1 190
1 191
1 192
1 197
1 198
1 200
1 201
1 203
1 204
1 205
1 206
1 209
1 211
1 212
1 213
1 215
1 217
1 219
1 220
1 221
1 222
1 223
1 225
1 226
1 227
1 228
1 229
1 231
1 233
1 236
1 237
1 238
1 240
1 241
1 242
1 243
1 244
1 245
1 246
1 247
1 248
1 250
1 251
1 252
1 253
1 254
1 255
1 256
1 259
1 261
1 262
1 264
1 266
1 267
1 268
1 269
1 270
1 271
1 273
1 274
1 275
1 276
1 277
1 278
1 280
1 282
1 283
1 284
1 286
1 287
1 288
1 290
1 291
1 293
1 296
1 297
1 298
1 299
1 300
1 301
1 303
1 304
1 305
1 306
1 308
1 310
1 312
1 315
1 316
1 318
1 319
1 321
1 324
1 325
1 327
1 328
1 330
1 332
1 333
1 335
1 336
1 337
1 338
1 339
1 340
1 341
1 342
1 344
1 346
1 349
1 350
1 351
1 352
1 354
1 356
1 359
1 361
1 363
1 364
1 365
1 366
1 367
1 369
1 370
1 371
1 375
1 376
1 377
1 378
1 380
1 381
1 382
1 385
1 386
1 387
1 388
1 390
1 391
1 393
1 394
1 395
1 396
1 397
1 399
