0 0
0 3
0 5
0 9
0 13
0 16
0 22
0 30
0 32
0 34
0 42
0 51
0 54
0 59
0 62
0 64
0 67
0 69
0 72
0 79
0 82
0 83
0 92
0 93
0 96
0 97
0 99
0 106
0 109
0 110
0 115
0 119
0 123
0 126
0 129
0 130
0 131
0 137
0 141
0 142
0 144
0 147
0 156
0 157
0 158
0 159
0 164
0 165
0 166
0 170
0 174
0 188
0 191
0 198
0 200
0 204
0 206
0 213
0 217
0 220
0 222
0 231
0 237
0 242
0 255
0 264
0 266
0 268
0 269
0 273
0 274
0 281
0 286
0 287
0 288
0 291
0 301
0 304
0 305
0 316
0 321
0 323
0 326
0 328
0 333
0 336
0 339
0 341
0 352
0 354
0 359
0 361
0 363
0 364
0 367
0 368
0 371
0 376
0 381
0 382
0 386
0 387
0 394
0 395
0 399
1 1
1 4
1 6
1 7
1 10
1 14
1 18
1 19
1 20
1 21
1 25
1 27
1 28
1 31
1 35
1 36
1 37
1 39
1 40
1 44
1 47
1 50
1 52
1 53
1 56
1 57
1 60
1 63
1 65
1 66
1 68
1 70
1 73
1 74
1 81
1 86
1 87
1 88
1 89
1 90
1 94
1 101
1 107
1 111
1 112
1 113
1 114
1 116
1 118
1 120
1 122
1 124
1 125
1 128
1 133
1 134
1 139
1 143
1 146
1 148
1 150
1 151
1 152
1 155
1 160
1 161
1 162
1 163
1 167
1 168
1 169
1 172
1 173
1 175
1 176
1 178
1 179
1 180
1 181
1 183
1 184
1 185
1 186
1 187
1 190
1 192
1 197
1 201
1 203
1 205
1 209
1 210
1 211
1 212
1 215
1 216
1 218
1 219
1 221
1 223
1 225
1 226
1 227
1 228
1 229
1 232
1 233
1 234
1 236
1 238
1 240
1 241
1 243
1 244
1 245
1 246
1 247
1 248
1 250
1 251
1 252
1 253
1 254
1 256
1 259
1 261
1 262
1 267
1 270
1 271
1 275
1 276
1 277
1 278
1 280
1 282
1 283
1 284
1 290
1 292
1 293
1 296
1 297
1 298
1 299
1 300
1 303
1 306
1 308
1 310
1 311
1 312
1 315
1 318
1 319
1 322
1 324
1 325
1 327
1 330
1 332
1 334
1 335
1 337
1 338
1 340
1 342
1 344
1 346
1 347
1 349
1 350
1 351
1 356
1 362
1 365
1 366
1 369
1 370
1 375
1 377
1 378
1 380
1 385
1 388
1 390
1 391
1 393
1 396
1 397
2 2
2 8
2 11
2 12
2 15
2 17
2 23
2 24
2 26
2 29
2 33
2 38
2 41
2 43
2 45
2 46
2 48
2 49
2 55
2 58
2 61
2 71
2 75
2 76
2 77
2 78
2 80
2 84
2 85
2 91
2 95
2 98
2 100
2 102
2 103
2 104
2 105
2 108
2 117
2 121
2 127
2 132
2 135
2 136
2 138
2 140
2 145
2 149
2 153
2 154
2 171
2 177
2 182
2 189
2 193
2 194
2 195
2 196
2 199
2 202
2 207
2 208
2 214
2 224
2 230
2 235
2 239
2 249
2 257
2 258
2 260
2 263
2 265
2 272
2 279
2 285
2 289
2 294
2 295
2 302
2 307
2 309
2 313
2 314
2 317
2 320
2 329
2 331
2 343
2 345
2 348
2 353
2 355
2 357
2 358
2 360
2 372
2 373
2 374
2 379
2 383
2 384
2 389
2 392
2 398
