0 2
0 8
0 11
0 15
0 17
0 23
0 24
0 26
0 38
0 41
0 43
0 45
0 46
0 48
0 49
0 55
0 58
0 71
0 76
0 77
0 80
0 84
0 85
0 91
0 95
0 98
0 100
0 102
0 103
0 104
0 105
0 108
0 117
0 121
0 127
0 135
0 138
0 140
0 149
0 153
0 154
0 171
0 174
0 177
0 189
0 193
0 194
0 195
0 196
0 199
0 207
0 208
0 214
0 230
0 234
0 235
0 239
0 249
0 257
0 260
0 263
0 265
0 272
0 279
0 285
0 289
0 294
0 302
0 307
0 309
0 313
0 314
0 317
0 320
0 329
0 331
0 345
0 348
0 353
0 355
0 357
0 358
0 360
0 372
0 373
0 374
0 379
0 383
0 384
0 389
0 392
0 398
1 0
1 3
1 9
1 13
1 22
1 30
1 32
1 42
1 51
1 54
1 62
1 67
1 69
1 79
1 82
1 92
1 96
1 99
1 101
1 106
1 110
1 115
1 123
1 126
1 129
1 130
1 131
1 137
1 141
1 147
1 156
1 164
1 165
1 166
1 170
1 198
1 213
1 217
1 220
1 222
1 231
1 237
1 242
1 255
1 266
1 268
1 273
1 274
1 281
1 286
1 287
1 288
1 295
1 304
1 305
1 316
1 321
1 323
1 326
1 328
1 336
1 339
1 352
1 354
1 359
1 361
1 363
1 368
1 376
1 386
1 387
1 394
1 395
1 399
2 6
2 7
2 10
2 20
2 21
2 25
2 28
2 29
2 33
2 35
2 37
2 39
2 40
2 47
2 50
2 52
2 61
2 63
2 65
2 73
2 75
2 78
2 81
2 86
2 87
2 88
2 89
2 90
2 107
2 111
2 116
2 118
2 122
2 124
2 128
2 152
2 162
2 167
2 168
2 169
2 172
2 173
2 175
2 176
2 178
2 180
2 182
2 183
2 186
2 187
2 192
2 197
2 201
2 202
2 203
2 205
2 210
2 211
2 216
2 218
2 219
2 225
2 226
2 228
2 229
2 232
2 238
2 244
2 246
2 247
2 248
2 250
2 253
2 259
2 261
2 271
2 275
2 277
2 280
2 282
2 283
2 296
2 297
2 299
2 311
2 312
2 315
2 319
2 324
2 327
2 330
2 332
2 334
2 335
2 337
2 340
2 346
2 356
2 369
2 378
2 380
2 388
2 391
2 393
3 1
3 4
3 5
3 12
3 14
3 16
3 18
3 19
3 27
3 31
3 34
3 36
3 44
3 53
3 56
3 57
3 59
3 60
3 64
3 66
3 68
3 70
3 72
3 74
3 83
3 93
3 94
3 97
3 109
3 112
3 113
3 114
3 119
3 120
3 125
3 132
3 133
3 134
3 136
3 139
3 142
3 143
3 144
3 145
3 146
3 148
3 150
3 151
3 155
3 157
3 158
3 159
3 160
3 161
3 163
3 179
3 181
3 184
3 185
3 188
3 190
3 191
3 200
3 204
3 206
3 209
3 212
3 215
3 221
3 223
3 224
3 227
3 233
3 236
3 240
3 241
3 243
3 245
3 251
3 252
3 254
3 256
3 258
3 262
3 264
3 267
3 269
3 270
3 276
3 278
3 284
3 290
3 291
3 292
3 293
3 298
3 300
3 301
3 303
3 306
3 308
3 310
3 318
3 322
3 325
3 333
3 338
3 341
3 342
3 343
3 344
3 347
3 349
3 350
3 351
3 362
3 364
3 365
3 366
3 367
3 370
3 371
3 375
3 377
3 381
3 382
3 385
3 390
3 396
3 397
