0 5
0 11
0 12
0 16
0 17
0 49
0 64
0 71
0 76
0 91
0 93
0 95
0 100
0 103
0 104
0 117
0 132
0 134
0 135
0 138
0 140
0 142
0 145
0 154
0 171
0 174
0 191
0 196
0 199
0 204
0 207
0 208
0 235
0 239
0 249
0 252
0 265
0 272
0 279
0 291
0 294
0 301
0 307
0 323
0 331
0 333
0 358
0 360
0 379
0 383
0 389
0 398
1 4
1 15
1 19
1 23
1 24
1 31
1 35
1 52
1 55
1 60
1 66
1 70
1 73
1 81
1 90
1 102
1 107
1 108
1 113
1 122
1 125
1 127
1 136
1 160
1 161
1 168
1 177
1 178
1 179
1 182
1 185
1 186
1 195
1 202
1 203
1 209
1 210
1 212
1 224
1 234
1 241
1 243
1 245
1 248
1 257
1 258
1 261
1 267
1 275
1 283
1 284
1 289
1 290
1 292
1 298
1 308
1 310
1 311
1 318
1 322
1 343
1 345
1 347
1 348
1 351
1 362
1 366
1 377
1 390
2 0
2 3
2 9
2 13
2 22
2 30
2 32
2 34
2 42
2 51
2 54
2 59
2 62
2 67
2 69
2 79
2 82
2 92
2 99
2 101
2 106
2 109
2 110
2 115
2 119
2 123
2 126
2 130
2 131
2 137
2 141
2 147
2 156
2 157
2 164
2 165
2 166
2 170
2 198
2 206
2 213
2 217
2 220
2 222
2 231
2 237
2 242
2 255
2 266
2 268
2 273
2 274
2 281
2 286
2 287
2 288
2 304
2 305
2 316
2 321
2 326
2 328
2 336
2 339
2 341
2 352
2 354
2 359
2 361
2 363
2 367
2 386
2 387
2 394
2 395
2 399
3 1
3 14
3 18
3 27
3 47
3 53
3 56
3 57
3 68
3 72
3 74
3 83
3 87
3 94
3 97
3 112
3 114
3 120
3 133
3 139
3 143
3 144
3 146
3 148
3 150
3 151
3 155
3 158
3 159
3 163
3 181
3 184
3 188
3 190
3 200
3 215
3 221
3 223
3 227
3 233
3 236
3 240
3 251
3 254
3 256
3 262
3 264
3 269
3 270
3 276
3 277
3 278
3 282
3 293
3 300
3 303
3 306
3 325
3 338
3 340
3 342
3 344
3 349
3 350
3 364
3 365
3 369
3 370
3 371
3 375
3 381
3 382
3 385
3 388
3 396
3 397
4 2
4 8
4 26
4 33
4 38
4 41
4 43
4 45
4 46
4 48
4 58
4 77
4 78
4 80
4 84
4 85
4 98
4 105
4 121
4 129
4 149
4 153
4 189
4 193
4 194
4 214
4 230
4 232
4 260
4 263
4 285
4 295
4 302
4 309
4 313
4 314
4 317
4 320
4 329
4 353
4 355
4 357
4 368
4 372
4 373
4 374
4 376
4 384
4 392
5 6
5 7
5 10
5 20
5 21
5 25
5 28
5 29
5 36
5 37
5 39
5 40
5 44
5 50
5 61
5 63
5 65
5 75
5 86
5 88
5 89
5 96
5 111
5 116
5 118
5 124
5 128
5 152
5 162
5 167
5 169
5 172
5 173
5 175
5 176
5 180
5 183
5 187
5 192
5 197
5 201
5 205
5 211
5 216
5 218
5 219
5 225
5 226
5 228
5 229
5 238
5 244
5 246
5 247
5 250
5 253
5 259
5 271
5 280
5 296
5 297
5 299
5 312
5 315
5 319
5 324
5 327
5 330
5 332
5 334
5 335
5 337
5 346
5 356
5 378
5 380
5 391
5 393
