0 0
0 22
0 30
0 32
0 42
0 51
0 54
0 69
0 79
0 82
0 92
0 96
0 101
0 106
0 110
0 126
0 129
0 137
0 141
0 147
0 166
0 170
0 198
0 213
0 220
0 228
0 237
0 255
0 273
0 274
0 281
0 286
0 287
0 288
0 304
0 316
0 321
0 326
0 336
0 339
0 352
0 359
0 368
0 386
0 395
0 399
1 2
1 5
1 11
1 12
1 15
1 16
1 33
1 43
1 61
1 76
1 93
1 95
1 108
1 121
1 125
1 132
1 134
1 136
1 140
1 145
1 154
1 160
1 161
1 171
1 174
1 179
1 207
1 216
1 224
1 232
1 249
1 252
1 258
1 265
1 279
1 285
1 291
1 292
1 294
1 295
1 307
1 309
1 313
1 320
1 322
1 343
1 347
1 351
1 357
1 360
1 362
1 372
1 374
1 376
1 377
1 379
1 383
1 389
1 398
2 6
2 7
2 10
2 20
2 21
2 25
2 28
2 29
2 37
2 39
2 40
2 50
2 63
2 65
2 75
2 78
2 86
2 88
2 89
2 116
2 118
2 124
2 128
2 152
2 162
2 167
2 169
2 173
2 175
2 176
2 180
2 183
2 187
2 192
2 197
2 201
2 205
2 211
2 219
2 225
2 226
2 229
2 238
2 244
2 246
2 247
2 250
2 253
2 259
2 271
2 280
2 282
2 296
2 297
2 299
2 312
2 315
2 319
2 324
2 327
2 330
2 332
2 335
2 337
2 346
2 356
2 378
2 380
2 388
2 391
2 393
3 1
3 4
3 14
3 18
3 19
3 27
3 31
3 35
3 36
3 44
3 47
3 53
3 56
3 57
3 60
3 68
3 70
3 74
3 81
3 87
3 94
3 112
3 113
3 114
3 120
3 133
3 139
3 143
3 146
3 148
3 150
3 151
3 155
3 163
3 172
3 181
3 184
3 185
3 188
3 190
3 206
3 209
3 212
3 215
3 221
3 223
3 227
3 233
3 236
3 240
3 241
3 245
3 251
3 254
3 256
3 262
3 270
3 276
3 277
3 278
3 284
3 290
3 293
3 298
3 300
3 303
3 306
3 308
3 325
3 338
3 340
3 342
3 344
3 349
3 350
3 365
3 366
3 369
3 370
3 375
3 385
3 390
3 396
3 397
4 8
4 17
4 26
4 38
4 41
4 45
4 46
4 48
4 49
4 58
4 71
4 77
4 80
4 84
4 85
4 91
4 98
4 100
4 103
4 104
4 105
4 117
4 135
4 138
4 149
4 153
4 189
4 193
4 194
4 196
4 199
4 208
4 214
4 230
4 235
4 239
4 260
4 263
4 272
4 302
4 314
4 317
4 329
4 331
4 353
4 355
4 358
4 373
4 384
4 392
5 3
5 9
5 13
5 34
5 59
5 62
5 64
5 67
5 72
5 83
5 97
5 99
5 109
5 115
5 119
5 123
5 130
5 131
5 142
5 144
5 156
5 157
5 158
5 159
5 164
5 165
5 191
5 200
5 204
5 217
5 222
5 231
5 242
5 264
5 266
5 268
5 269
5 301
5 305
5 323
5 328
5 333
5 341
5 354
5 361
5 363
5 364
5 367
5 371
5 381
5 382
5 387
5 394
6 23
6 24
6 52
6 55
6 66
6 73
6 90
6 102
6 107
6 111
6 122
6 127
6 168
6 177
6 178
6 182
6 186
6 195
6 202
6 203
6 210
6 218
6 234
6 243
6 248
6 257
6 261
6 267
6 275
6 283
6 289
6 310
6 311
6 318
6 334
6 345
6 348
