0 0
0 3
0 9
0 22
0 30
0 42
0 51
0 54
0 62
0 67
0 69
0 79
0 82
0 92
0 96
0 101
0 106
0 110
0 123
0 137
0 141
0 147
0 156
0 166
0 198
0 213
0 222
0 228
0 237
0 242
0 255
0 268
0 273
0 274
0 286
0 287
0 288
0 304
0 316
0 321
0 339
0 352
0 359
0 361
0 363
0 386
0 387
0 395
0 399
1 6
1 10
1 20
1 21
1 25
1 28
1 29
1 39
1 40
1 47
1 50
1 63
1 65
1 75
1 78
1 86
1 88
1 89
1 116
1 118
1 124
1 128
1 152
1 167
1 169
1 173
1 175
1 176
1 180
1 183
1 187
1 192
1 197
1 201
1 211
1 219
1 226
1 238
1 244
1 246
1 250
1 253
1 271
1 280
1 282
1 296
1 299
1 315
1 319
1 327
1 332
1 335
1 337
1 346
1 356
1 378
1 380
1 388
1 391
1 393
2 5
2 13
2 16
2 17
2 32
2 41
2 49
2 64
2 76
2 85
2 99
2 115
2 126
2 129
2 130
2 142
2 157
2 165
2 170
2 174
2 191
2 199
2 204
2 207
2 220
2 266
2 281
2 291
2 295
2 301
2 302
2 323
2 326
2 328
2 333
2 336
2 354
2 358
2 368
2 372
2 376
2 384
2 394
2 398
3 8
3 26
3 38
3 45
3 46
3 48
3 58
3 71
3 77
3 80
3 84
3 91
3 98
3 100
3 103
3 104
3 105
3 117
3 135
3 138
3 149
3 153
3 189
3 193
3 194
3 196
3 208
3 214
3 230
3 235
3 239
3 260
3 263
3 272
3 314
3 317
3 329
3 331
3 353
3 355
3 373
3 392
4 7
4 23
4 24
4 52
4 55
4 73
4 90
4 107
4 111
4 122
4 127
4 168
4 177
4 178
4 182
4 186
4 195
4 202
4 210
4 218
4 234
4 247
4 248
4 257
4 261
4 283
4 289
4 311
4 312
4 330
4 334
4 348
5 1
5 14
5 18
5 27
5 34
5 53
5 56
5 57
5 59
5 72
5 83
5 94
5 97
5 109
5 112
5 119
5 120
5 131
5 133
5 143
5 144
5 146
5 148
5 150
5 151
5 155
5 158
5 159
5 163
5 164
5 181
5 184
5 188
5 190
5 200
5 206
5 215
5 217
5 221
5 223
5 231
5 236
5 240
5 251
5 254
5 256
5 262
5 264
5 269
5 270
5 276
5 278
5 293
5 305
5 306
5 325
5 338
5 341
5 342
5 364
5 365
5 367
5 370
5 371
5 375
5 381
5 382
5 396
5 397
6 2
6 11
6 12
6 15
6 33
6 43
6 61
6 93
6 95
6 102
6 108
6 121
6 125
6 132
6 134
6 136
6 140
6 145
6 154
6 160
6 171
6 179
6 216
6 224
6 232
6 249
6 252
6 258
6 265
6 279
6 285
6 292
6 294
6 307
6 309
6 313
6 320
6 322
6 343
6 345
6 347
6 351
6 357
6 360
6 362
6 374
6 377
6 379
6 383
6 389
7 4
7 19
7 31
7 35
7 36
7 37
7 44
7 60
7 66
7 68
7 70
7 74
7 81
7 87
7 113
7 114
7 139
7 161
7 162
7 172
7 185
7 203
7 205
7 209
7 212
7 225
7 227
7 229
7 233
7 241
7 243
7 245
7 259
7 267
7 275
7 277
7 284
7 290
7 297
7 298
7 300
7 303
7 308
7 310
7 318
7 324
7 340
7 344
7 349
7 350
7 366
7 369
7 385
7 390
