0 25
0 264
0 286
0 289
0 317
0 369
0 371
0 453
1 15
1 64
1 67
1 86
1 102
1 110
1 133
1 147
1 158
1 189
1 236
1 261
1 262
1 271
1 284
1 308
1 315
1 351
1 362
1 368
1 384
1 393
1 408
1 409
1 415
1 429
1 448
1 450
1 482
1 508
1 521
1 528
2 24
2 44
2 183
2 200
2 210
2 288
2 339
2 423
3 26
3 56
3 66
3 78
3 217
3 238
3 245
3 259
3 269
3 302
3 358
3 367
3 370
3 380
3 402
3 489
3 499
4 5
4 60
4 143
4 171
4 204
4 275
4 277
4 281
4 296
4 311
4 325
4 432
4 445
4 455
4 458
4 481
4 485
4 526
4 530
5 0
5 16
5 22
5 41
5 52
5 84
5 91
5 123
5 135
5 139
5 142
5 164
5 178
5 185
5 202
5 267
5 359
5 392
5 403
5 420
5 442
5 460
5 486
6 27
6 42
6 71
6 85
6 95
6 136
6 156
6 173
6 175
6 187
6 192
6 213
6 224
6 240
6 252
6 276
6 326
6 404
6 466
6 473
6 496
6 515
6 529
7 68
7 106
7 107
7 138
7 219
7 304
7 321
7 324
7 328
7 352
7 396
7 401
7 412
7 425
7 474
7 490
8 28
8 31
8 58
8 119
8 150
8 157
8 188
8 229
8 234
8 242
8 399
8 472
8 478
8 504
9 3
9 38
9 39
9 53
9 121
9 152
9 154
9 162
9 166
9 179
9 195
9 233
9 241
9 272
9 298
9 353
9 357
9 378
9 379
9 391
9 444
9 459
9 462
9 480
9 488
9 497
10 124
10 174
10 493
11 61
11 75
11 81
11 114
11 132
11 148
11 167
11 206
11 221
11 248
11 375
11 387
11 390
11 411
11 433
11 440
11 449
11 457
12 21
12 30
12 37
12 45
12 97
12 105
12 126
12 145
12 170
12 180
12 208
12 222
12 249
12 250
12 283
12 292
12 295
12 318
12 346
12 360
12 434
12 491
12 506
12 509
12 519
13 50
13 177
13 194
13 263
14 48
14 146
14 172
14 184
14 254
14 278
14 310
14 400
14 443
14 512
14 524
15 19
15 40
15 74
15 98
15 101
15 149
15 181
15 207
15 211
15 257
15 260
15 265
15 327
15 329
15 337
15 345
15 348
15 364
15 407
15 418
15 501
15 518
16 2
16 6
16 8
16 20
16 32
16 90
16 120
16 131
16 151
16 197
16 216
16 230
16 293
16 297
16 341
16 363
16 414
16 456
16 468
16 487
16 505
17 54
17 117
17 125
17 223
17 227
17 301
17 343
17 413
17 416
17 417
17 422
17 437
17 492
17 517
17 532
18 9
18 46
18 62
18 65
18 82
18 87
18 99
18 103
18 118
18 130
18 165
18 168
18 176
18 196
18 212
18 268
18 300
18 305
18 338
18 344
18 349
18 366
18 385
18 446
18 451
18 452
18 465
18 503
18 533
