0 2
0 23
0 63
0 103
0 107
0 158
0 166
0 188
0 264
0 295
0 301
0 353
0 452
0 461
1 0
1 16
1 25
1 29
1 34
1 38
1 44
1 49
1 57
1 84
1 86
1 91
1 105
1 108
1 121
1 124
1 139
1 145
1 155
1 156
1 170
1 174
1 176
1 178
1 181
1 182
1 185
1 190
1 209
1 210
1 215
1 222
1 229
1 235
1 278
1 305
1 313
1 316
1 332
1 340
1 346
1 369
1 375
1 382
1 384
1 395
1 406
1 443
1 455
1 480
1 501
1 515
1 525
1 532
2 106
2 219
2 246
2 358
2 472
2 484
3 64
3 223
3 233
3 294
3 311
3 321
3 410
3 456
3 462
3 494
3 517
3 518
3 519
3 534
4 54
4 76
4 104
4 177
4 195
4 242
4 261
4 263
4 302
4 338
4 364
4 378
4 432
4 530
5 276
5 418
5 464
6 62
6 119
6 286
6 312
6 387
7 14
7 17
7 19
7 101
7 120
7 149
7 154
7 159
7 171
7 184
7 204
7 205
7 208
7 236
7 238
7 243
7 255
7 257
7 268
7 304
7 335
7 388
7 390
7 400
7 429
7 470
7 503
7 514
8 5
8 39
8 50
8 59
8 71
8 99
8 110
8 127
8 128
8 172
8 194
8 240
8 401
8 425
8 435
8 526
9 27
9 30
9 40
9 75
9 77
9 136
9 189
9 250
9 270
9 289
9 303
9 317
9 343
9 348
9 360
9 363
9 368
9 380
9 394
9 423
9 426
9 444
9 449
9 465
9 492
9 499
9 504
9 527
10 6
10 24
10 47
10 74
10 97
10 144
10 197
10 198
10 252
10 254
10 269
10 277
10 284
10 291
10 298
10 314
10 383
10 389
10 404
10 409
10 438
10 448
10 485
11 8
11 68
11 191
11 196
11 251
11 262
11 287
11 374
11 412
11 458
12 9
12 48
12 80
12 207
12 234
12 245
12 272
12 290
12 381
12 391
12 420
13 3
13 12
13 61
13 73
13 78
13 114
13 267
13 296
13 328
13 372
13 379
13 396
13 433
13 463
14 26
14 32
14 37
14 55
14 56
14 111
14 118
14 123
14 130
14 134
14 164
14 175
14 292
14 307
14 309
14 318
14 327
14 329
14 341
14 397
14 399
14 415
14 416
14 453
14 482
14 497
14 511
14 528
15 11
15 45
15 51
15 100
15 133
15 148
15 206
15 239
15 249
15 281
15 377
15 407
15 411
15 457
15 466
15 475
15 486
15 487
15 507
15 521
16 67
16 87
16 116
16 147
16 200
16 293
16 299
16 320
16 355
16 392
16 442
17 46
17 53
17 81
17 125
17 131
17 132
17 150
17 192
17 202
17 232
17 279
17 315
17 324
17 331
17 345
17 351
17 385
17 430
17 510
18 13
18 146
18 157
18 169
18 179
18 212
18 216
18 224
18 288
18 325
18 339
18 367
18 376
18 386
18 405
18 496
19 31
19 42
19 65
19 221
19 248
19 271
19 300
19 330
19 402
19 408
19 422
19 446
19 474
19 490
19 516
19 520
19 524
19 533
