0 7
0 18
0 26
0 51
0 66
0 75
0 96
0 97
0 124
0 136
0 162
0 178
0 181
0 215
0 218
0 238
0 269
0 336
0 341
0 349
0 355
0 361
0 363
0 383
0 385
0 402
0 447
0 470
0 489
0 502
0 511
0 523
0 533
1 49
1 87
1 100
1 105
1 129
1 139
1 199
1 283
1 335
1 338
1 345
1 373
1 394
1 481
1 515
2 17
2 19
2 37
2 69
2 74
2 95
2 146
2 165
2 194
2 227
2 270
2 275
2 397
2 404
2 405
2 416
2 421
2 433
2 438
2 507
2 514
2 529
3 9
3 23
3 30
3 44
3 45
3 50
3 65
3 101
3 117
3 121
3 166
3 209
3 217
3 262
3 328
3 339
3 367
3 370
3 374
3 381
3 387
3 403
3 426
3 449
3 459
3 492
3 520
3 526
4 38
4 63
4 119
4 133
4 144
4 188
4 221
4 236
4 261
4 272
4 289
4 313
4 320
4 364
4 400
4 422
4 431
4 452
4 503
4 525
4 532
5 28
5 47
5 56
5 58
5 68
5 77
5 86
5 92
5 123
5 128
5 147
5 155
5 164
5 182
5 185
5 195
5 196
5 211
5 239
5 271
5 286
5 295
5 312
5 315
5 321
5 324
5 331
5 350
5 360
5 377
5 388
5 389
5 390
5 396
5 401
5 406
5 407
5 418
5 423
5 429
5 457
5 465
5 472
5 496
5 510
5 512
5 535
6 73
6 170
6 291
6 292
6 310
6 417
6 469
6 500
6 501
6 516
7 39
7 216
7 369
7 435
7 462
7 467
7 479
8 11
8 42
8 93
8 99
8 103
8 108
8 120
8 137
8 187
8 197
8 213
8 314
8 475
8 483
8 490
8 519
9 118
9 208
9 251
9 267
9 299
9 311
9 330
9 379
9 414
9 497
9 499
9 504
10 22
10 62
10 90
10 131
10 158
10 210
10 223
10 224
10 255
10 264
10 268
10 282
10 296
10 297
10 300
10 302
10 351
10 382
10 399
10 412
10 439
10 461
10 468
11 14
11 43
11 52
11 59
11 67
11 82
11 84
11 104
11 112
11 115
11 135
11 152
11 173
11 174
11 175
11 176
11 198
11 225
11 229
11 233
11 235
11 242
11 243
11 247
11 249
11 254
11 281
11 304
11 326
11 334
11 340
11 384
11 391
11 415
11 420
11 432
11 444
11 445
11 463
11 464
11 466
11 477
11 498
11 509
11 518
11 521
11 522
12 13
12 61
12 78
12 127
12 149
12 301
12 375
12 380
12 408
12 440
12 446
12 448
13 5
13 200
13 205
13 214
13 232
13 248
13 253
13 278
13 293
13 294
13 353
13 362
13 453
13 491
13 534
14 27
14 53
14 80
14 81
14 98
14 102
14 113
14 134
14 154
14 168
14 202
14 240
14 290
14 309
14 327
14 393
14 443
14 505
14 524
14 530
15 21
15 46
15 60
15 64
15 70
15 111
15 138
15 150
15 180
15 189
15 204
15 207
15 234
15 241
15 257
15 266
15 276
15 305
15 332
15 352
15 358
15 376
15 409
15 437
15 478
16 16
16 29
16 34
16 106
16 107
16 114
16 122
16 169
16 177
16 250
16 318
16 325
16 372
16 378
16 386
16 395
16 456
16 458
16 493
16 528
17 2
17 3
17 6
17 12
17 24
17 25
17 31
17 57
17 76
17 85
17 110
17 126
17 132
17 142
17 148
17 159
17 161
17 184
17 206
17 222
17 231
17 252
17 298
17 329
17 337
17 392
17 411
17 474
17 482
17 484
17 517
18 0
18 8
18 32
18 41
18 54
18 71
18 72
18 116
18 130
18 157
18 190
18 192
18 219
18 230
18 246
18 263
18 287
18 288
18 317
18 323
18 354
18 357
18 410
18 428
18 451
18 455
18 494
18 527
19 33
19 35
19 36
19 40
19 83
19 88
19 125
19 143
19 145
19 156
19 163
19 171
19 172
19 179
19 191
19 212
19 245
19 260
19 265
19 277
19 279
19 303
19 307
19 322
19 343
19 348
19 366
19 368
19 419
19 425
19 430
19 434
19 442
19 460
19 471
19 480
19 485
19 486
19 506
