0 9
0 26
0 50
0 52
0 106
0 117
0 131
0 178
0 197
0 272
0 278
0 289
0 301
0 317
0 341
0 402
0 405
0 433
0 440
0 453
0 491
0 495
0 500
0 530
0 532
0 534
1 1
1 24
1 45
1 54
1 72
1 73
1 85
1 86
1 116
1 132
1 151
1 161
1 174
1 184
1 245
1 247
1 249
1 254
1 265
1 329
1 372
1 388
1 396
1 399
1 416
1 419
1 442
1 497
1 521
2 70
2 76
2 100
2 114
2 136
2 154
2 162
2 182
2 208
2 238
2 242
2 253
2 347
2 352
2 362
2 367
2 371
2 375
2 394
2 456
2 475
2 501
2 511
3 40
3 122
3 126
3 134
3 150
3 159
3 180
3 181
3 187
3 235
3 260
3 268
3 271
3 276
3 279
3 321
3 358
3 382
3 392
3 395
3 504
3 514
4 8
4 47
4 75
4 95
4 98
4 105
4 108
4 113
4 148
4 149
4 156
4 172
4 212
4 213
4 248
4 291
4 297
4 299
4 348
4 351
4 370
4 373
4 383
4 425
4 464
4 490
4 509
4 520
4 526
5 3
5 77
5 101
5 118
5 188
5 204
5 250
5 270
5 300
5 354
5 361
5 391
5 406
5 409
5 417
5 452
5 457
5 458
5 461
5 462
5 471
5 474
5 484
5 503
5 505
6 6
6 7
6 17
6 38
6 46
6 48
6 64
6 102
6 110
6 127
6 143
6 145
6 189
6 196
6 217
6 218
6 231
6 288
6 303
6 304
6 327
6 330
6 332
6 363
6 366
6 390
6 411
6 412
6 437
6 450
6 463
6 478
6 480
6 485
7 2
7 25
7 28
7 58
7 119
7 157
7 185
7 241
7 243
7 263
7 269
7 277
7 292
7 379
7 420
7 436
7 451
7 499
7 507
7 523
8 71
8 353
8 377
8 492
8 516
9 11
9 32
9 34
9 36
9 41
9 42
9 111
9 115
9 128
9 165
9 206
9 225
9 251
9 283
9 286
9 293
9 339
9 345
9 355
9 385
9 407
9 408
9 466
9 522
9 529
9 535
10 19
10 21
10 35
10 37
10 56
10 59
10 66
10 87
10 90
10 191
10 195
10 227
10 255
10 258
10 275
10 295
10 349
10 359
10 380
10 403
10 429
10 430
10 473
10 482
10 498
11 0
11 5
11 10
11 13
11 29
11 39
11 69
11 103
11 120
11 123
11 124
11 137
11 138
11 146
11 169
11 221
11 233
11 257
11 281
11 310
11 313
11 315
11 320
11 324
11 360
11 397
11 418
11 422
11 432
11 446
11 449
11 468
11 515
11 517
12 12
12 23
12 31
12 61
12 112
12 135
12 147
12 170
12 207
12 210
12 214
12 252
12 264
12 316
12 334
12 335
12 338
12 374
12 376
12 386
12 434
12 435
12 472
12 476
12 487
13 33
13 65
13 84
13 121
13 133
13 144
13 155
13 177
13 194
13 199
13 216
13 219
13 222
13 266
13 298
13 302
13 312
13 326
13 369
13 381
13 401
13 438
13 445
13 467
13 470
13 502
13 518
13 519
14 16
14 62
14 81
14 83
14 104
14 173
14 192
14 200
14 205
14 223
14 240
14 284
14 287
14 294
14 308
14 328
14 346
14 350
14 378
14 384
14 393
14 415
14 426
14 444
14 481
14 483
14 488
14 524
14 528
14 533
15 22
15 68
15 88
15 96
15 158
15 163
15 171
15 190
15 209
15 215
15 234
15 236
15 311
15 318
15 322
15 325
15 336
15 344
15 431
15 477
15 479
15 525
16 18
16 30
16 44
16 63
16 92
16 107
16 164
16 166
16 176
16 179
16 211
16 232
16 246
16 261
16 337
16 414
16 423
16 439
16 448
16 455
16 465
16 486
16 494
16 506
16 510
17 20
17 27
17 43
17 49
17 80
17 99
17 125
17 142
17 175
17 198
17 202
17 229
17 230
17 290
17 296
17 307
17 314
17 340
17 343
17 400
17 413
17 428
17 496
18 14
18 51
18 53
18 60
18 67
18 74
18 78
18 82
18 129
18 130
18 139
18 152
18 262
18 305
18 309
18 357
18 364
18 368
18 404
18 410
18 443
18 469
18 512
