0 19
0 21
0 26
0 38
0 58
0 67
0 70
0 102
0 124
0 152
0 194
0 222
0 264
0 271
0 275
0 286
0 313
0 325
0 350
0 367
0 405
0 419
0 442
0 448
0 463
0 468
0 500
0 519
0 522
0 526
1 1
1 2
1 6
1 11
1 18
1 33
1 35
1 40
1 43
1 45
1 54
1 65
1 81
1 88
1 90
1 112
1 115
1 119
1 128
1 129
1 144
1 145
1 151
1 155
1 165
1 176
1 197
1 225
1 229
1 230
1 257
1 258
1 330
1 353
1 378
1 406
1 415
1 422
1 434
1 440
1 447
1 459
1 470
1 481
1 509
1 518
1 532
2 0
2 5
2 12
2 13
2 22
2 24
2 44
2 51
2 103
2 118
2 130
2 142
2 238
2 242
2 263
2 288
2 291
2 314
2 349
2 369
2 426
2 433
2 478
2 487
2 502
2 514
2 521
3 29
3 30
3 32
3 42
3 46
3 50
3 59
3 80
3 87
3 97
3 104
3 174
3 175
3 204
3 234
3 260
3 262
3 320
3 380
3 392
3 393
3 414
3 417
3 431
3 435
3 437
3 455
3 457
3 465
3 484
3 496
3 501
4 9
4 154
4 156
4 232
4 246
4 268
4 272
4 289
4 321
4 328
4 332
4 366
4 394
4 503
5 20
5 92
5 123
5 126
5 127
5 134
5 159
5 161
5 164
5 200
5 216
5 233
5 290
5 292
5 297
5 334
5 348
5 360
5 384
5 388
5 423
5 461
5 486
6 7
6 63
6 77
6 82
6 99
6 143
6 149
6 185
6 190
6 227
6 235
6 247
6 281
6 300
6 305
6 308
6 362
6 413
6 430
6 462
6 517
6 534
7 36
7 53
7 69
7 78
7 86
7 98
7 117
7 157
7 199
7 207
7 240
7 302
7 303
7 307
7 322
7 364
7 374
7 381
7 416
7 449
7 451
7 472
7 480
7 499
7 515
8 47
8 64
8 106
8 133
8 139
8 178
8 191
8 217
8 245
8 248
8 310
8 340
8 341
8 346
8 347
8 382
8 403
8 404
8 432
8 489
8 505
8 512
8 529
9 3
9 73
9 116
9 147
9 150
9 166
9 270
9 296
9 327
9 329
9 408
9 410
9 446
9 464
10 8
10 101
10 121
10 187
10 214
10 251
10 261
10 337
10 376
10 396
10 458
10 516
11 17
11 37
11 48
11 72
11 148
11 169
11 192
11 196
11 198
11 213
11 255
11 277
11 294
11 323
11 338
11 345
11 357
11 400
11 477
11 498
11 504
12 10
12 55
12 76
12 85
12 105
12 107
12 114
12 158
12 170
12 182
12 195
12 210
12 219
12 231
12 267
12 311
12 312
12 315
12 318
12 324
12 343
12 359
12 391
12 402
12 412
12 425
12 467
12 491
12 495
12 528
12 530
12 535
13 14
13 49
13 56
13 74
13 84
13 131
13 163
13 173
13 180
13 202
13 241
13 243
13 254
13 276
13 309
13 326
13 335
13 344
13 355
13 361
13 368
13 375
13 377
13 383
13 411
13 428
13 429
13 443
13 445
13 466
13 476
13 482
13 492
13 497
13 520
13 525
13 533
14 23
14 52
14 135
14 162
14 206
14 209
14 269
14 279
14 299
14 336
14 352
14 358
14 379
14 390
14 395
14 399
14 418
14 510
14 524
15 27
15 28
15 31
15 61
15 68
15 71
15 83
15 96
15 136
15 184
15 218
15 221
15 223
15 249
15 252
15 293
15 304
15 339
15 363
15 370
15 371
15 397
15 401
15 438
15 439
15 453
15 471
15 473
15 490
16 34
16 39
16 60
16 62
16 100
16 111
16 120
16 172
16 188
16 236
16 278
16 287
16 354
16 372
16 373
16 409
16 444
16 456
16 469
16 474
16 485
16 488
16 494
16 506
16 507
16 511
17 16
17 25
17 95
17 108
17 110
17 125
17 132
17 137
17 138
17 177
17 179
17 181
17 189
17 205
17 215
17 250
17 265
17 266
17 295
17 298
17 317
17 331
17 351
17 385
17 386
17 407
17 475
