0 2
0 5
0 7
0 10
0 25
0 121
0 132
0 144
0 165
0 181
0 203
0 238
0 255
0 266
0 271
0 284
0 299
0 318
0 322
0 367
0 371
0 384
0 445
0 470
0 496
1 20
1 131
1 138
1 191
1 213
1 235
1 248
1 257
1 309
1 313
1 344
1 362
1 372
1 373
1 388
1 413
1 415
1 418
1 431
1 435
1 437
1 453
1 465
1 468
1 485
1 504
1 508
1 516
2 11
2 24
2 32
2 45
2 51
2 53
2 54
2 58
2 65
2 69
2 82
2 112
2 163
2 171
2 210
2 223
2 243
2 254
2 260
2 263
2 265
2 279
2 288
2 311
2 315
2 323
2 336
2 358
2 378
2 405
2 407
2 429
2 471
2 501
2 523
2 528
3 100
3 130
3 134
3 137
3 208
3 221
3 229
3 261
3 287
3 310
3 320
3 337
3 351
3 353
3 410
3 474
3 505
3 515
4 23
4 74
4 96
4 119
4 127
4 196
4 214
4 247
4 268
4 331
4 343
4 359
4 363
4 386
4 401
4 408
4 480
4 509
4 518
4 535
5 73
5 80
5 81
5 98
5 114
5 118
5 143
5 177
5 204
5 296
5 304
5 360
5 396
5 423
5 426
5 502
5 503
5 517
6 12
6 56
6 61
6 63
6 107
6 117
6 174
6 251
6 330
6 334
6 341
6 375
6 385
6 489
6 514
6 530
7 13
7 27
7 47
7 62
7 110
7 122
7 135
7 149
7 154
7 157
7 162
7 164
7 172
7 175
7 192
7 202
7 234
7 240
7 241
7 250
7 258
7 289
7 300
7 391
7 404
7 420
7 438
7 442
7 475
7 488
7 507
8 15
8 36
8 43
8 68
8 76
8 123
8 125
8 147
8 176
8 216
8 217
8 270
8 276
8 278
8 293
8 321
8 324
8 329
8 411
8 422
8 446
8 450
8 484
8 490
8 499
8 526
9 16
9 70
9 97
9 148
9 179
9 189
9 227
9 236
9 292
9 305
9 307
9 335
9 340
9 354
9 374
9 379
9 428
9 430
9 447
9 452
9 461
9 467
9 524
10 28
10 67
10 102
10 136
10 158
10 173
10 180
10 190
10 200
10 272
10 308
10 328
10 339
10 352
10 393
10 417
10 436
10 458
10 483
10 492
10 512
11 9
11 14
11 21
11 22
11 38
11 39
11 40
11 60
11 66
11 83
11 86
11 104
11 105
11 115
11 116
11 124
11 142
11 145
11 146
11 185
11 195
11 219
11 245
11 312
11 325
11 349
11 350
11 361
11 368
11 370
11 383
11 387
11 395
11 400
11 402
11 425
11 439
11 444
11 466
11 476
11 477
11 479
11 486
11 491
11 500
11 506
12 156
12 166
12 184
12 206
12 211
12 231
12 286
12 332
12 348
12 364
12 403
12 432
12 520
13 3
13 18
13 41
13 92
13 101
13 182
13 205
13 218
13 259
13 262
13 275
13 281
13 298
13 390
13 399
13 409
13 412
13 433
13 495
13 510
13 532
13 533
14 19
14 30
14 33
14 34
14 37
14 49
14 64
14 72
14 85
14 113
14 120
14 128
14 133
14 155
14 161
14 170
14 183
14 197
14 215
14 224
14 294
14 295
14 346
14 376
14 394
14 406
14 416
14 419
14 434
14 448
14 449
14 473
14 521
14 525
15 8
15 17
15 29
15 42
15 46
15 50
15 52
15 90
15 95
15 103
15 139
15 207
15 230
15 233
15 246
15 253
15 301
15 345
15 366
15 440
15 457
15 462
15 494
16 26
16 59
16 71
16 75
16 77
16 87
16 106
16 188
16 194
16 198
16 209
16 212
16 252
16 277
16 283
16 297
16 338
16 347
16 355
16 357
16 380
16 397
16 451
16 482
16 487
17 0
17 44
17 78
17 129
17 150
17 199
17 242
17 369
17 414
17 456
17 463
17 469
18 35
18 84
18 88
18 108
18 111
18 169
18 222
18 232
18 249
18 291
18 317
18 326
18 382
18 392
18 497
19 6
19 31
19 48
19 126
19 152
19 159
19 187
19 264
19 269
19 290
19 303
19 314
19 316
19 327
19 443
19 455
19 472
19 478
19 498
19 511
19 522
19 529
