0 24
0 62
0 96
0 138
0 142
0 155
0 158
0 263
0 283
0 290
0 296
0 297
0 352
0 462
0 489
0 529
0 535
1 3
1 12
1 53
1 82
1 118
1 173
1 177
1 207
1 246
1 253
1 301
1 362
1 392
1 402
1 404
1 486
1 494
1 520
2 9
2 18
2 27
2 33
2 45
2 88
2 117
2 163
2 175
2 206
2 247
2 249
2 252
2 254
2 255
2 300
2 317
2 331
2 377
2 390
2 406
2 434
2 477
2 479
2 499
2 521
2 523
3 10
3 32
3 38
3 47
3 52
3 81
3 108
3 113
3 123
3 146
3 188
3 229
3 232
3 264
3 279
3 287
3 298
3 329
3 330
3 336
3 397
3 433
3 437
3 440
3 458
3 480
3 488
3 507
3 509
3 530
4 30
4 99
4 159
4 184
4 205
4 216
4 291
4 311
4 359
4 378
4 381
4 409
4 461
4 484
4 506
5 7
5 60
5 63
5 102
5 104
5 148
5 222
5 250
5 261
5 270
5 281
5 340
5 384
5 388
5 399
5 414
5 472
5 492
5 516
6 77
6 87
6 128
6 179
6 242
6 318
6 327
6 360
6 369
6 386
6 403
6 425
6 435
6 495
6 514
7 5
7 16
7 40
7 42
7 61
7 75
7 90
7 92
7 106
7 119
7 174
7 185
7 286
7 288
7 292
7 305
7 410
7 426
7 464
7 497
7 504
7 517
8 22
8 76
8 78
8 116
8 181
8 204
8 213
8 223
8 268
8 332
8 338
8 380
8 408
8 436
8 456
8 474
8 482
8 491
8 515
9 36
9 55
9 59
9 68
9 103
9 125
9 127
9 149
9 152
9 239
9 245
9 262
9 269
9 312
9 337
9 348
9 351
9 396
9 401
9 429
9 443
9 496
9 526
9 534
10 17
10 51
10 71
10 85
10 91
10 115
10 120
10 154
10 161
10 162
10 172
10 215
10 230
10 243
10 309
10 316
10 349
10 350
10 353
10 382
10 395
10 400
10 445
10 446
10 467
10 476
10 502
10 518
10 525
10 528
11 6
11 20
11 98
11 124
11 129
11 150
11 199
11 212
11 289
11 293
11 324
11 364
11 419
11 432
11 449
11 510
12 23
12 56
12 66
12 67
12 136
12 176
12 195
12 198
12 217
12 241
12 341
12 357
12 372
12 376
12 532
13 2
13 86
13 112
13 135
13 143
13 192
13 202
13 238
13 248
13 265
13 266
13 278
13 299
13 313
13 326
13 354
13 418
13 423
13 428
13 439
13 498
13 503
13 511
14 19
14 46
14 97
14 105
14 110
14 121
14 130
14 224
14 234
14 240
14 272
14 276
14 277
14 284
14 339
14 343
14 375
14 391
14 411
14 417
14 455
14 471
14 485
14 490
14 505
15 37
15 54
15 133
15 169
15 208
15 236
15 320
15 366
15 367
15 416
15 457
16 48
16 57
16 69
16 70
16 80
16 83
16 100
16 147
16 157
16 182
16 235
16 257
16 271
16 303
16 321
16 323
16 373
16 412
16 463
16 468
17 8
17 39
17 72
17 73
17 132
17 134
17 137
17 139
17 166
17 190
17 194
17 200
17 227
17 258
17 275
17 294
17 322
17 363
17 374
17 379
17 394
17 405
17 420
17 442
17 444
17 448
17 452
17 465
17 469
18 21
18 31
18 35
18 74
18 84
18 107
18 126
18 144
18 211
18 214
18 218
18 219
18 221
18 233
18 307
18 310
18 325
18 368
18 383
18 413
18 422
18 478
18 487
18 512
18 533
