0 2
0 14
0 18
0 21
0 34
0 56
0 86
0 91
0 97
0 112
0 119
0 128
0 145
0 204
0 217
0 254
0 293
0 294
0 301
0 305
0 308
0 316
0 354
0 383
0 399
0 406
0 419
0 438
0 471
0 480
0 489
0 497
0 514
0 524
1 25
1 30
1 103
1 117
1 123
1 210
1 268
1 327
1 337
1 375
1 404
1 417
1 472
1 491
2 9
2 31
2 50
2 87
2 136
2 137
2 139
2 146
2 150
2 206
2 231
2 238
2 246
2 287
2 289
2 297
2 302
2 329
2 343
2 363
2 364
2 369
2 465
2 530
3 0
3 35
3 37
3 82
3 99
3 182
3 190
3 194
3 202
3 214
3 218
3 286
3 317
3 338
3 345
3 367
3 378
3 379
3 400
3 405
3 421
3 422
3 442
3 474
3 525
4 12
4 54
4 67
4 69
4 78
4 106
4 216
4 233
4 269
4 276
4 303
4 320
4 376
4 401
4 445
4 526
4 534
5 1
5 36
5 41
5 45
5 51
5 113
5 122
5 131
5 184
5 239
5 241
5 245
5 247
5 334
5 359
5 377
5 394
5 411
5 434
5 477
5 533
6 6
6 23
6 68
6 74
6 83
6 96
6 107
6 174
6 197
6 250
6 263
6 275
6 281
6 291
6 372
6 374
6 388
6 397
6 446
6 463
6 467
6 468
6 479
6 486
6 498
7 44
7 52
7 98
7 118
7 177
7 188
7 223
7 240
7 248
7 257
7 292
7 368
7 392
7 409
7 449
7 470
7 494
7 500
7 529
8 22
8 24
8 38
8 49
8 63
8 77
8 90
8 105
8 132
8 152
8 163
8 166
8 169
8 251
8 260
8 267
8 296
8 315
8 322
8 380
8 408
8 448
8 469
8 481
9 29
9 88
9 115
9 156
9 161
9 195
9 249
9 252
9 258
9 265
9 307
9 314
9 318
9 331
9 332
9 344
9 382
9 390
9 391
9 413
9 437
9 444
9 484
9 487
9 490
9 517
10 16
10 72
10 125
10 148
10 178
10 181
10 192
10 205
10 271
10 428
10 453
10 458
10 507
11 19
11 75
11 135
11 298
11 355
11 396
11 415
11 432
11 461
11 520
12 3
12 42
12 85
12 100
12 134
12 149
12 173
12 180
12 191
12 207
12 213
12 222
12 229
12 234
12 351
12 362
12 403
12 447
12 496
12 504
12 515
13 13
13 62
13 76
13 101
13 110
13 120
13 124
13 198
13 209
13 211
13 272
13 279
13 284
13 290
13 312
13 339
13 346
13 385
13 412
13 466
13 503
13 510
13 532
14 8
14 17
14 28
14 40
14 60
14 114
14 121
14 133
14 138
14 142
14 144
14 157
14 171
14 179
14 189
14 224
14 236
14 262
14 270
14 278
14 288
14 324
14 353
14 387
14 402
15 5
15 11
15 27
15 46
15 53
15 65
15 73
15 81
15 155
15 176
15 199
15 230
15 235
15 264
15 309
15 325
15 330
15 336
15 348
15 361
15 407
15 433
15 439
15 443
15 456
15 459
15 485
15 488
15 518
16 7
16 26
16 116
16 127
16 130
16 147
16 154
16 185
16 196
16 200
16 215
16 221
16 232
16 299
16 321
16 323
16 328
16 341
16 373
16 386
16 395
16 414
16 416
16 418
16 455
16 457
16 462
16 478
16 483
16 501
16 506
16 511
16 512
16 528
17 61
17 64
17 70
17 84
17 102
17 104
17 126
17 158
17 162
17 187
17 242
17 253
17 283
17 311
17 357
17 360
17 384
17 410
17 420
17 440
17 452
17 464
17 476
17 495
17 502
17 519
18 33
18 39
18 47
18 48
18 57
18 58
18 95
18 108
18 159
18 170
18 172
18 212
18 243
18 277
18 300
18 350
18 352
18 381
18 423
18 425
18 430
18 460
18 482
18 535
19 32
19 59
19 71
19 80
19 111
19 175
19 208
19 255
19 304
19 313
19 358
19 426
19 429
19 435
19 473
19 492
19 516
