0 27
0 38
0 52
0 67
0 76
0 84
0 105
0 126
0 150
0 156
0 204
0 205
0 223
0 235
0 241
0 264
0 276
0 294
0 295
0 369
0 413
0 436
0 464
0 478
0 500
0 501
0 514
1 19
1 61
1 70
1 75
1 85
1 88
1 103
1 127
1 149
1 152
1 177
1 218
1 234
1 278
1 288
1 289
1 292
1 299
1 378
1 408
1 461
1 465
1 520
2 7
2 59
2 64
2 73
2 99
2 111
2 147
2 170
2 171
2 181
2 202
2 242
2 265
2 308
2 326
2 350
2 354
2 362
2 370
2 383
2 395
2 400
2 406
2 412
2 433
2 442
2 443
2 447
2 470
2 515
2 518
2 521
2 529
3 11
3 40
3 41
3 47
3 92
3 96
3 108
3 122
3 155
3 173
3 206
3 213
3 268
3 291
3 322
3 335
3 341
3 343
3 348
3 351
3 366
3 404
3 422
3 456
3 524
4 69
4 71
4 100
4 131
4 148
4 162
4 182
4 192
4 337
4 345
4 410
4 458
4 484
4 492
4 516
5 6
5 14
5 17
5 20
5 25
5 42
5 46
5 66
5 72
5 80
5 115
5 121
5 130
5 134
5 144
5 165
5 175
5 209
5 233
5 271
5 317
5 320
5 321
5 339
5 367
5 371
5 386
5 420
5 453
5 502
5 506
5 510
5 512
5 525
5 533
6 16
6 21
6 35
6 44
6 63
6 98
6 114
6 137
6 166
6 174
6 196
6 211
6 214
6 221
6 232
6 238
6 251
6 252
6 255
6 266
6 300
6 328
6 352
6 353
6 358
6 368
6 381
6 382
6 392
6 407
6 411
6 414
6 428
6 446
6 449
6 460
6 503
6 530
7 1
7 33
7 54
7 86
7 132
7 151
7 161
7 176
7 201
7 225
7 230
7 236
7 247
7 297
7 307
7 316
7 325
7 329
7 347
7 349
7 355
7 390
7 415
7 448
7 459
7 476
7 497
7 528
8 49
8 74
8 139
8 179
8 212
8 227
8 267
8 330
8 357
8 423
8 425
8 482
9 0
9 29
9 51
9 101
9 104
9 117
9 125
9 158
9 169
9 229
9 269
9 272
9 298
9 305
9 327
9 336
9 338
9 360
9 375
9 380
9 387
9 394
9 403
9 418
9 434
9 435
9 472
9 487
9 517
9 532
10 9
10 23
10 28
10 34
10 48
10 50
10 83
10 95
10 112
10 136
10 138
10 142
10 154
10 184
10 185
10 187
10 188
10 189
10 190
10 215
10 222
10 243
10 261
10 277
10 313
10 323
10 331
10 332
10 344
10 363
10 377
10 379
10 385
10 397
10 399
10 455
10 477
10 480
10 481
10 486
10 504
10 509
10 519
10 526
11 3
11 24
11 81
11 90
11 106
11 145
11 157
11 159
11 191
11 197
11 216
11 240
11 250
11 257
11 263
11 312
11 361
11 374
11 401
11 402
11 429
11 438
11 445
11 451
11 457
11 463
11 466
11 467
11 479
11 485
11 491
11 494
11 534
12 12
12 18
12 30
12 31
12 36
12 43
12 56
12 110
12 128
12 146
12 180
12 217
12 219
12 309
12 346
12 437
12 452
12 488
12 490
12 495
12 535
13 10
13 62
13 77
13 78
13 87
13 102
13 123
13 135
13 164
13 198
13 310
13 318
13 324
13 340
13 388
13 405
13 426
13 468
13 483
13 507
14 5
14 22
14 55
14 58
14 60
14 82
14 97
14 107
14 163
14 199
14 210
14 281
14 283
14 302
14 303
14 311
14 376
14 419
14 430
14 469
14 499
14 523
15 2
15 8
15 68
15 116
15 119
15 120
15 124
15 133
15 172
15 200
15 231
15 245
15 253
15 258
15 260
15 262
15 284
15 287
15 334
15 359
15 373
15 391
15 409
15 417
15 444
15 462
15 498
15 505
16 53
16 118
16 129
16 143
16 194
16 246
16 248
16 254
16 290
16 293
16 304
16 315
16 372
16 384
16 432
16 439
16 440
16 475
16 496
16 511
17 32
17 37
17 39
17 57
17 178
17 195
17 207
17 270
17 279
17 286
17 296
17 314
17 364
17 396
17 471
17 473
17 474
