0 13
0 22
0 44
0 46
0 47
0 72
0 129
0 143
0 157
0 209
0 216
0 246
0 251
0 255
0 260
0 277
0 291
0 297
0 317
0 327
0 371
0 414
0 485
0 494
0 495
0 503
0 507
0 532
1 30
1 32
1 34
1 45
1 81
1 84
1 86
1 88
1 92
1 132
1 144
1 149
1 159
1 177
1 190
1 229
1 236
1 247
1 249
1 252
1 290
1 307
1 346
1 362
1 372
1 400
1 404
1 418
1 425
1 470
1 475
1 476
1 487
1 506
1 523
2 5
2 114
2 134
2 271
2 355
2 388
2 432
2 516
2 524
2 530
3 2
3 56
3 59
3 98
3 106
3 116
3 125
3 188
3 199
3 218
3 219
3 254
3 281
3 288
3 299
3 320
3 323
3 353
3 370
3 395
3 433
3 444
3 446
3 489
3 508
3 511
4 0
4 9
4 11
4 19
4 31
4 33
4 37
4 51
4 54
4 85
4 120
4 133
4 161
4 170
4 183
4 197
4 224
4 263
4 270
4 286
4 294
4 298
4 301
4 374
4 378
4 387
4 407
4 416
4 419
4 490
4 491
4 502
5 12
5 40
5 60
5 87
5 96
5 123
5 126
5 136
5 138
5 164
5 243
5 248
5 303
5 330
5 331
5 361
5 450
5 474
5 504
5 520
5 529
6 3
6 100
6 119
6 127
6 175
6 196
6 200
6 207
6 221
6 232
6 262
6 266
6 296
6 315
6 322
6 366
6 379
6 390
6 436
6 447
6 465
6 479
6 484
6 492
6 498
7 6
7 14
7 27
7 58
7 66
7 74
7 75
7 111
7 113
7 115
7 139
7 163
7 169
7 189
7 211
7 235
7 245
7 283
7 325
7 328
7 336
7 337
7 338
7 350
7 363
7 369
7 389
7 397
7 401
7 408
7 434
7 471
7 497
7 501
7 509
7 521
7 526
7 533
8 20
8 39
8 61
8 76
8 121
8 131
8 171
8 187
8 212
8 276
8 308
8 382
8 410
8 415
8 466
8 517
9 15
9 23
9 36
9 53
9 67
9 69
9 80
9 103
9 108
9 112
9 124
9 135
9 150
9 158
9 172
9 174
9 223
9 231
9 234
9 259
9 284
9 293
9 309
9 310
9 316
9 326
9 334
9 344
9 368
9 391
9 406
9 429
9 456
9 467
9 482
9 500
10 8
10 43
10 65
10 68
10 128
10 137
10 184
10 214
10 233
10 238
10 258
10 265
10 275
10 282
10 289
10 311
10 339
10 347
10 351
10 357
10 358
10 359
10 364
10 380
10 384
10 394
10 402
10 411
10 439
10 457
10 472
10 486
10 519
10 525
11 7
11 25
11 35
11 90
11 97
11 102
11 104
11 147
11 179
11 198
11 210
11 253
11 257
11 287
11 304
11 340
11 354
11 428
11 437
11 462
11 505
11 510
12 18
12 29
12 77
12 78
12 146
12 154
12 194
12 195
12 204
12 227
12 312
12 314
12 335
12 341
12 373
12 386
12 393
12 443
12 458
12 469
12 477
12 488
12 496
13 10
13 41
13 52
13 62
13 64
13 117
13 122
13 148
13 156
13 180
13 181
13 300
13 318
13 321
13 349
13 360
13 376
13 399
13 423
13 426
13 442
13 535
14 24
14 26
14 28
14 42
14 63
14 73
14 142
14 165
14 182
14 208
14 295
14 332
14 343
14 383
14 396
14 438
14 440
14 445
14 452
14 453
14 499
14 518
15 16
15 38
15 71
15 101
15 130
15 166
15 176
15 203
15 222
15 230
15 241
15 269
15 278
15 279
15 375
15 385
15 409
15 420
15 422
15 430
15 448
15 461
15 514
15 515
16 48
16 50
16 82
16 83
16 95
16 162
16 192
16 205
16 206
16 213
16 240
16 250
16 329
16 352
16 403
16 405
16 435
16 451
16 455
16 522
17 17
17 21
17 118
17 185
17 217
17 261
17 264
17 268
17 272
17 367
17 392
17 417
17 463
17 468
17 480
17 512
17 528
18 70
18 105
18 107
18 110
18 152
18 155
18 173
18 191
18 202
18 242
18 292
18 305
18 313
18 324
18 345
18 348
18 412
18 413
18 431
18 449
18 478
18 483
