0 53
0 77
0 97
0 114
0 130
0 182
0 184
0 227
0 231
0 313
0 358
0 372
0 502
0 506
1 18
1 19
1 27
1 30
1 37
1 41
1 62
1 63
1 87
1 118
1 129
1 133
1 152
1 175
1 180
1 192
1 200
1 250
1 260
1 264
1 265
1 272
1 295
1 301
1 343
1 355
1 429
1 462
1 479
1 482
1 485
1 491
1 495
2 6
2 110
2 121
2 125
2 179
2 187
2 242
2 248
2 261
2 311
2 348
2 452
2 468
2 503
2 518
2 521
2 524
3 3
3 42
3 56
3 60
3 61
3 70
3 98
3 104
3 132
3 154
3 156
3 221
3 229
3 238
3 251
3 257
3 258
3 275
3 307
3 324
3 351
3 390
3 405
3 431
3 447
3 469
3 489
3 494
3 512
4 29
4 51
4 149
4 150
4 162
4 191
4 293
4 332
4 339
4 357
4 379
4 396
4 410
4 467
4 480
4 488
4 496
4 517
5 0
5 26
5 234
5 526
6 24
6 43
6 177
6 189
6 236
6 245
6 298
6 374
6 385
6 411
6 463
7 38
7 40
7 46
7 59
7 71
7 83
7 86
7 88
7 108
7 148
7 310
7 408
7 418
7 422
7 428
7 430
7 433
7 442
7 451
7 472
7 529
8 2
8 9
8 17
8 44
8 67
8 68
8 107
8 195
8 208
8 210
8 211
8 233
8 243
8 249
8 271
8 314
8 321
8 368
8 419
8 511
8 515
9 12
9 73
9 138
9 173
9 219
9 426
9 455
10 39
10 106
10 190
10 214
10 286
10 326
10 328
10 395
10 404
10 456
10 461
10 483
10 490
11 112
11 126
11 135
11 139
11 164
11 165
11 199
11 246
11 254
11 287
11 296
11 305
11 347
11 363
11 384
11 391
11 397
11 415
11 417
11 444
11 450
11 457
11 470
11 475
11 509
12 23
12 58
12 171
12 230
12 259
12 270
12 300
12 364
12 369
12 388
12 414
12 440
12 466
12 530
13 81
13 116
13 166
13 276
13 292
13 308
13 320
13 382
13 386
13 445
13 453
13 474
14 5
14 75
14 241
14 302
14 309
14 312
14 318
14 344
14 352
14 353
14 354
14 393
14 402
14 446
14 449
14 492
15 7
15 14
15 28
15 49
15 52
15 54
15 84
15 85
15 99
15 117
15 142
15 145
15 146
15 159
15 170
15 174
15 176
15 185
15 194
15 203
15 207
15 215
15 222
15 224
15 240
15 247
15 288
15 297
15 316
15 334
15 335
15 340
15 341
15 360
15 387
15 413
15 416
15 425
15 448
15 458
15 486
15 497
15 500
15 520
15 522
16 20
16 50
16 78
16 80
16 235
16 281
16 325
16 330
16 400
16 401
16 465
16 514
16 528
17 31
17 48
17 102
17 120
17 137
17 143
17 157
17 204
17 213
17 252
17 345
17 399
17 409
17 435
17 505
18 66
18 72
18 101
18 105
18 123
18 131
18 202
18 223
18 279
18 359
18 423
18 487
18 499
18 504
18 508
18 532
18 533
19 8
19 25
19 32
19 36
19 45
19 64
19 74
19 82
19 90
19 96
19 100
19 103
19 119
19 128
19 147
19 155
19 218
19 277
19 283
19 289
19 304
19 327
19 346
19 362
19 375
19 498
19 501
19 516
19 535
