0 18
0 21
0 23
0 43
0 76
0 80
0 85
0 92
0 125
0 130
0 152
0 166
0 202
0 233
0 242
0 283
0 309
0 311
0 341
0 373
0 396
0 415
0 433
0 438
0 467
0 494
0 496
0 509
0 520
0 530
1 1
1 4
1 19
1 32
1 36
1 39
1 41
1 49
1 54
1 62
1 72
1 111
1 145
1 148
1 150
1 161
1 163
1 177
1 185
1 197
1 203
1 235
1 243
1 245
1 269
1 270
1 286
1 295
1 301
1 349
1 361
1 372
1 378
1 387
1 388
1 404
1 407
1 410
1 416
1 419
1 434
1 436
1 442
1 447
1 470
1 490
1 497
1 500
1 502
2 40
2 51
2 139
2 156
2 217
2 310
2 440
2 492
2 516
3 7
3 29
3 75
3 78
3 147
3 157
3 208
3 238
3 277
3 337
3 360
3 375
3 376
3 403
3 422
3 462
3 472
3 501
3 512
3 515
3 528
4 27
4 47
4 59
4 98
4 129
4 158
4 170
4 172
4 176
4 265
4 278
4 284
4 302
4 328
4 345
4 350
4 370
4 371
4 383
4 385
4 402
4 406
4 418
4 448
4 458
4 464
4 474
4 479
4 480
4 491
4 499
4 518
5 13
5 50
5 53
5 61
5 103
5 107
5 117
5 126
5 127
5 133
5 138
5 164
5 173
5 180
5 199
5 222
5 241
5 252
5 287
5 298
5 317
5 321
5 330
5 335
5 353
5 381
5 444
5 455
5 469
5 485
5 498
5 517
6 3
6 11
6 33
6 37
6 45
6 68
6 86
6 88
6 96
6 112
6 113
6 178
6 184
6 190
6 216
6 231
6 247
6 249
6 257
6 263
6 275
6 308
6 339
6 382
6 389
6 397
6 409
6 425
6 428
6 429
6 476
6 506
6 523
6 525
7 5
7 56
7 102
7 162
7 194
7 204
7 205
7 210
7 214
7 230
7 246
7 253
7 271
7 281
7 291
7 292
7 300
7 314
7 324
7 327
7 347
7 358
7 379
7 393
7 400
7 411
7 414
7 417
7 432
7 435
7 468
7 507
7 510
8 8
8 31
8 38
8 42
8 60
8 67
8 95
8 99
8 124
8 136
8 142
8 188
8 215
8 250
8 254
8 258
8 260
8 264
8 268
8 304
8 325
8 326
8 343
8 351
8 408
8 478
8 504
8 524
8 529
8 535
9 52
9 63
9 104
9 137
9 155
9 171
9 207
9 211
9 223
9 234
9 297
9 318
9 334
9 363
9 392
9 395
9 399
9 420
9 430
9 439
9 473
9 487
9 503
9 534
10 0
10 10
10 22
10 30
10 35
10 46
10 48
10 64
10 69
10 71
10 83
10 87
10 101
10 120
10 134
10 262
10 290
10 294
10 329
10 367
10 384
10 390
10 401
10 426
10 437
10 452
10 463
10 466
10 532
10 533
11 6
11 12
11 17
11 20
11 84
11 90
11 108
11 114
11 116
11 119
11 123
11 128
11 149
11 227
11 315
11 320
11 332
11 336
11 386
11 405
11 446
11 481
12 65
12 74
12 100
12 135
12 143
12 174
12 209
12 219
12 221
12 272
12 346
12 354
12 355
12 364
12 368
12 391
12 413
12 450
12 457
12 486
12 519
13 9
13 16
13 26
13 28
13 44
13 66
13 70
13 110
13 131
13 181
13 182
13 212
13 240
13 296
13 340
13 362
13 366
13 369
13 377
13 412
13 423
13 449
13 461
13 465
13 475
13 484
13 511
13 514
14 14
14 58
14 106
14 118
14 121
14 122
14 144
14 159
14 165
14 179
14 191
14 195
14 196
14 198
14 206
14 218
14 225
14 229
14 266
14 276
14 279
14 289
14 293
14 299
14 303
14 307
14 338
14 348
14 374
14 380
14 431
14 445
14 488
14 495
14 526
15 2
15 34
15 82
15 105
15 115
15 146
15 154
15 175
15 189
15 200
15 213
15 232
15 248
15 255
15 261
15 288
15 305
15 357
15 359
15 443
15 451
15 477
15 482
15 483
15 505
15 522
16 77
16 81
16 169
16 187
16 192
16 312
16 313
16 316
16 322
16 344
16 352
16 394
16 453
16 456
16 471
