0 8
0 9
0 45
0 48
0 62
0 87
0 90
0 119
0 152
0 164
0 234
0 250
0 281
0 359
0 366
0 407
0 412
0 422
0 429
0 470
0 472
0 492
0 503
1 6
1 15
1 54
1 104
1 105
1 126
1 132
1 174
1 203
1 236
1 269
1 308
1 326
1 369
1 385
1 386
1 404
1 409
1 469
1 477
1 489
1 530
2 3
2 30
2 38
2 49
2 139
2 143
2 158
2 254
2 271
2 272
2 295
2 312
2 313
2 327
2 329
2 341
2 387
2 411
2 413
2 430
2 438
2 486
3 24
3 43
3 73
3 92
3 98
3 102
3 166
3 169
3 264
3 332
3 364
3 372
3 380
3 396
3 495
3 499
3 517
4 1
4 12
4 26
4 68
4 85
4 96
4 118
4 125
4 134
4 138
4 157
4 160
4 184
4 197
4 213
4 215
4 242
4 245
4 252
4 265
4 320
4 371
4 388
4 391
4 435
4 449
4 452
4 463
4 466
4 488
4 493
4 512
4 518
4 526
4 528
4 529
5 2
5 37
5 44
5 47
5 74
5 173
5 191
5 208
5 259
5 260
5 291
5 317
5 348
5 400
5 457
5 465
5 487
5 491
5 504
5 510
5 532
5 534
6 5
6 14
6 22
6 23
6 28
6 39
6 59
6 60
6 61
6 63
6 65
6 78
6 99
6 114
6 122
6 131
6 136
6 159
6 199
6 200
6 223
6 247
6 297
6 310
6 338
6 351
6 415
6 439
6 443
6 479
6 494
6 497
6 500
6 507
6 511
7 7
7 13
7 19
7 80
7 86
7 156
7 189
7 205
7 212
7 214
7 230
7 232
7 262
7 347
7 353
7 382
7 395
7 399
7 416
7 440
7 508
8 135
8 277
8 302
8 305
8 375
8 456
8 467
8 516
9 51
9 70
9 75
9 84
9 97
9 100
9 149
9 216
9 288
9 389
9 403
9 418
9 423
9 451
9 484
9 506
10 42
10 56
10 124
10 127
10 150
10 185
10 221
10 229
10 241
10 261
10 287
10 304
10 330
10 346
10 352
10 360
10 370
10 373
10 374
10 426
10 453
10 471
10 482
10 485
10 496
10 501
10 535
11 27
11 108
11 113
11 147
11 151
11 154
11 179
11 192
11 204
11 224
11 255
11 257
11 268
11 276
11 290
11 300
11 321
11 323
11 336
11 337
11 343
11 363
11 383
11 390
11 392
11 397
11 436
11 446
11 448
11 521
12 40
12 50
12 72
12 77
12 116
12 120
12 121
12 142
12 162
12 178
12 195
12 227
12 251
12 325
12 328
12 335
12 490
12 522
12 524
13 17
13 41
13 83
13 101
13 144
13 155
13 161
13 175
13 231
13 240
13 283
13 292
13 301
13 339
13 367
13 402
13 414
13 478
13 509
13 520
14 64
14 88
14 95
14 123
14 130
14 196
14 293
14 324
14 355
14 358
14 434
14 455
14 475
14 480
14 498
15 0
15 21
15 36
15 53
15 58
15 69
15 76
15 129
15 148
15 163
15 165
15 176
15 180
15 190
15 211
15 217
15 219
15 235
15 238
15 278
15 296
15 298
15 309
15 311
15 316
15 349
15 401
15 417
15 431
15 450
15 461
15 502
16 10
16 16
16 71
16 111
16 112
16 117
16 137
16 146
16 170
16 181
16 194
16 207
16 209
16 210
16 243
16 289
16 350
16 357
16 384
16 393
16 428
16 462
16 468
17 20
17 31
17 46
17 67
17 81
17 133
17 182
17 188
17 253
17 270
17 275
17 294
17 318
17 345
17 362
17 376
17 394
17 405
17 406
17 410
17 432
17 437
18 25
18 32
18 35
18 103
18 110
18 128
18 145
18 171
18 198
18 202
18 206
18 233
18 246
18 249
18 263
18 266
18 279
18 286
18 299
18 315
18 340
18 344
18 354
18 368
18 379
18 419
18 420
18 444
18 525
