0 36
0 50
0 60
0 110
0 118
0 124
0 142
0 174
0 188
0 200
0 204
0 229
0 324
0 339
0 360
0 458
0 474
0 493
0 517
0 532
1 2
1 20
1 32
1 40
1 56
1 88
1 137
1 147
1 148
1 155
1 158
1 182
1 184
1 234
1 247
1 288
1 292
1 300
1 311
1 323
1 331
1 332
1 345
1 359
1 368
1 382
1 395
1 445
1 472
1 499
2 70
2 77
2 102
2 103
2 125
2 136
2 248
2 253
2 291
2 293
2 297
2 301
2 305
2 313
2 421
2 442
2 452
2 473
2 520
2 529
3 55
3 80
3 87
3 100
3 122
3 133
3 176
3 178
3 267
3 285
3 318
3 327
3 374
3 460
4 9
4 67
4 107
4 111
4 126
4 152
4 181
4 189
4 194
4 195
4 196
4 211
4 231
4 246
4 259
4 272
4 278
4 286
4 307
4 317
4 325
4 330
4 390
4 418
4 432
4 449
4 453
4 467
4 485
4 488
4 498
5 17
5 22
5 35
5 43
5 98
5 104
5 119
5 143
5 149
5 180
5 192
5 203
5 227
5 230
5 249
5 254
5 281
5 348
5 361
5 370
5 380
5 384
5 386
5 403
5 428
5 437
5 438
5 455
5 461
5 479
5 497
5 509
6 18
6 21
6 34
6 39
6 46
6 68
6 81
6 84
6 85
6 108
6 132
6 151
6 159
6 161
6 169
6 172
6 185
6 190
6 216
6 224
6 238
6 245
6 268
6 296
6 302
6 309
6 315
6 344
6 347
6 363
6 373
6 378
6 383
6 405
6 448
6 463
6 486
6 487
6 502
6 518
6 530
7 26
7 38
7 53
7 64
7 92
7 121
7 166
7 187
7 217
7 235
7 314
7 357
7 372
7 415
7 443
7 444
7 451
7 478
7 490
7 519
8 33
8 45
8 86
8 279
8 283
8 284
8 322
8 335
8 402
8 407
8 419
8 464
8 465
8 469
8 496
8 512
8 514
9 61
9 79
9 114
9 150
9 154
9 177
9 242
9 261
9 262
9 304
9 341
9 387
9 391
9 414
9 416
9 489
9 506
9 524
9 526
10 99
10 138
10 183
10 212
10 352
10 354
10 492
11 7
11 16
11 19
11 24
11 30
11 74
11 112
11 113
11 120
11 139
11 162
11 165
11 170
11 171
11 197
11 210
11 232
11 240
11 271
11 295
11 299
11 334
11 336
11 362
11 371
11 376
11 392
11 409
11 410
11 426
11 476
11 511
11 521
12 23
12 66
12 90
12 123
12 134
12 157
12 202
12 206
12 213
12 221
12 269
12 294
12 321
12 353
12 425
12 431
12 433
12 457
12 459
12 482
13 10
13 25
13 49
13 54
13 58
13 71
13 82
13 116
13 175
13 191
13 205
13 250
13 275
13 276
13 289
13 316
13 351
13 366
13 388
13 393
13 399
13 400
13 422
13 435
13 446
13 450
13 494
13 500
13 504
13 510
13 515
13 522
13 535
14 5
14 11
14 14
14 15
14 27
14 42
14 52
14 83
14 115
14 163
14 173
14 207
14 225
14 265
14 266
14 312
14 326
14 349
14 396
14 417
14 420
14 434
14 466
14 516
14 525
14 528
14 533
15 13
15 37
15 48
15 65
15 69
15 72
15 73
15 105
15 117
15 127
15 128
15 144
15 198
15 209
15 223
15 241
15 252
15 255
15 290
15 303
15 346
15 404
15 406
15 408
15 447
15 484
15 491
16 3
16 31
16 135
16 156
16 218
16 258
16 263
16 310
16 364
16 401
16 412
16 480
16 505
16 507
16 508
17 0
17 6
17 28
17 29
17 44
17 75
17 101
17 106
17 130
17 131
17 167
17 208
17 215
17 264
17 277
17 308
17 328
17 329
17 337
17 338
17 369
17 379
17 411
17 429
17 456
17 462
17 503
18 12
18 47
18 62
18 78
18 91
18 146
18 222
18 233
18 343
18 367
18 413
18 468
18 501
19 41
19 76
19 164
19 179
19 219
19 236
19 298
19 358
19 375
19 423
19 430
19 440
19 481
19 495
