0 37
0 40
0 81
0 85
0 137
0 164
0 176
0 251
0 264
0 266
0 302
0 311
0 317
0 336
0 379
0 380
0 409
0 417
0 448
0 459
0 479
0 495
0 500
0 528
1 2
1 51
1 69
1 101
1 125
1 136
1 175
1 177
1 184
1 194
1 200
1 236
1 250
1 271
1 335
1 358
1 366
1 370
1 382
1 414
1 416
1 506
1 508
1 514
1 524
2 27
2 31
2 35
2 55
2 66
2 112
2 130
2 149
2 181
2 208
2 223
2 254
2 275
2 276
2 282
2 318
2 371
2 374
2 376
2 413
2 419
2 466
3 8
3 11
3 15
3 21
3 24
3 33
3 39
3 42
3 65
3 68
3 80
3 107
3 119
3 161
3 167
3 192
3 255
3 286
3 298
3 303
3 305
3 329
3 334
3 340
3 344
3 349
3 375
3 378
3 420
3 425
3 432
3 434
3 451
3 471
3 486
3 520
3 523
4 0
4 22
4 117
4 162
4 206
4 210
4 230
4 291
4 301
4 357
4 359
4 452
4 511
5 19
5 23
5 34
5 41
5 77
5 82
5 84
5 86
5 95
5 116
5 138
5 174
5 187
5 188
5 216
5 241
5 261
5 289
5 304
5 322
5 348
5 388
5 405
5 422
5 433
5 435
5 453
5 463
5 505
6 20
6 105
6 154
6 191
6 207
6 267
6 269
6 288
6 313
6 390
6 410
6 443
6 458
6 478
6 480
6 482
6 492
6 493
7 28
7 98
7 99
7 108
7 110
7 127
7 128
7 147
7 173
7 178
7 198
7 214
7 234
7 235
7 309
7 330
7 337
7 341
7 346
7 364
7 385
7 392
7 431
7 504
7 509
7 533
8 32
8 38
8 54
8 72
8 75
8 96
8 113
8 115
8 132
8 155
8 165
8 180
8 183
8 195
8 224
8 225
8 238
8 247
8 257
8 258
8 265
8 290
8 293
8 307
8 328
8 339
8 399
8 407
8 456
8 475
8 497
8 525
9 5
9 12
9 13
9 44
9 73
9 102
9 106
9 114
9 124
9 185
9 217
9 277
9 281
9 296
9 297
9 312
9 323
9 353
9 367
9 377
9 393
9 401
9 468
9 484
9 489
9 491
9 498
9 522
9 530
10 9
10 25
10 36
10 70
10 87
10 121
10 134
10 135
10 199
10 202
10 204
10 209
10 227
10 243
10 248
10 260
10 295
10 316
10 321
10 347
10 354
10 386
10 402
10 404
10 447
10 457
10 532
11 14
11 45
11 46
11 50
11 62
11 88
11 91
11 118
11 122
11 163
11 169
11 171
11 182
11 219
11 222
11 240
11 245
11 246
11 252
11 331
11 338
11 351
11 360
11 383
11 387
11 391
11 400
11 437
11 438
11 444
11 445
11 449
11 469
11 501
11 502
11 507
11 518
12 61
12 74
12 126
12 157
12 168
12 170
12 179
12 287
12 324
12 363
12 389
12 403
12 421
12 464
12 472
12 510
13 6
13 10
13 18
13 48
13 49
13 100
13 131
13 133
13 139
13 143
13 144
13 151
13 152
13 159
13 172
13 190
13 197
13 213
13 215
13 229
13 232
13 242
13 249
13 263
13 268
13 272
13 284
13 299
13 350
13 361
13 372
13 406
13 411
13 412
13 430
13 439
13 446
13 450
13 455
13 477
13 485
13 487
13 490
13 529
14 16
14 29
14 43
14 47
14 52
14 53
14 56
14 58
14 64
14 71
14 90
14 92
14 97
14 103
14 111
14 120
14 123
14 148
14 150
14 158
14 211
14 212
14 218
14 221
14 231
14 233
14 259
14 279
14 283
14 314
14 315
14 320
14 325
14 326
14 343
14 345
14 352
14 362
14 368
14 396
14 415
14 423
14 429
14 442
14 474
14 494
14 496
14 503
14 517
14 521
14 526
14 534
14 535
15 7
15 26
15 30
15 60
15 83
15 104
15 145
15 146
15 189
15 196
15 203
15 205
15 300
15 327
15 332
15 369
15 373
15 384
15 395
15 408
15 426
15 428
15 488
15 499
15 512
15 515
16 67
16 156
16 253
16 278
16 310
16 462
16 465
16 467
16 481
16 516
17 3
17 17
17 76
17 78
17 142
17 166
17 292
17 294
17 418
17 440
17 461
17 519
