0 13
0 134
0 156
0 200
0 230
0 253
0 292
0 300
0 393
0 455
0 461
0 491
0 500
1 32
1 64
1 81
1 85
1 87
1 88
1 110
1 132
1 142
1 143
1 155
1 164
1 191
1 192
1 198
1 215
1 225
1 235
1 241
1 242
1 247
1 258
1 311
1 325
1 330
1 331
1 334
1 339
1 346
1 349
1 363
1 366
1 383
1 438
1 444
1 445
1 447
1 448
1 460
1 472
1 477
1 483
1 510
1 518
1 521
1 522
2 30
2 62
2 100
2 105
2 114
2 131
2 146
2 176
2 190
2 207
2 209
2 210
2 245
2 266
2 312
2 332
2 360
2 387
2 390
2 402
2 430
2 433
2 442
2 449
2 499
2 503
3 11
3 17
3 18
3 42
3 43
3 59
3 115
3 116
3 118
3 165
3 171
3 174
3 239
3 265
3 298
3 391
3 506
3 511
4 0
4 7
4 14
4 22
4 28
4 37
4 46
4 123
4 138
4 194
4 212
4 287
4 321
4 328
4 355
4 364
4 369
4 388
4 409
4 410
4 446
4 451
4 462
4 534
5 6
5 8
5 68
5 70
5 121
5 128
5 135
5 173
5 178
5 195
5 250
5 267
5 270
5 277
5 279
5 310
5 327
5 329
5 345
5 357
5 384
5 408
5 417
5 456
5 481
5 492
5 504
5 512
5 528
5 530
6 10
6 12
6 23
6 25
6 58
6 106
6 119
6 124
6 144
6 182
6 187
6 202
6 224
6 232
6 254
6 260
6 268
6 276
6 290
6 293
6 295
6 303
6 315
6 337
6 352
6 353
6 354
6 359
6 370
6 385
6 400
6 401
6 404
6 420
6 421
6 426
6 428
6 452
6 478
7 19
7 33
7 66
7 97
7 163
7 169
7 197
7 381
7 386
7 487
7 488
7 495
7 519
8 9
8 35
8 45
8 52
8 57
8 65
8 72
8 77
8 82
8 86
8 93
8 95
8 102
8 104
8 125
8 137
8 147
8 150
8 172
8 204
8 205
8 211
8 217
8 229
8 233
8 251
8 261
8 264
8 296
8 305
8 307
8 314
8 323
8 341
8 411
8 422
8 431
8 439
8 494
8 497
8 517
8 520
8 523
8 526
8 533
9 21
9 175
9 185
9 218
9 219
9 238
9 294
9 302
9 317
9 326
9 336
9 350
9 362
9 396
9 432
9 443
10 16
10 24
10 36
10 44
10 63
10 67
10 73
10 101
10 130
10 148
10 180
10 214
10 216
10 236
10 257
10 262
10 275
10 278
10 367
10 380
10 394
10 405
10 407
10 416
10 458
10 463
10 469
10 474
10 479
10 480
10 485
10 501
10 507
10 532
11 49
11 69
11 75
11 76
11 83
11 98
11 107
11 133
11 136
11 139
11 159
11 162
11 168
11 181
11 184
11 189
11 199
11 206
11 208
11 222
11 227
11 246
11 283
11 291
11 322
11 358
11 372
11 382
11 395
11 412
11 418
11 435
11 440
11 453
11 467
11 489
12 41
12 50
12 111
12 117
12 152
12 249
12 272
12 324
12 373
12 413
12 459
12 490
12 502
12 505
12 515
13 1
13 2
13 26
13 27
13 31
13 34
13 53
13 54
13 60
13 90
13 91
13 96
13 112
13 113
13 120
13 151
13 161
13 179
13 213
13 223
13 240
13 252
13 282
13 288
13 297
13 301
13 304
13 308
13 309
13 340
13 343
13 348
13 378
13 389
13 392
13 399
13 415
13 425
13 434
13 464
13 466
13 471
13 475
13 476
13 484
13 496
13 509
13 513
13 525
13 535
14 3
14 5
14 39
14 47
14 48
14 56
14 71
14 80
14 84
14 108
14 127
14 129
14 157
14 158
14 166
14 221
14 231
14 234
14 255
14 263
14 271
14 281
14 299
14 313
14 320
14 335
14 344
14 351
14 368
14 374
14 379
14 406
14 419
14 423
14 429
14 437
14 482
14 498
14 514
14 524
14 529
15 38
15 74
15 99
15 149
15 154
15 196
15 248
15 289
15 338
15 376
15 397
15 403
15 465
15 470
15 516
16 29
16 40
16 51
16 61
16 78
16 122
16 126
16 170
16 177
16 188
16 243
16 269
16 286
16 318
16 361
16 375
16 377
16 414
16 457
16 468
16 486
16 527
