0 5
0 12
0 58
0 61
0 137
0 157
0 183
0 184
0 200
0 210
0 302
0 386
0 400
1 9
1 11
1 44
1 95
1 128
1 133
1 147
1 154
1 227
1 233
1 248
1 251
1 281
1 286
1 312
1 341
1 395
1 404
1 448
1 449
1 466
1 470
1 491
1 497
1 504
1 507
2 16
2 35
2 37
2 54
2 60
2 71
2 88
2 90
2 123
2 134
2 161
2 207
2 225
2 268
2 279
2 290
2 296
2 320
2 338
2 340
2 362
2 364
2 367
2 375
2 389
2 402
2 406
2 414
2 440
2 468
2 477
2 489
2 501
2 528
2 535
3 182
3 224
3 245
3 275
3 277
3 372
3 379
3 384
3 411
3 517
3 532
4 63
4 84
4 116
4 138
4 196
4 234
4 295
4 298
4 326
4 374
4 376
4 396
4 436
4 452
4 474
5 34
5 40
5 145
5 188
5 189
5 202
5 311
5 339
5 447
5 519
6 80
6 106
6 114
6 257
6 276
6 325
6 363
6 433
6 457
6 465
6 484
6 502
6 530
7 2
7 3
7 22
7 27
7 30
7 45
7 55
7 64
7 83
7 87
7 100
7 103
7 105
7 118
7 131
7 143
7 151
7 155
7 175
7 192
7 208
7 212
7 218
7 231
7 243
7 247
7 250
7 307
7 308
7 310
7 327
7 329
7 351
7 388
7 393
7 429
7 451
7 458
7 514
8 39
8 50
8 92
8 130
8 159
8 278
8 284
8 301
8 328
8 401
8 442
8 445
8 472
8 490
9 21
9 31
9 36
9 102
9 107
9 156
9 158
9 169
9 173
9 174
9 187
9 204
9 230
9 240
9 249
9 252
9 264
9 304
9 350
9 358
9 397
9 405
9 408
9 416
9 419
9 450
9 481
9 534
10 8
10 19
10 20
10 23
10 25
10 43
10 56
10 74
10 117
10 166
10 171
10 223
10 238
10 246
10 260
10 272
10 288
10 293
10 337
10 353
10 407
10 431
10 437
10 499
10 512
11 17
11 53
11 67
11 78
11 81
11 126
11 179
11 195
11 229
11 314
11 321
11 366
11 369
11 387
11 412
11 432
11 455
11 456
11 469
11 487
11 488
11 500
11 529
12 77
12 149
12 150
12 181
12 216
12 235
12 309
12 348
12 357
12 385
12 409
12 453
12 463
12 496
12 524
13 29
13 48
13 219
13 305
13 347
13 391
13 413
13 420
13 423
13 446
13 479
13 506
13 516
14 1
14 13
14 15
14 28
14 38
14 41
14 65
14 99
14 101
14 104
14 120
14 124
14 127
14 144
14 170
14 197
14 199
14 206
14 217
14 222
14 236
14 282
14 330
14 346
14 349
14 354
14 360
14 370
14 377
14 415
14 464
14 467
14 498
14 503
14 525
15 142
15 177
15 352
15 392
15 425
15 526
16 32
16 51
16 62
16 119
16 132
16 162
16 213
16 221
16 261
16 265
16 289
16 300
16 332
16 417
16 422
16 444
16 461
16 475
16 480
16 515
17 10
17 18
17 24
17 26
17 70
17 75
17 112
17 125
17 152
17 211
17 287
17 317
17 343
17 345
17 359
17 368
17 390
17 462
17 492
17 508
17 509
17 518
17 521
