0 1
0 14
0 26
0 33
0 56
0 58
0 62
0 88
0 90
0 96
0 98
0 101
0 149
0 151
0 163
0 170
0 173
0 202
0 215
0 219
0 236
0 241
0 243
0 258
0 266
0 304
0 321
0 326
0 331
0 349
0 361
0 362
0 388
0 411
0 436
0 485
0 518
0 521
0 535
1 5
1 7
1 10
1 86
1 120
1 152
1 169
1 175
1 180
1 191
1 198
1 264
1 268
1 309
1 332
1 345
1 352
1 354
1 364
1 374
1 419
1 449
1 471
1 472
1 530
2 76
2 103
2 142
2 199
2 200
2 294
2 300
2 311
2 366
2 379
2 383
2 386
2 408
2 417
2 433
2 451
2 482
3 54
3 156
3 194
3 255
3 310
3 322
3 329
3 335
3 341
3 373
3 382
3 413
3 414
3 425
3 475
3 491
3 507
3 516
4 127
4 133
4 213
4 223
4 292
4 320
4 353
4 384
4 464
4 494
5 46
5 51
5 68
5 72
5 84
5 106
5 130
5 155
5 210
5 218
5 222
5 250
5 290
5 312
5 336
5 367
5 397
5 401
5 432
5 443
5 457
5 501
6 19
6 36
6 37
6 74
6 83
6 102
6 116
6 125
6 154
6 158
6 192
6 289
6 296
6 385
6 410
6 416
6 448
6 468
6 480
6 503
6 506
6 524
6 534
7 17
7 92
7 108
7 187
7 246
7 298
7 302
7 318
7 337
7 350
7 376
7 423
7 458
8 12
8 29
8 48
8 60
8 70
8 111
8 132
8 190
8 206
8 217
8 308
8 343
8 402
8 442
8 484
8 517
9 31
9 43
9 59
9 77
9 82
9 107
9 117
9 159
9 164
9 184
9 196
9 245
9 252
9 327
9 357
9 381
9 390
9 393
9 487
9 492
10 9
10 39
10 42
10 47
10 67
10 118
10 131
10 144
10 179
10 204
10 232
10 269
10 281
10 287
10 426
10 477
10 528
11 22
11 53
11 123
11 135
11 150
11 182
11 271
11 295
11 305
11 338
11 339
11 358
11 372
11 375
11 394
11 399
11 431
11 463
11 495
11 510
11 511
11 515
11 526
12 63
12 147
12 207
12 257
12 262
12 363
12 368
12 371
12 456
12 486
12 504
13 38
13 64
13 69
13 99
13 110
13 126
13 134
13 162
13 205
13 209
13 221
13 248
13 263
13 279
13 293
13 313
13 355
13 428
13 446
13 452
13 465
14 0
14 21
14 23
14 87
14 100
14 121
14 137
14 143
14 157
14 185
14 212
14 216
14 324
14 328
14 404
14 489
14 496
14 514
15 2
15 13
15 44
15 78
15 80
15 136
15 138
15 166
15 174
15 177
15 181
15 188
15 229
15 276
15 299
15 323
15 325
15 351
15 359
15 380
15 391
15 395
15 396
15 412
15 435
15 455
15 478
15 488
15 502
15 520
15 522
15 529
16 32
16 97
16 161
16 176
16 214
16 227
16 234
16 251
16 275
16 297
16 378
16 392
16 407
16 461
17 6
17 8
17 27
17 30
17 52
17 73
17 95
17 124
17 165
17 195
17 230
17 242
17 303
17 315
17 346
17 360
17 369
17 377
17 437
17 444
17 445
17 469
17 505
17 512
17 533
18 3
18 20
18 24
18 50
18 61
18 114
18 148
18 240
18 261
18 330
18 347
18 405
18 422
18 438
18 474
18 490
18 498
18 499
19 16
19 35
19 40
19 65
19 115
19 139
19 172
19 197
19 235
19 254
19 265
19 270
19 272
19 277
19 288
19 307
19 317
19 340
19 348
19 403
19 409
19 418
19 439
19 440
19 462
19 466
19 481
