0 2
0 38
0 51
0 95
0 101
0 171
0 176
0 180
0 200
0 230
0 263
0 292
0 320
0 326
0 343
0 344
0 353
0 370
0 400
0 414
0 419
0 425
0 426
0 461
0 462
0 469
0 480
0 482
0 485
0 487
0 492
0 518
0 520
0 522
1 11
1 25
1 26
1 48
1 63
1 81
1 90
1 112
1 142
1 148
1 207
1 209
1 240
1 245
1 251
1 255
1 300
1 305
1 307
1 314
1 318
1 328
1 346
1 378
1 422
1 468
1 475
1 486
1 506
1 515
1 528
1 530
2 1
2 14
2 18
2 35
2 54
2 73
2 86
2 96
2 132
2 134
2 155
2 158
2 161
2 172
2 181
2 189
2 205
2 208
2 215
2 232
2 241
2 247
2 250
2 253
2 257
2 269
2 286
2 294
2 313
2 315
2 323
2 324
2 331
2 335
2 350
2 358
2 368
2 372
2 382
2 388
2 407
2 409
2 416
2 431
2 434
2 435
2 467
2 476
2 505
2 517
2 525
3 19
3 52
3 71
3 74
3 110
3 114
3 128
3 151
3 192
3 234
3 235
3 238
3 270
3 272
3 295
3 332
3 392
3 408
3 444
3 446
3 449
3 453
3 503
4 43
4 84
4 100
4 129
4 197
4 210
4 223
4 229
4 264
4 276
4 297
4 309
4 341
4 352
4 369
4 386
4 395
4 396
4 433
4 438
4 440
4 483
4 502
4 509
4 514
4 532
5 47
5 60
5 66
5 67
5 68
5 75
5 78
5 111
5 113
5 115
5 146
5 165
5 166
5 177
5 212
5 225
5 248
5 287
5 303
5 336
5 354
5 359
5 381
5 402
5 443
5 450
5 464
5 484
5 491
5 495
5 497
5 523
5 529
6 9
6 37
6 42
6 83
6 174
6 178
6 194
6 198
6 213
6 227
6 231
6 233
6 252
6 291
6 299
6 317
6 321
6 351
6 367
6 401
6 410
6 423
6 455
6 463
6 496
7 21
7 27
7 32
7 36
7 40
7 53
7 88
7 99
7 119
7 144
7 145
7 152
7 156
7 157
7 159
7 199
7 206
7 217
7 222
7 236
7 277
7 283
7 289
7 310
7 322
7 337
7 347
7 361
7 364
7 377
7 391
7 412
7 430
7 436
7 451
7 477
7 498
7 501
7 512
7 535
8 3
8 6
8 17
8 69
8 70
8 92
8 117
8 121
8 124
8 127
8 150
8 219
8 302
8 327
8 330
8 339
8 390
8 429
8 452
8 457
8 458
8 510
9 16
9 22
9 23
9 62
9 104
9 116
9 123
9 136
9 175
9 185
9 221
9 262
9 268
9 278
9 281
9 290
9 312
9 334
9 338
9 360
9 397
9 417
9 418
9 521
9 533
10 31
10 46
10 49
10 105
10 130
10 133
10 179
10 325
10 340
10 345
10 363
10 472
10 474
10 507
10 516
10 524
11 39
11 58
11 98
11 138
11 162
11 173
11 218
11 308
11 376
11 411
11 420
11 428
11 500
11 511
12 24
12 29
12 80
12 87
12 149
12 164
12 190
12 211
12 261
12 279
12 284
12 373
12 413
12 488
12 490
12 526
13 0
13 5
13 50
13 61
13 64
13 102
13 103
13 107
13 122
13 135
13 137
13 139
13 147
13 182
13 195
13 202
13 214
13 216
13 249
13 254
13 298
13 311
13 357
13 366
13 374
13 384
13 404
13 405
13 415
13 432
13 471
13 494
13 519
14 44
14 125
15 28
15 59
15 77
15 106
15 126
15 131
15 143
15 184
15 187
15 188
15 204
15 246
15 266
15 271
15 275
15 348
15 355
15 375
15 379
15 393
15 394
15 406
15 445
15 456
15 465
15 470
15 481
15 504
15 534
16 8
16 12
16 13
16 20
16 30
16 33
16 56
16 65
16 76
16 82
16 118
16 154
16 169
16 170
16 191
16 196
16 242
16 243
16 288
16 293
16 296
16 304
16 329
16 349
16 371
16 380
16 383
16 403
16 437
16 448
16 473
16 478
16 479
16 499
