0 14
0 19
0 63
0 85
0 98
0 116
0 131
0 157
0 164
0 175
0 188
0 206
0 222
0 257
0 277
0 312
0 331
0 372
0 396
0 435
0 477
0 495
0 519
1 7
1 39
1 59
1 96
1 207
1 227
1 236
1 247
1 252
1 262
1 263
1 289
1 305
1 324
1 325
1 327
1 390
1 425
1 460
1 473
1 497
1 521
1 525
1 526
2 0
2 29
2 35
2 43
2 86
2 97
2 110
2 117
2 151
2 155
2 163
2 165
2 172
2 211
2 276
2 326
2 350
2 491
2 517
3 10
3 48
3 69
3 75
3 134
3 135
3 142
3 152
3 173
3 180
3 187
3 200
3 281
3 288
3 353
3 447
3 511
4 51
4 184
4 221
4 278
4 294
4 311
4 345
4 380
4 400
4 418
4 468
4 492
4 504
4 512
4 516
5 3
5 33
5 41
5 54
5 64
5 82
5 95
5 115
5 120
5 145
5 171
5 190
5 201
5 219
5 225
5 230
5 245
5 265
5 283
5 302
5 303
5 307
5 339
5 349
5 355
5 359
5 378
5 383
5 406
5 415
5 419
5 466
5 474
5 490
5 507
5 518
5 522
5 523
5 524
5 527
5 528
6 101
6 214
6 258
6 269
6 271
6 279
6 295
6 320
6 323
6 367
6 370
6 376
6 387
6 399
6 434
6 437
6 443
6 451
6 464
6 475
6 505
6 506
7 6
7 44
7 50
7 56
7 90
7 100
7 102
7 106
7 159
7 166
7 174
7 181
7 192
7 198
7 209
7 250
7 254
7 260
7 266
7 293
7 310
7 348
7 352
7 394
7 405
7 408
7 414
7 442
7 446
7 503
8 16
8 17
8 30
8 67
8 73
8 76
8 84
8 105
8 114
8 137
8 138
8 139
8 149
8 177
8 231
8 241
8 264
8 268
8 291
8 299
8 300
8 338
8 360
8 364
8 381
8 388
8 404
8 410
8 461
8 462
8 500
8 502
9 23
9 46
9 47
9 61
9 66
9 111
9 127
9 158
9 182
9 185
9 194
9 204
9 235
9 238
9 284
9 344
9 346
9 351
9 368
9 407
9 428
9 456
9 465
10 21
10 36
10 42
10 52
10 77
10 103
10 118
10 128
10 129
10 232
10 343
10 366
10 373
10 374
10 438
10 445
10 472
10 487
10 498
11 2
11 8
11 12
11 144
11 146
11 176
11 179
11 213
11 261
11 290
11 297
11 329
11 332
11 393
11 395
11 430
11 455
11 471
11 494
12 27
12 71
12 108
12 122
12 148
12 195
12 197
12 212
12 233
12 272
12 287
12 330
12 357
12 362
12 379
12 402
12 413
12 417
12 444
12 482
12 485
12 496
13 38
13 80
13 112
13 119
13 123
13 125
13 147
13 150
13 156
13 162
13 215
13 223
13 251
13 304
13 318
13 336
13 354
13 386
13 392
13 423
13 467
13 478
13 510
13 514
14 11
14 70
14 72
14 81
14 104
14 154
14 196
14 253
14 340
14 375
14 432
14 452
14 458
14 501
14 532
14 533
14 535
15 1
15 31
15 45
15 58
15 60
15 107
15 121
15 126
15 143
15 199
15 216
15 234
15 249
15 335
15 347
15 358
15 361
15 401
15 409
15 436
15 449
15 476
15 479
15 480
15 509
15 520
15 534
16 18
16 62
16 74
16 87
16 92
16 132
16 178
16 248
16 267
16 286
16 314
16 322
16 337
16 397
16 412
16 420
16 433
16 439
16 448
16 469
16 483
16 529
16 530
17 9
17 22
17 25
17 32
17 49
17 68
17 83
17 88
17 133
17 161
17 169
17 170
17 189
17 217
17 218
17 229
17 240
17 255
17 292
17 296
17 298
17 308
17 334
17 369
17 377
17 403
17 426
17 499
18 5
18 20
18 24
18 40
18 57
18 124
18 130
18 136
18 205
18 270
18 309
18 313
18 315
18 317
18 321
18 328
18 341
18 371
18 382
18 384
18 457
18 463
18 486
18 515
19 28
19 34
19 37
19 53
19 55
19 78
19 191
19 202
19 210
19 246
19 363
19 385
19 391
19 411
19 422
19 429
19 440
19 453
19 470
19 481
19 484
19 488
