0 16
0 41
0 48
0 51
0 54
0 70
0 83
0 90
0 122
0 175
0 221
0 243
0 266
0 309
0 316
0 320
0 343
0 351
0 358
0 361
0 404
0 412
0 431
0 438
0 453
0 478
0 482
0 484
0 514
1 13
1 43
1 88
1 105
1 120
1 123
1 165
1 188
1 238
1 255
1 261
1 265
1 298
1 303
1 321
1 339
1 392
1 485
1 509
1 519
1 532
2 19
2 40
2 137
2 230
2 271
2 305
2 332
2 345
2 364
2 405
2 417
2 467
2 468
2 492
2 530
3 71
3 87
3 108
3 154
3 174
3 208
3 214
3 278
3 292
3 301
3 336
3 346
3 348
3 366
3 373
3 395
3 428
3 442
3 451
3 463
3 465
3 472
3 491
3 511
3 524
4 18
4 49
4 68
4 107
4 148
4 197
4 212
4 311
4 378
4 413
4 416
4 447
4 455
4 460
4 464
4 521
5 8
5 20
5 29
5 35
5 37
5 39
5 50
5 53
5 103
5 116
5 136
5 158
5 196
5 236
5 241
5 245
5 249
5 258
5 275
5 276
5 281
5 288
5 299
5 314
5 322
5 377
5 385
5 396
5 407
5 423
5 425
5 494
5 496
5 520
5 529
6 14
6 47
6 56
6 58
6 67
6 74
6 102
6 127
6 172
6 183
6 184
6 200
6 219
6 229
6 248
6 268
6 282
6 291
6 294
6 323
6 370
6 375
6 409
6 419
6 475
6 498
6 508
6 517
6 526
7 0
7 5
7 7
7 45
7 46
7 72
7 81
7 92
7 104
7 114
7 119
7 121
7 125
7 128
7 142
7 147
7 155
7 159
7 205
7 246
7 293
7 295
7 328
7 338
7 359
7 372
7 382
7 400
7 401
7 448
7 462
7 487
7 495
7 504
7 534
8 516
9 9
9 27
9 96
9 113
9 117
9 131
9 145
9 149
9 170
9 187
9 207
9 211
9 218
9 225
9 233
9 283
9 286
9 297
9 315
9 324
9 349
9 399
9 403
9 411
9 440
9 452
9 471
9 486
9 490
9 523
9 533
9 535
10 42
10 73
10 80
10 202
10 232
10 240
10 253
10 302
10 337
10 341
10 362
10 380
10 383
10 446
10 480
11 3
11 12
11 26
11 38
11 82
11 101
11 106
11 110
11 130
11 150
11 164
11 180
11 189
11 257
11 289
11 290
11 304
11 313
11 326
11 329
11 367
11 384
11 426
11 449
11 474
11 488
11 515
11 528
12 17
12 23
12 65
12 157
12 169
12 178
12 181
12 199
12 224
12 259
12 260
12 307
12 310
12 327
12 379
12 390
12 429
12 461
12 499
12 500
13 15
13 25
13 44
13 69
13 86
13 95
13 126
13 135
13 138
13 139
13 143
13 152
13 194
13 198
13 206
13 215
13 216
13 222
13 250
13 272
13 284
13 317
13 330
13 335
13 353
13 368
13 376
13 402
13 433
13 437
13 450
13 481
13 493
13 507
14 30
14 61
14 64
14 76
14 77
14 78
14 100
14 166
14 173
14 177
14 185
14 192
14 210
14 223
14 242
14 252
14 312
14 352
14 371
14 386
14 387
14 505
14 512
15 2
15 11
15 36
15 52
15 85
15 98
15 111
15 132
15 151
15 162
15 163
15 176
15 247
15 264
15 269
15 277
15 331
15 334
15 340
15 389
15 415
15 420
15 421
15 445
15 477
15 502
15 525
16 62
16 97
16 134
16 144
16 146
16 179
16 209
16 217
16 234
16 300
16 347
16 393
16 408
16 410
16 414
16 418
16 432
16 435
16 489
16 501
16 506
17 6
17 22
17 32
17 33
17 34
17 66
17 75
17 84
17 124
17 156
17 167
17 191
17 213
17 227
17 235
17 254
17 267
17 296
17 350
17 354
17 357
17 360
17 369
17 391
17 422
17 430
17 439
17 443
17 456
17 466
17 469
17 510
18 21
18 28
18 31
18 60
18 91
18 112
18 115
18 118
18 133
18 161
18 168
18 171
18 182
18 190
18 204
18 263
18 318
18 325
18 344
18 388
18 406
18 444
18 457
18 458
18 479
18 497
18 503
18 518
18 522
