0 11
0 34
0 35
0 38
0 41
0 42
0 58
0 70
0 81
0 119
0 122
0 135
0 188
0 214
0 223
0 229
0 232
0 236
0 243
0 248
0 254
0 261
0 286
0 290
0 293
0 296
0 310
0 314
0 325
0 368
0 382
0 389
0 410
0 418
0 447
0 450
0 465
0 486
0 509
1 6
1 10
1 36
1 60
1 76
1 77
1 111
1 126
1 142
1 149
1 152
1 156
1 196
1 207
1 238
1 255
1 313
1 350
1 388
1 406
1 461
1 488
1 502
1 530
2 22
2 40
2 45
2 88
2 92
2 113
2 116
2 124
2 155
2 161
2 172
2 197
2 284
2 297
2 318
2 337
2 338
2 340
2 361
2 364
2 386
2 407
2 412
2 417
2 419
2 439
2 443
2 471
2 516
2 521
2 523
2 525
3 65
3 73
3 85
3 91
3 95
3 123
3 165
3 206
3 209
3 294
3 324
3 344
3 380
3 384
3 401
3 435
3 449
3 489
3 514
3 518
3 524
3 532
4 0
4 12
4 29
4 43
4 48
4 72
4 87
4 99
4 174
4 179
4 195
4 205
4 212
4 219
4 222
4 235
4 262
4 269
4 281
4 291
4 308
4 329
4 387
4 392
4 415
4 452
4 458
4 463
4 480
4 481
4 510
4 519
4 529
5 5
5 37
5 39
5 44
5 68
5 74
5 86
5 98
5 105
5 108
5 115
5 133
5 157
5 171
5 180
5 200
5 249
5 258
5 265
5 299
5 336
5 339
5 359
5 367
5 376
5 378
5 383
5 408
5 432
5 434
5 467
5 474
5 479
5 485
5 491
5 497
5 503
5 504
5 515
5 528
5 533
6 3
6 16
6 18
6 24
6 83
6 84
6 96
6 101
6 114
6 121
6 134
6 137
6 154
6 185
6 198
6 211
6 215
6 241
6 275
6 283
6 300
6 315
6 317
6 347
6 351
6 352
6 390
6 404
6 423
6 426
6 473
6 482
6 522
7 28
7 33
7 55
7 163
7 173
7 177
7 178
7 267
7 282
7 285
7 302
7 311
7 326
7 413
7 420
7 421
7 453
7 459
7 460
7 464
8 100
8 166
8 246
8 278
8 414
8 456
8 492
8 535
9 15
9 23
9 52
9 62
9 69
9 71
9 78
9 79
9 82
9 127
9 131
9 147
9 192
9 213
9 224
9 233
9 252
9 259
9 272
9 277
9 309
9 312
9 322
9 330
9 346
9 354
9 393
9 405
9 437
9 451
9 466
9 478
9 494
9 496
9 507
9 508
9 511
9 512
9 517
9 526
10 25
10 27
10 32
10 46
10 75
10 139
10 162
10 164
10 181
10 187
10 202
10 216
10 240
10 263
10 279
10 292
10 316
10 328
10 348
10 349
10 422
10 425
10 448
10 476
10 490
10 493
10 495
10 499
10 501
11 2
11 112
11 145
11 150
11 169
11 183
11 190
11 225
11 245
11 247
11 298
11 334
11 357
11 363
11 370
11 371
11 396
11 402
11 429
11 438
11 500
11 506
12 9
12 21
12 31
12 47
12 49
12 51
12 54
12 64
12 80
12 110
12 117
12 128
12 130
12 136
12 143
12 144
12 158
12 189
12 218
12 323
12 353
12 375
12 379
12 430
12 433
12 446
12 462
12 484
13 7
13 17
13 19
13 50
13 56
13 106
13 132
13 148
13 151
13 170
13 175
13 176
13 191
13 210
13 230
13 234
13 242
13 250
13 253
13 257
13 264
13 266
13 289
13 301
13 303
13 304
13 307
13 332
13 335
13 343
13 358
13 362
13 373
13 395
13 403
13 416
13 442
13 444
13 445
13 457
13 469
13 470
13 472
13 477
13 487
13 498
13 520
14 20
14 61
14 67
14 102
14 104
14 138
14 146
14 184
14 194
14 203
14 208
14 276
14 295
14 327
14 360
14 372
14 431
14 455
15 13
15 26
15 30
15 53
15 90
15 103
15 107
15 118
15 125
15 159
15 182
15 204
15 217
15 221
15 227
15 268
15 271
15 305
15 321
15 331
15 341
15 345
15 366
15 369
15 391
15 399
15 400
15 411
15 428
15 440
15 468
15 505
