0 11
0 32
0 37
0 43
0 46
0 58
0 62
0 81
0 120
0 132
0 158
0 209
0 219
0 257
0 263
0 266
0 346
0 351
0 357
0 376
0 392
0 396
0 397
0 413
0 419
0 448
0 476
0 486
0 517
0 530
0 533
1 86
1 95
1 98
1 125
1 304
1 317
1 349
1 354
1 386
1 416
1 420
1 453
1 463
1 465
1 467
1 506
1 519
2 35
2 48
2 187
2 190
2 241
2 258
2 327
2 328
2 422
2 426
2 432
2 437
2 451
2 511
2 521
3 14
3 28
3 34
3 54
3 69
3 96
3 121
3 139
3 170
3 181
3 199
3 215
3 265
3 267
3 282
3 286
3 340
3 353
3 407
3 421
3 435
3 446
3 464
3 472
3 497
3 502
4 24
4 64
4 72
4 74
4 113
4 115
4 123
4 145
4 161
4 180
4 197
4 225
4 238
4 245
4 246
4 276
4 297
4 298
4 336
4 361
4 378
4 388
4 417
4 490
4 528
5 67
5 83
5 99
5 118
5 134
5 137
5 198
5 217
5 221
5 229
5 262
5 287
5 305
5 331
5 334
5 335
5 369
5 391
5 411
5 496
5 498
5 504
5 510
6 253
6 373
6 492
6 516
7 47
7 61
7 68
7 97
7 151
7 174
7 195
7 216
7 218
7 224
7 236
7 249
7 271
7 326
7 404
7 430
7 512
8 13
8 19
8 38
8 40
8 44
8 45
8 108
8 111
8 112
8 116
8 127
8 130
8 159
8 163
8 176
8 177
8 179
8 184
8 203
8 214
8 234
8 247
8 284
8 288
8 307
8 320
8 325
8 374
8 380
8 383
8 401
8 403
8 408
8 433
8 434
8 466
8 471
8 481
8 489
8 514
8 523
9 29
9 70
9 73
9 106
9 114
9 117
9 131
9 207
9 294
9 302
9 314
9 318
9 348
9 364
9 366
9 379
9 384
9 400
9 409
9 412
9 423
9 443
9 457
9 468
9 482
9 507
9 529
10 5
10 65
10 77
10 80
10 138
10 147
10 150
10 155
10 183
10 192
10 223
10 235
10 269
10 278
10 300
10 330
10 352
10 359
10 360
10 368
10 387
10 508
10 515
11 9
11 21
11 23
11 30
11 39
11 50
11 56
11 82
11 104
11 119
11 211
11 233
11 261
11 350
11 362
11 370
11 372
11 406
11 425
11 429
11 447
11 452
11 474
11 509
11 518
11 532
11 534
12 12
12 42
12 52
12 87
12 124
12 128
12 156
12 165
12 213
12 268
12 289
12 316
12 322
12 341
12 377
12 480
12 485
12 494
13 7
13 36
13 75
13 78
13 100
13 103
13 110
13 133
13 135
13 144
13 148
13 171
13 175
13 185
13 194
13 196
13 205
13 227
13 232
13 240
13 272
13 296
13 312
13 321
13 329
13 343
13 358
13 385
13 415
13 418
13 428
13 438
13 455
13 458
13 462
14 15
14 22
14 31
14 33
14 51
14 53
14 55
14 88
14 122
14 136
14 172
14 200
14 202
14 204
14 230
14 231
14 251
14 275
14 303
14 309
14 323
14 338
14 339
14 363
14 402
14 439
14 442
14 444
14 445
15 3
15 10
15 27
15 63
15 71
15 76
15 90
15 105
15 126
15 146
15 157
15 162
15 173
15 188
15 191
15 208
15 252
15 264
15 291
15 293
15 295
15 308
15 315
15 344
15 375
15 393
15 395
15 414
15 436
15 449
15 450
15 459
15 478
15 487
16 0
16 17
16 18
16 20
16 60
16 102
16 152
16 189
16 210
16 248
16 281
16 299
16 347
16 367
16 440
16 461
16 469
17 6
17 85
17 142
17 143
17 164
17 166
17 206
17 222
17 242
17 260
17 277
17 292
17 301
17 313
17 332
17 337
17 345
17 390
17 410
17 431
17 484
17 491
17 500
17 535
18 2
18 26
18 149
18 182
18 279
18 283
18 311
18 475
18 479
18 495
18 499
18 501
18 520
18 522
18 524
18 525
18 526
19 16
19 25
19 41
19 49
19 84
19 92
19 101
19 107
19 154
19 169
19 212
19 250
19 255
19 290
19 310
19 405
19 456
19 477
19 488
19 503
