0 9
0 10
0 64
0 110
0 120
0 134
0 150
0 176
0 197
0 204
0 217
0 218
0 248
0 249
0 307
0 311
0 315
0 385
0 408
0 450
0 477
0 532
1 25
1 32
1 75
1 79
1 102
1 103
1 118
1 121
1 163
1 195
1 232
1 254
1 263
1 269
1 295
1 366
1 368
1 379
1 384
1 484
1 490
1 496
1 511
2 6
2 49
2 78
2 246
2 298
2 425
2 478
2 492
2 504
2 520
3 54
3 61
3 65
3 73
3 154
3 225
3 229
3 281
3 284
3 292
3 293
3 400
3 409
3 497
4 20
4 29
4 43
4 50
4 138
4 192
4 216
4 241
4 264
4 282
4 321
4 329
4 367
4 461
4 501
5 91
5 136
5 159
5 325
5 412
5 418
5 526
6 67
6 83
6 84
6 99
6 175
6 291
6 326
6 338
6 392
6 402
6 420
6 430
6 437
6 444
6 462
6 472
6 480
6 502
7 17
7 22
7 38
7 40
7 52
7 116
7 129
7 156
7 158
7 179
7 206
7 214
7 224
7 255
7 278
7 310
7 318
7 324
7 328
7 350
7 351
7 364
7 391
7 395
7 401
7 414
7 415
7 423
7 429
7 434
7 435
7 438
7 447
7 459
7 460
7 488
7 489
7 491
7 512
8 16
8 27
8 74
8 155
8 202
8 212
8 265
8 275
8 289
8 353
8 375
8 381
8 432
8 433
8 455
8 479
8 519
9 5
9 11
9 39
9 51
9 100
9 188
9 194
9 233
9 240
9 294
9 343
9 348
9 410
9 509
9 516
9 521
10 24
10 31
10 135
10 142
10 234
10 288
10 389
10 396
10 485
10 500
11 119
11 173
11 301
11 360
11 371
11 378
11 474
12 19
12 42
12 55
12 56
12 81
12 90
12 95
12 97
12 101
12 104
12 108
12 114
12 137
12 139
12 169
12 189
12 196
12 260
12 330
12 337
12 340
12 341
12 369
12 403
12 405
12 419
12 449
12 468
12 473
12 487
12 495
12 514
13 88
13 127
13 190
13 236
13 300
13 317
13 363
13 422
14 0
14 28
14 71
14 117
14 133
14 143
14 147
14 164
14 168
14 171
14 181
14 184
14 251
14 257
14 279
14 286
14 320
14 335
14 344
14 345
14 386
14 445
14 505
14 508
15 7
15 30
15 37
15 60
15 92
15 125
15 126
15 130
15 145
15 182
15 207
15 223
15 227
15 277
15 302
15 327
15 404
15 407
15 413
15 417
15 453
15 457
15 494
15 499
16 132
16 219
16 245
16 272
16 290
16 346
16 352
16 376
16 411
16 481
16 524
17 58
17 72
17 157
17 250
17 305
17 421
18 177
18 180
18 262
