0 13
0 29
0 33
0 53
0 78
0 85
0 108
0 128
0 135
0 154
0 158
0 184
0 229
0 239
0 248
0 286
0 300
0 310
0 312
0 317
0 331
0 344
0 362
0 411
0 428
0 444
0 467
0 490
0 519
1 12
1 28
1 30
1 38
1 51
1 74
1 80
1 116
1 120
1 121
1 152
1 231
1 240
1 246
1 251
1 272
1 291
1 294
1 360
1 376
1 391
1 395
1 397
1 448
1 466
1 503
1 515
1 520
1 530
2 35
2 49
2 126
2 137
2 146
2 204
2 222
2 258
2 297
2 418
2 420
2 430
2 479
2 525
3 17
3 63
3 76
3 77
3 142
3 162
3 170
3 173
3 215
3 221
3 262
3 276
3 292
3 298
3 307
3 401
3 439
3 440
3 447
3 475
4 11
4 20
4 159
4 197
4 205
4 211
4 249
4 260
4 374
4 417
4 422
4 452
4 464
4 480
4 486
4 489
4 514
5 3
5 16
5 19
5 54
5 98
5 118
5 148
5 192
5 208
5 224
5 324
5 384
5 403
6 9
6 32
6 48
6 52
6 64
6 122
6 123
6 179
6 196
6 250
6 289
6 311
6 315
6 323
6 386
6 404
6 405
6 426
6 437
6 455
6 472
6 482
6 492
7 61
7 88
7 97
7 105
7 138
7 143
7 149
7 156
7 157
7 198
7 214
7 245
7 265
7 266
7 290
7 303
7 353
7 367
7 372
7 378
7 390
7 406
7 423
7 434
7 438
7 460
7 461
7 470
7 521
7 534
7 535
8 45
8 55
8 58
8 62
8 101
8 112
8 115
8 129
8 155
8 172
8 176
8 177
8 210
8 227
8 233
8 241
8 279
8 284
8 325
8 354
8 387
8 412
8 443
8 459
8 476
8 484
8 506
8 510
8 523
8 533
9 22
9 92
9 102
9 124
9 133
9 174
9 195
9 232
9 235
9 242
9 268
9 270
9 271
9 283
9 339
9 396
9 502
9 504
9 507
9 511
10 37
10 40
10 150
10 194
10 206
10 364
10 373
10 456
10 463
10 498
11 47
11 57
11 69
11 132
11 180
11 199
11 207
11 236
11 399
11 462
11 516
11 517
12 18
12 39
12 46
12 70
12 72
12 125
12 169
12 255
12 269
12 288
12 299
12 338
12 359
12 363
12 382
12 429
12 487
12 529
13 21
13 60
13 67
13 103
13 144
13 181
13 185
13 213
13 275
13 278
13 301
13 320
13 321
13 357
13 358
13 388
13 389
13 392
13 432
13 433
13 468
13 478
13 491
13 500
14 24
14 26
14 82
14 83
14 100
14 130
14 134
14 182
14 200
14 253
14 257
14 277
14 313
14 329
14 340
14 341
14 380
14 394
14 402
14 408
14 414
14 419
14 458
14 465
14 496
15 2
15 25
15 44
15 59
15 68
15 90
15 139
15 189
15 190
15 218
15 247
15 254
15 261
15 304
15 349
15 368
15 377
15 381
15 400
15 409
15 410
15 413
15 435
15 445
15 446
15 471
15 483
15 485
15 528
16 5
16 6
16 23
16 27
16 31
16 42
16 86
16 99
16 111
16 119
16 136
16 163
16 166
16 175
16 178
16 188
16 219
16 264
16 296
16 318
16 328
16 334
16 336
16 348
16 352
16 379
16 481
16 495
16 501
16 512
17 84
17 87
17 104
17 147
17 263
17 287
17 309
17 322
17 337
17 351
17 369
17 375
17 416
17 474
17 488
17 494
17 505
18 56
18 73
18 91
18 95
18 96
18 107
18 113
18 131
18 145
18 151
18 168
18 209
18 217
18 230
18 243
18 252
18 267
18 281
18 293
18 308
18 316
18 330
18 345
18 346
18 361
18 425
18 449
18 453
18 473
18 477
18 532
19 0
19 7
19 8
19 36
19 71
19 75
19 110
19 117
19 127
19 187
19 212
19 216
19 223
19 234
19 238
19 327
19 332
19 383
19 436
19 442
19 457
19 469
19 497
19 526
