0 7
0 9
0 22
0 30
0 90
0 95
0 104
0 106
0 124
0 141
0 151
0 176
0 198
0 240
0 250
0 274
0 296
0 385
0 388
1 0
1 40
1 92
1 170
1 196
1 206
1 227
1 229
1 231
1 233
1 238
1 246
1 280
1 291
1 305
1 313
1 314
1 324
1 332
1 338
1 357
1 375
2 4
2 13
2 35
2 37
2 39
2 44
2 55
2 65
2 67
2 73
2 84
2 88
2 93
2 96
2 97
2 111
2 117
2 156
2 161
2 164
2 179
2 187
2 189
2 199
2 200
2 202
2 212
2 213
2 218
2 220
2 222
2 237
2 242
2 245
2 247
2 248
2 252
2 268
2 286
2 289
2 290
2 303
2 310
2 318
2 325
2 347
2 351
2 356
2 361
2 364
2 366
2 372
2 394
3 5
3 8
3 16
3 76
3 85
3 103
3 115
3 127
3 132
3 142
3 181
3 228
3 263
3 288
3 306
3 307
3 333
3 336
3 379
3 392
3 398
4 26
4 58
4 75
4 98
4 105
4 108
4 171
4 230
4 232
4 261
4 267
4 384
5 1
5 31
5 47
5 51
5 70
5 87
5 89
5 113
5 128
5 139
5 162
5 163
5 175
5 177
5 178
5 205
5 243
5 260
5 277
5 282
5 285
5 355
5 367
5 378
5 390
6 41
6 110
6 281
6 302
6 368
7 116
7 134
7 153
7 172
7 193
7 244
7 253
7 254
7 275
7 329
7 343
7 374
8 15
8 17
8 121
8 135
8 152
8 154
8 191
8 214
8 272
8 279
8 294
8 308
8 320
8 331
8 389
9 20
9 25
9 28
9 53
9 57
9 60
9 133
9 147
9 168
9 180
9 182
9 257
9 259
9 393
10 21
10 34
10 42
10 46
10 48
10 54
10 62
10 72
10 79
10 123
10 146
10 216
10 235
10 255
10 264
10 273
10 293
10 304
10 312
10 316
10 321
10 339
10 341
10 391
11 6
11 10
11 50
11 52
11 68
11 101
11 114
11 143
11 150
11 155
11 166
11 188
11 211
11 219
11 234
11 283
11 292
11 297
11 322
11 326
11 337
11 344
11 350
11 352
11 381
11 386
11 396
12 2
12 12
12 14
12 18
12 33
12 43
12 45
12 56
12 74
12 86
12 91
12 102
12 107
12 119
12 126
12 131
12 136
12 140
12 144
12 159
12 160
12 167
12 169
12 174
12 184
12 185
12 186
12 190
12 195
12 209
12 215
12 221
12 223
12 224
12 239
12 241
12 249
12 251
12 256
12 258
12 262
12 276
12 278
12 287
12 300
12 327
12 342
12 349
12 358
12 363
12 365
12 370
12 371
12 380
12 382
12 397
13 3
13 49
13 59
13 83
13 99
13 100
13 109
13 130
13 157
13 165
13 204
13 217
13 236
13 265
13 266
13 269
13 328
13 354
13 359
13 387
13 395
13 399
14 19
14 27
14 94
14 122
14 125
14 173
14 197
14 270
14 271
14 309
14 311
14 315
14 317
14 335
14 340
14 369
15 23
15 346
15 348
16 29
16 36
16 61
16 63
16 69
16 118
16 158
16 183
16 192
16 194
16 225
16 226
16 295
16 298
16 299
16 330
16 345
16 353
16 376
17 11
17 32
17 64
17 77
17 78
17 80
17 81
17 82
17 120
17 129
17 137
17 145
17 149
17 207
17 301
17 319
17 323
17 360
17 377
17 383
18 24
18 38
18 66
18 148
18 201
18 203
18 208
18 284
18 334
18 362
18 373
19 71
19 112
19 138
19 210
