0 3
0 9
0 42
0 53
0 54
0 62
0 69
0 82
0 101
0 106
0 123
0 141
0 156
0 169
0 190
0 222
0 231
0 255
0 268
0 286
0 305
0 315
0 321
0 361
0 365
1 2
1 5
1 16
1 32
1 33
1 121
1 129
1 179
1 206
1 216
1 232
1 285
1 295
1 309
1 313
1 336
1 357
1 372
1 374
1 384
1 398
2 6
2 20
2 21
2 28
2 29
2 40
2 65
2 88
2 124
2 128
2 152
2 167
2 173
2 183
2 192
2 197
2 201
2 211
2 219
2 238
2 246
2 253
2 271
2 299
2 319
2 335
2 337
2 356
2 393
3 71
3 91
3 100
3 104
3 117
3 135
3 138
3 208
3 239
3 331
4 18
4 34
4 72
4 83
4 97
4 131
4 144
4 146
4 158
4 159
4 163
4 164
4 188
4 200
4 221
4 251
4 264
4 269
4 338
4 341
4 364
4 371
4 375
4 381
4 382
5 7
5 52
5 182
5 202
5 210
5 218
5 257
5 311
5 334
6 8
6 38
6 46
6 80
6 84
6 98
6 105
6 149
6 153
6 189
6 194
6 235
6 314
6 317
6 329
6 355
7 4
7 19
7 31
7 60
7 66
7 68
7 70
7 74
7 113
7 139
7 185
7 212
7 227
7 233
7 241
7 243
7 245
7 277
7 290
7 300
7 308
7 310
7 318
7 340
7 349
7 350
7 369
7 385
8 1
8 14
8 56
8 57
8 94
8 112
8 120
8 133
8 143
8 148
8 150
8 151
8 155
8 184
8 223
8 236
8 240
8 256
8 262
8 278
8 303
8 306
8 325
8 342
8 344
8 370
8 396
8 397
9 64
9 99
9 115
9 126
9 142
9 157
9 165
9 170
9 174
9 191
9 204
9 220
9 281
9 301
9 323
9 328
9 333
9 376
10 86
10 89
10 90
10 107
10 111
10 122
10 168
10 186
10 203
10 248
10 275
10 283
10 312
10 330
10 332
11 15
11 43
11 108
11 125
11 132
11 136
11 140
11 154
11 160
11 161
11 224
11 249
11 258
11 265
11 292
11 294
11 298
11 322
11 343
11 347
11 351
11 362
11 366
11 377
11 389
12 25
12 27
12 47
12 50
12 118
12 175
12 176
12 215
12 244
12 250
12 254
12 270
12 276
12 282
12 293
12 327
12 388
13 41
13 49
13 85
13 193
13 196
13 199
13 214
13 302
13 326
13 358
13 368
13 392
14 26
14 45
14 48
14 58
14 61
14 75
14 77
14 78
14 230
14 260
14 263
14 320
14 353
14 373
15 11
15 12
15 17
15 76
15 93
15 95
15 103
15 134
15 145
15 171
15 207
15 252
15 272
15 279
15 291
15 360
15 379
15 383
16 10
16 35
16 36
16 37
16 39
16 44
16 63
16 81
16 87
16 114
16 116
16 162
16 172
16 181
16 187
16 205
16 209
16 225
16 226
16 229
16 247
16 259
16 280
16 284
16 296
16 297
16 324
16 346
16 378
16 390
16 391
17 0
17 13
17 59
17 67
17 109
17 119
17 130
17 217
17 242
17 266
17 354
17 363
17 367
17 387
17 394
18 23
18 24
18 55
18 73
18 102
18 127
18 177
18 178
18 195
18 234
18 261
18 267
18 289
18 307
18 345
18 348
19 22
19 30
19 51
19 79
19 92
19 96
19 110
19 137
19 147
19 166
19 180
19 198
19 213
19 228
19 237
19 273
19 274
19 287
19 288
19 304
19 316
19 339
19 352
19 359
19 380
19 386
19 395
19 399
