0 2
0 20
0 24
0 47
0 71
0 87
0 91
0 95
0 102
0 117
0 126
0 138
0 160
0 162
0 178
0 180
0 181
0 185
0 189
0 192
1 3
1 7
1 28
1 40
1 80
1 96
1 100
1 108
1 128
1 167
1 174
1 182
1 190
2 9
2 13
2 36
2 42
2 65
2 74
2 122
2 158
2 159
2 175
3 19
3 22
3 27
3 29
3 30
3 38
3 52
3 53
3 67
3 68
3 90
3 118
3 140
3 148
3 151
3 184
4 62
4 64
4 94
4 153
4 176
4 199
5 23
5 25
5 26
5 59
5 98
5 115
5 134
5 194
5 195
6 31
6 39
6 46
6 60
6 63
6 77
6 112
6 114
6 193
6 197
7 5
7 55
7 79
7 82
7 113
7 152
7 191
7 196
8 0
8 17
8 18
8 34
8 66
8 83
8 89
8 127
8 146
8 171
8 179
9 1
9 4
9 6
9 10
9 14
9 43
9 48
9 54
9 57
9 61
9 69
9 70
9 73
9 75
9 81
9 84
9 88
9 101
9 111
9 125
9 139
9 144
9 145
9 150
9 163
9 168
9 170
9 172
9 173
9 177
9 187
9 188
10 8
10 49
10 76
10 99
10 120
10 121
10 124
10 137
10 141
10 149
11 92
11 104
11 123
11 133
11 135
11 136
11 147
11 161
11 169
12 12
12 16
12 45
12 85
13 58
13 97
13 103
13 105
13 106
13 116
13 129
13 130
13 132
13 142
13 156
13 183
14 37
14 51
14 56
14 86
14 107
14 155
14 166
15 33
15 35
15 44
15 50
15 78
15 110
15 143
15 186
16 15
16 21
16 32
16 41
16 72
16 93
16 109
16 119
16 131
16 157
16 164
16 165
16 198
17 11
17 154
