0 9
0 11
0 22
0 47
0 154
0 170
0 172
1 13
1 31
1 32
1 60
1 76
1 83
1 116
1 141
1 156
1 193
2 5
2 21
2 98
2 137
2 138
2 140
2 173
2 177
2 191
3 65
3 85
3 91
3 114
3 117
3 122
3 124
3 181
3 194
4 41
4 66
4 75
4 81
4 84
4 89
4 92
4 127
4 153
4 165
4 167
4 179
4 190
4 195
5 6
5 10
5 19
5 28
5 30
5 44
5 54
5 112
5 139
5 163
6 29
6 45
6 68
6 78
6 119
6 121
6 131
6 143
6 157
6 158
6 166
6 187
7 35
7 58
7 74
7 174
8 25
8 26
8 80
8 93
8 96
8 105
8 106
8 120
9 4
9 17
9 20
9 27
9 34
9 82
9 86
9 95
9 97
9 110
9 123
9 126
9 144
9 148
9 161
9 164
9 175
9 180
9 183
9 188
9 189
9 192
9 197
10 2
10 14
10 61
10 87
10 108
10 125
10 136
10 142
10 149
10 160
11 0
11 3
11 15
11 18
11 33
11 40
11 42
11 63
11 70
11 73
11 90
11 101
11 109
11 128
11 146
11 168
11 171
11 186
12 1
12 8
12 43
12 52
12 55
12 64
12 67
12 107
12 150
12 176
13 7
13 36
13 49
13 62
13 100
13 132
13 134
13 145
13 178
13 182
14 12
14 24
14 38
14 51
14 57
14 72
14 88
14 94
14 111
14 118
14 130
14 155
14 198
14 199
15 39
15 50
15 152
15 184
16 16
16 77
16 104
16 115
16 162
16 169
16 185
16 196
17 23
17 46
17 56
17 59
17 99
17 103
17 135
17 159
18 37
18 53
18 71
18 79
18 102
18 113
18 129
18 133
18 151
19 48
19 69
19 147
