0 37
0 38
0 53
0 91
0 107
0 118
1 7
1 80
1 92
1 100
1 129
1 154
1 182
1 191
2 1
2 2
2 6
2 10
2 14
2 22
2 27
2 29
2 43
2 48
2 54
2 61
2 70
2 73
2 81
2 84
2 86
2 104
2 122
2 125
2 139
2 140
2 144
2 148
2 150
2 163
2 164
2 169
2 172
2 173
2 177
2 184
2 188
2 198
3 13
3 31
3 39
3 44
3 56
3 197
4 0
4 8
4 21
4 42
4 62
4 64
4 72
4 137
4 159
5 69
5 123
5 133
5 142
5 145
5 147
6 11
6 17
6 20
6 33
6 34
6 35
6 36
6 46
6 50
6 78
6 83
6 89
6 114
6 143
6 149
6 179
6 186
6 193
7 58
7 103
8 23
8 47
8 71
8 87
8 95
8 102
8 117
8 126
8 160
8 178
8 189
8 192
9 3
9 85
9 99
9 121
9 153
9 190
10 24
10 51
10 110
10 135
10 136
10 162
10 166
10 181
11 9
11 60
11 63
11 65
11 68
11 74
11 77
11 146
11 151
12 18
12 49
12 76
12 124
12 171
13 15
13 40
13 41
13 57
13 93
13 94
13 96
13 101
13 108
13 109
13 119
13 128
13 157
13 158
13 165
13 168
13 175
13 176
13 199
14 16
14 25
14 26
14 32
14 59
14 75
14 115
14 194
14 195
15 98
15 105
15 106
15 134
15 156
15 183
15 185
16 19
16 30
16 52
16 67
16 90
16 111
16 112
16 170
17 5
17 45
17 55
17 79
17 82
17 97
17 113
17 116
17 127
17 130
17 132
17 161
17 187
18 4
18 88
18 138
18 155
18 180
19 12
19 28
19 66
19 120
19 131
19 141
19 152
19 167
19 174
19 196
