0 19
0 22
0 34
0 96
0 101
0 122
0 123
0 124
0 198
0 222
0 255
0 273
0 274
0 309
0 341
0 365
0 375
0 376
1 14
1 26
1 27
1 36
1 43
1 56
1 68
1 113
1 114
1 128
1 140
1 150
1 151
1 156
1 158
1 168
1 169
1 175
1 178
1 186
1 189
1 192
1 211
1 238
1 242
1 246
1 251
1 257
1 259
1 271
1 277
1 280
1 290
1 305
1 311
1 316
1 344
1 349
1 357
1 369
1 378
1 397
2 23
2 24
2 148
2 218
2 289
2 346
2 348
2 366
2 373
3 8
3 13
3 33
3 78
3 98
3 112
3 127
3 145
3 149
3 244
3 261
3 265
3 288
3 328
3 374
4 11
4 76
4 120
4 228
4 302
4 307
4 323
4 379
4 383
4 392
5 7
5 28
5 39
5 95
5 180
5 318
6 1
6 29
6 31
6 40
6 50
6 60
6 65
6 107
6 147
6 176
6 197
6 203
6 208
6 213
6 284
6 295
6 300
6 332
6 335
7 333
8 0
8 49
8 59
8 103
8 119
8 129
8 130
8 132
8 164
8 170
8 199
8 202
8 266
8 354
8 359
8 364
8 394
9 153
9 291
9 389
10 3
10 4
10 15
10 16
10 55
10 73
10 81
10 84
10 93
10 99
10 100
10 108
10 109
10 115
10 121
10 136
10 137
10 154
10 157
10 187
10 188
10 191
10 206
10 212
10 220
10 237
10 239
10 245
10 281
10 303
10 320
10 358
10 395
10 399
11 2
11 32
11 37
11 58
11 85
11 105
11 116
11 118
11 134
11 172
11 194
11 207
11 226
11 230
11 232
11 254
11 260
11 263
11 267
11 275
11 329
11 343
12 9
12 30
12 42
12 46
12 48
12 54
12 79
12 90
12 92
12 104
12 173
12 179
12 183
12 216
12 233
12 240
12 268
12 304
12 322
12 339
12 385
12 388
13 64
13 82
13 110
13 193
13 236
13 269
13 301
13 306
13 336
13 360
13 368
13 377
13 398
14 53
14 75
14 163
14 247
14 313
14 353
14 362
14 384
15 25
15 125
15 143
15 155
15 166
15 182
15 250
15 270
15 315
15 327
15 371
16 5
16 6
16 10
16 18
16 38
16 41
16 44
16 45
16 52
16 61
16 62
16 67
16 72
16 74
16 83
16 88
16 91
16 94
16 97
16 102
16 106
16 111
16 117
16 131
16 141
16 144
16 146
16 159
16 161
16 165
16 167
16 174
16 184
16 185
16 190
16 195
16 196
16 200
16 204
16 209
16 215
16 217
16 219
16 221
16 223
16 224
16 234
16 235
16 241
16 249
16 252
16 256
16 258
16 262
16 264
16 276
16 278
16 279
16 283
16 287
16 292
16 293
16 297
16 312
16 314
16 317
16 319
16 321
16 324
16 325
16 326
16 334
16 337
16 340
16 342
16 347
16 350
16 351
16 352
16 361
16 363
16 370
16 380
16 381
16 382
16 386
16 387
16 393
16 396
17 20
17 21
17 35
17 47
17 51
17 57
17 63
17 66
17 69
17 70
17 86
17 87
17 89
17 126
17 133
17 139
17 162
17 177
17 201
17 205
17 225
17 227
17 229
17 231
17 243
17 248
17 253
17 282
17 285
17 296
17 298
17 299
17 330
17 338
17 345
17 355
17 356
17 367
17 390
17 391
18 12
18 17
18 71
18 77
18 80
18 135
18 138
18 142
18 152
18 160
18 171
18 181
18 210
18 214
18 272
18 286
18 294
18 308
18 310
18 331
18 372
