0 0
0 6
0 49
0 56
0 75
0 79
0 92
0 100
0 102
0 122
0 131
0 179
0 196
0 202
0 220
0 268
0 298
0 305
0 307
0 311
0 341
0 343
0 367
0 369
0 372
0 385
0 386
1 22
1 24
1 44
1 71
1 140
1 191
1 193
1 301
1 331
1 391
2 4
2 21
2 50
2 66
2 69
2 73
2 117
2 141
2 146
2 161
2 166
2 167
2 175
2 194
2 206
2 219
2 232
2 238
2 258
2 265
2 282
2 288
2 295
2 296
2 300
2 315
2 325
2 327
2 338
2 344
2 349
2 398
3 60
3 74
3 139
3 184
3 212
3 263
3 283
3 290
4 110
4 119
4 189
4 228
4 357
4 358
5 3
5 10
5 14
5 26
5 32
5 51
5 58
5 83
5 85
5 97
5 118
5 120
5 128
5 129
5 132
5 133
5 150
5 162
5 188
5 208
5 217
5 225
5 235
5 247
5 248
5 249
5 255
5 293
5 319
5 333
5 356
5 360
5 368
5 380
5 388
5 393
5 396
6 55
6 65
6 291
6 329
7 7
7 59
7 82
7 136
7 242
7 260
8 2
8 63
8 70
8 105
8 143
8 170
8 200
8 259
8 274
8 318
8 323
8 383
9 1
9 25
9 30
9 31
9 37
9 90
9 98
9 108
9 135
9 151
9 152
9 156
9 158
9 187
9 195
9 231
9 237
9 239
9 252
9 261
9 269
9 287
9 304
9 306
9 308
9 321
9 330
9 342
9 351
10 8
10 9
10 11
10 38
10 41
10 61
10 64
10 68
10 76
10 111
10 112
10 114
10 138
10 160
10 171
10 173
10 205
10 210
10 214
10 226
10 244
10 254
10 286
10 335
10 336
10 366
10 373
11 12
11 15
11 36
11 197
11 215
11 246
11 289
11 314
12 34
12 107
12 165
12 230
12 303
12 312
12 371
12 389
13 19
13 33
13 86
13 115
13 121
13 123
13 124
13 137
13 148
13 155
13 159
13 178
13 201
13 203
13 207
13 211
13 213
13 243
13 250
13 251
13 273
13 310
13 313
13 320
13 324
13 347
13 352
13 379
13 387
14 13
14 81
14 99
14 101
14 103
14 142
14 147
14 149
14 183
14 266
14 267
14 280
14 285
14 309
14 316
14 322
14 337
14 340
14 345
14 354
14 361
14 375
14 378
14 392
14 394
15 54
15 57
15 67
15 104
15 106
15 125
15 157
15 199
15 281
15 294
16 5
16 16
16 18
16 23
16 27
16 28
16 35
16 39
16 40
16 42
16 45
16 47
16 48
16 52
16 53
16 62
16 72
16 77
16 78
16 80
16 84
16 87
16 88
16 89
16 91
16 93
16 94
16 95
16 116
16 126
16 130
16 134
16 144
16 145
16 154
16 164
16 168
16 169
16 172
16 177
16 181
16 182
16 186
16 192
16 198
16 204
16 218
16 221
16 222
16 224
16 227
16 229
16 233
16 234
16 240
16 241
16 245
16 253
16 262
16 264
16 270
16 271
16 272
16 275
16 277
16 278
16 279
16 284
16 292
16 297
16 299
16 302
16 317
16 326
16 328
16 332
16 334
16 353
16 355
16 362
16 363
16 364
16 365
16 370
16 374
16 376
16 377
16 381
16 390
16 397
17 29
17 43
17 153
17 236
17 339
17 359
18 20
18 96
18 109
18 113
18 127
18 163
18 176
18 180
18 185
18 216
18 223
18 256
18 276
18 346
18 348
18 350
18 382
18 384
19 17
19 46
19 174
19 190
19 209
19 257
19 395
19 399
