0 18
0 19
0 51
0 56
0 101
0 119
0 121
0 130
0 140
0 153
1 15
1 31
1 37
1 38
1 44
1 53
1 62
1 63
1 70
1 74
1 82
1 83
1 94
1 95
1 100
1 104
1 106
1 115
1 123
1 135
1 144
1 157
1 170
1 180
1 185
1 189
1 190
1 198
1 199
2 2
2 14
2 21
2 23
2 39
2 57
2 59
2 61
2 85
2 87
2 88
2 125
2 132
2 142
2 145
2 149
2 160
2 173
2 174
2 178
2 181
2 184
2 194
3 10
3 27
3 28
3 30
3 40
3 52
3 54
3 72
3 109
3 128
3 138
3 139
3 163
4 5
4 49
4 71
4 79
4 97
4 99
4 102
4 103
4 116
4 124
4 134
4 136
5 120
5 162
6 76
6 89
6 114
6 117
6 118
6 122
6 156
6 167
6 169
6 182
6 193
7 0
7 46
7 81
7 179
7 195
8 16
8 25
8 26
8 35
8 41
8 58
8 66
8 68
8 80
8 84
8 92
8 93
8 105
8 158
8 165
9 13
9 32
9 77
9 141
9 183
9 192
9 196
10 1
10 9
10 12
10 43
10 47
10 98
10 107
10 137
10 150
10 164
10 177
10 191
11 50
12 7
12 34
12 36
12 48
12 69
12 108
12 110
12 129
12 133
12 147
12 151
12 197
13 4
13 6
13 8
13 11
13 17
13 20
13 22
13 55
13 64
13 67
13 86
13 113
13 126
13 148
13 152
13 154
13 161
13 172
13 176
13 188
14 60
14 65
14 91
14 96
14 159
15 33
15 42
15 45
15 73
15 78
15 131
15 146
15 166
15 168
15 171
15 175
15 186
16 3
16 24
16 75
16 90
16 111
16 127
16 143
16 155
16 187
17 29
17 112
