0 6
0 14
0 26
0 32
0 35
0 58
0 63
0 75
0 79
0 95
0 102
0 118
0 120
0 132
0 159
0 170
0 188
0 217
0 225
0 230
0 247
0 268
0 284
0 305
0 333
0 356
0 363
0 368
0 371
0 372
0 376
0 380
0 386
0 388
0 389
1 0
1 30
1 37
1 39
1 81
1 99
1 101
1 105
1 110
1 122
1 125
1 128
1 142
1 147
1 189
1 200
1 203
1 228
1 237
1 239
1 259
1 261
1 267
1 274
1 280
1 285
1 307
1 318
1 322
1 337
1 340
1 345
1 357
1 361
1 365
1 378
1 385
1 392
2 7
2 8
2 9
2 11
2 12
2 22
2 38
2 44
2 47
2 61
2 74
2 76
2 77
2 90
2 104
2 111
2 136
2 138
2 140
2 157
2 158
2 171
2 173
2 195
2 214
2 215
2 218
2 236
2 241
2 253
2 254
2 258
2 260
2 269
2 281
2 289
2 290
2 291
2 296
2 301
2 331
2 336
2 339
3 15
3 16
3 18
3 19
3 23
3 25
3 27
3 31
3 34
3 40
3 41
3 42
3 48
3 51
3 62
3 68
3 72
3 78
3 80
3 82
3 84
3 85
3 87
3 88
3 89
3 94
3 106
3 108
3 112
3 114
3 116
3 126
3 129
3 130
3 134
3 141
3 148
3 152
3 154
3 156
3 164
3 165
3 172
3 178
3 179
3 181
3 182
3 187
3 198
3 202
3 205
3 208
3 210
3 220
3 221
3 222
3 223
3 224
3 226
3 227
3 231
3 232
3 233
3 234
3 262
3 264
3 270
3 271
3 275
3 277
3 278
3 279
3 282
3 286
3 287
3 288
3 292
3 297
3 298
3 302
3 306
3 317
3 321
3 323
3 330
3 341
3 342
3 343
3 351
3 353
3 354
3 355
3 362
3 364
3 367
3 369
3 370
3 374
3 375
3 379
3 381
3 390
3 394
3 398
4 29
4 43
4 57
4 119
4 242
4 358
5 36
5 53
5 55
5 59
5 64
5 65
5 67
5 103
5 160
5 168
5 186
5 197
5 246
5 283
5 294
5 314
5 329
5 335
5 366
5 373
6 2
6 10
6 17
6 28
6 49
6 50
6 73
6 96
6 97
6 107
6 124
6 137
6 144
6 150
6 174
6 184
6 185
6 194
6 213
6 235
6 243
6 248
6 249
6 256
6 293
6 295
6 299
6 303
6 312
6 320
6 324
6 350
6 395
7 1
7 5
7 13
7 20
7 21
7 45
7 46
7 52
7 54
7 56
7 69
7 70
7 91
7 92
7 93
7 98
7 109
7 117
7 123
7 131
7 135
7 143
7 146
7 149
7 151
7 155
7 161
7 169
7 175
7 176
7 177
7 183
7 190
7 192
7 196
7 199
7 204
7 206
7 207
7 209
7 212
7 216
7 219
7 229
7 238
7 240
7 244
7 251
7 252
7 255
7 257
7 265
7 266
7 272
7 273
7 276
7 300
7 304
7 308
7 309
7 313
7 315
7 316
7 325
7 326
7 327
7 328
7 334
7 338
7 344
7 346
7 347
7 348
7 359
7 377
7 383
7 384
7 387
7 396
7 397
7 399
8 3
8 83
8 100
8 133
8 145
8 162
8 311
8 319
8 360
8 393
9 24
9 33
9 71
9 86
9 115
9 193
9 201
9 211
9 245
9 250
9 310
9 352
9 391
10 4
10 60
10 66
10 113
10 121
10 127
10 139
10 153
10 163
10 166
10 167
10 180
10 191
10 263
10 332
10 349
10 382
