0 15
0 16
0 18
0 19
0 23
0 25
0 27
0 31
0 40
0 41
0 42
0 48
0 51
0 62
0 68
0 72
0 78
0 80
0 82
0 84
0 85
0 87
0 88
0 89
0 94
0 106
0 108
0 112
0 114
0 116
0 126
0 129
0 130
0 134
0 141
0 148
0 152
0 154
0 156
0 164
0 165
0 172
0 175
0 178
0 179
0 181
0 182
0 187
0 198
0 199
0 202
0 205
0 208
0 210
0 212
0 214
0 216
0 220
0 221
0 222
0 223
0 224
0 226
0 227
0 231
0 232
0 233
0 234
0 238
0 262
0 264
0 270
0 271
0 275
0 277
0 278
0 279
0 282
0 286
0 287
0 288
0 291
0 292
0 297
0 298
0 302
0 306
0 317
0 323
0 330
0 338
0 341
0 342
0 343
0 351
0 353
0 354
0 355
0 362
0 364
0 367
0 369
0 370
0 374
0 375
0 379
0 381
0 390
0 394
0 397
0 398
1 3
1 10
1 14
1 49
1 83
1 95
1 96
1 100
1 105
1 118
1 120
1 122
1 128
1 133
1 145
1 159
1 170
1 188
1 225
1 235
1 247
1 248
1 249
1 268
1 274
1 293
1 350
1 361
1 368
1 371
2 2
2 8
2 9
2 22
2 38
2 44
2 74
2 77
2 104
2 111
2 124
2 137
2 138
2 140
2 144
2 150
2 157
2 160
2 171
2 174
2 184
2 185
2 215
2 218
2 236
2 241
2 243
2 253
2 261
2 281
2 289
2 290
2 296
2 299
2 301
2 312
2 320
2 324
2 331
2 336
2 395
3 4
3 60
3 66
3 113
3 121
3 127
3 139
3 153
3 163
3 166
3 167
3 180
3 191
3 194
3 263
3 295
3 332
3 349
3 382
4 29
4 43
4 57
4 119
4 242
4 358
5 1
5 6
5 7
5 12
5 17
5 20
5 28
5 45
5 46
5 47
5 50
5 52
5 61
5 73
5 75
5 76
5 79
5 91
5 97
5 102
5 107
5 109
5 117
5 132
5 136
5 146
5 155
5 161
5 169
5 173
5 176
5 190
5 192
5 196
5 206
5 207
5 209
5 213
5 217
5 229
5 230
5 251
5 254
5 256
5 257
5 258
5 260
5 265
5 272
5 276
5 300
5 313
5 315
5 327
5 333
5 334
5 346
5 347
5 348
5 363
5 376
5 380
5 384
5 387
5 388
5 389
5 399
6 0
6 39
6 99
6 147
6 200
6 280
6 307
6 318
6 322
6 337
6 378
6 385
6 392
7 11
7 36
7 53
7 55
7 59
7 64
7 65
7 158
7 168
7 186
7 197
7 246
7 283
7 294
7 314
7 329
7 335
7 366
7 373
8 37
8 67
8 81
8 90
8 101
8 103
8 110
8 125
8 142
8 189
8 195
8 203
8 228
8 237
8 239
8 267
8 269
8 285
8 339
8 340
8 345
8 357
9 162
9 311
9 319
9 360
9 393
10 5
10 13
10 21
10 26
10 30
10 32
10 34
10 35
10 54
10 56
10 58
10 63
10 69
10 70
10 92
10 93
10 98
10 123
10 131
10 135
10 143
10 149
10 151
10 177
10 183
10 204
10 219
10 240
10 244
10 252
10 255
10 259
10 266
10 273
10 284
10 303
10 304
10 305
10 308
10 309
10 316
10 321
10 325
10 326
10 328
10 344
10 356
10 359
10 365
10 372
10 377
10 383
10 386
10 396
11 24
11 33
11 71
11 86
11 115
11 193
11 201
11 211
11 245
11 250
11 310
11 352
11 391
