0 19
0 25
0 26
0 31
0 81
0 89
0 90
0 117
0 158
0 169
0 182
0 185
0 190
0 193
1 6
1 8
1 14
1 20
1 24
1 34
1 37
1 42
1 43
1 44
1 56
1 57
1 61
1 65
1 67
1 84
1 94
1 96
1 100
1 106
1 109
1 110
1 113
1 125
1 128
1 135
1 136
1 139
1 146
1 170
1 180
1 196
1 197
1 199
2 5
2 7
2 36
2 62
2 82
2 95
2 129
2 133
2 144
2 151
3 11
3 22
3 48
3 59
3 88
3 99
4 35
4 41
4 58
4 66
4 68
4 74
4 76
4 77
4 92
4 104
4 114
4 123
4 162
4 165
5 0
5 21
5 51
5 70
5 73
5 78
5 93
5 105
5 111
5 140
5 155
5 168
5 171
5 175
6 13
6 32
6 50
6 53
6 60
6 69
6 83
6 115
6 120
6 141
6 142
6 147
6 159
6 184
7 17
7 40
7 49
7 52
7 55
7 64
7 85
7 126
7 137
7 138
7 148
7 152
7 154
7 164
7 176
7 177
7 191
7 194
8 9
8 12
8 23
8 29
8 47
8 86
8 172
9 3
9 79
9 124
9 143
9 145
9 156
9 167
9 179
10 2
10 10
10 18
10 28
10 38
10 39
10 72
10 87
10 101
10 102
10 107
10 118
10 149
10 150
10 153
10 160
10 173
10 181
10 198
11 183
12 15
12 16
12 27
12 30
12 33
12 45
12 46
12 54
12 63
12 75
12 80
12 91
12 119
12 121
12 122
12 127
12 130
12 131
12 132
12 157
12 163
12 166
12 174
12 186
12 187
12 192
12 195
13 1
13 4
13 71
13 97
13 98
13 103
13 108
13 112
13 116
13 134
13 161
13 178
13 188
13 189
