0 6
0 13
0 14
0 26
0 32
0 35
0 56
0 58
0 63
0 75
0 79
0 95
0 102
0 107
0 117
0 120
0 131
0 132
0 159
0 170
0 217
0 230
0 255
0 266
0 284
0 303
0 305
0 316
0 326
0 333
0 356
0 363
0 368
0 372
0 376
0 380
0 386
0 388
0 389
0 396
1 36
1 65
1 237
1 246
1 263
1 283
1 294
2 67
2 81
2 101
2 103
2 110
2 125
2 203
2 228
2 285
2 345
3 10
3 17
3 28
3 49
3 50
3 96
3 188
3 235
3 248
3 249
3 268
3 293
3 332
3 350
3 371
4 43
4 57
4 119
4 358
5 5
5 30
5 37
5 54
5 70
5 90
5 98
5 142
5 143
5 177
5 189
5 195
5 204
5 239
5 240
5 244
5 259
5 261
5 267
5 269
5 280
5 304
5 308
5 309
5 318
5 339
5 340
5 357
5 359
5 365
5 377
6 24
6 33
6 71
6 86
6 115
6 193
6 201
6 211
6 245
6 250
6 310
6 352
6 391
7 162
7 311
7 319
7 360
7 393
8 2
8 45
8 46
8 73
8 91
8 97
8 109
8 123
8 124
8 137
8 144
8 146
8 150
8 155
8 169
8 174
8 176
8 184
8 185
8 192
8 196
8 206
8 207
8 209
8 213
8 218
8 243
8 251
8 253
8 256
8 257
8 265
8 272
8 273
8 276
8 299
8 312
8 313
8 315
8 320
8 324
8 346
8 347
8 348
8 384
8 387
8 399
9 4
9 60
9 66
9 113
9 121
9 127
9 139
9 163
9 166
9 167
9 180
9 191
9 194
9 295
9 349
9 382
9 395
10 29
10 64
10 153
10 242
11 1
11 7
11 8
11 9
11 12
11 20
11 21
11 47
11 61
11 69
11 74
11 76
11 77
11 104
11 135
11 136
11 138
11 151
11 157
11 161
11 173
11 199
11 214
11 215
11 219
11 229
11 236
11 241
11 252
11 254
11 258
11 260
11 290
11 291
11 296
11 300
11 301
11 325
11 327
11 344
12 0
12 3
12 39
12 83
12 99
12 100
12 105
12 118
12 122
12 128
12 133
12 145
12 147
12 200
12 225
12 247
12 274
12 307
12 322
12 337
12 361
12 378
12 385
12 392
13 15
13 16
13 18
13 19
13 23
13 25
13 27
13 31
13 34
13 40
13 41
13 42
13 48
13 51
13 52
13 62
13 68
13 72
13 78
13 80
13 82
13 84
13 85
13 87
13 88
13 89
13 92
13 93
13 94
13 106
13 108
13 112
13 114
13 116
13 126
13 129
13 130
13 134
13 141
13 148
13 149
13 152
13 154
13 156
13 164
13 165
13 172
13 175
13 178
13 179
13 181
13 182
13 183
13 187
13 190
13 198
13 202
13 205
13 208
13 210
13 212
13 216
13 220
13 221
13 222
13 223
13 224
13 226
13 227
13 231
13 232
13 233
13 234
13 238
13 262
13 264
13 270
13 271
13 275
13 277
13 278
13 279
13 282
13 286
13 287
13 288
13 292
13 297
13 298
13 302
13 306
13 317
13 321
13 323
13 328
13 330
13 334
13 338
13 341
13 342
13 343
13 351
13 353
13 354
13 355
13 362
13 364
13 367
13 369
13 370
13 374
13 375
13 379
13 381
13 383
13 390
13 394
13 397
13 398
14 11
14 22
14 38
14 44
14 53
14 55
14 59
14 111
14 140
14 158
14 160
14 168
14 171
14 186
14 197
14 281
14 289
14 314
14 329
14 331
14 335
14 336
14 366
14 373
