0 5
0 7
0 13
0 36
0 62
0 82
0 95
0 115
0 133
0 144
0 151
1 2
1 10
1 30
1 52
1 119
1 121
1 132
1 149
1 157
1 163
1 174
1 187
2 28
2 45
2 54
2 72
2 75
2 78
2 87
2 91
2 122
2 127
2 130
2 175
2 186
3 66
3 68
3 81
3 104
3 114
3 123
4 6
4 8
4 14
4 20
4 24
4 27
4 33
4 34
4 37
4 42
4 43
4 44
4 56
4 57
4 61
4 65
4 67
4 84
4 94
4 96
4 100
4 106
4 109
4 110
4 113
4 128
4 135
4 136
4 138
4 139
4 146
4 166
4 170
4 180
4 196
4 197
4 199
5 11
5 22
5 48
5 59
5 71
5 88
5 99
5 112
5 129
5 142
6 0
6 3
6 21
6 25
6 51
6 73
6 105
6 111
6 140
6 155
6 171
6 179
7 17
7 40
7 49
7 55
7 64
7 126
7 137
7 148
7 152
7 154
7 164
7 176
7 177
7 191
7 194
8 32
8 50
8 53
8 69
8 83
8 120
8 141
8 147
9 19
9 26
9 31
9 60
9 89
9 90
9 117
9 158
9 159
9 169
9 181
9 182
9 183
9 184
9 190
9 193
10 18
10 38
10 39
10 79
10 101
10 102
10 107
10 118
10 124
10 125
10 143
10 145
10 150
10 153
10 156
10 160
10 167
10 173
10 198
11 9
11 12
11 23
11 29
11 47
11 86
11 172
12 1
12 4
12 85
12 97
12 98
12 103
12 108
12 116
12 134
12 161
12 178
12 188
12 189
13 15
13 46
13 63
13 70
13 93
13 131
13 168
13 195
14 162
15 16
15 35
15 41
15 58
15 74
15 76
15 77
15 80
15 92
15 165
15 185
15 192
