0 1
0 11
0 22
0 38
0 39
0 59
0 71
0 98
0 99
0 101
0 102
0 107
0 112
0 124
0 134
0 143
0 145
0 150
0 153
0 156
0 160
0 167
0 198
1 7
1 48
1 50
1 88
1 95
1 115
1 129
1 133
1 142
2 17
2 40
2 49
2 55
2 64
2 126
2 137
2 148
2 152
2 154
2 164
2 176
2 177
2 191
2 194
3 26
3 66
3 68
3 81
3 90
3 114
3 158
3 182
4 13
4 41
4 53
4 58
4 60
4 65
4 74
4 76
4 77
4 159
4 184
4 185
4 192
5 3
5 18
5 19
5 25
5 28
5 72
5 79
5 111
5 117
5 118
5 169
5 173
5 179
5 181
5 190
5 193
6 0
6 21
6 51
6 70
6 73
6 93
6 105
6 140
6 155
6 171
6 175
7 6
7 8
7 14
7 20
7 24
7 27
7 33
7 42
7 43
7 44
7 56
7 57
7 61
7 67
7 84
7 94
7 96
7 100
7 106
7 109
7 113
7 125
7 128
7 132
7 135
7 136
7 138
7 139
7 146
7 180
7 196
7 197
7 199
8 162
9 9
9 12
9 23
9 29
9 47
9 86
9 172
10 5
10 34
10 36
10 37
10 62
10 82
10 110
10 144
10 151
10 170
10 178
11 31
11 89
11 183
12 35
12 104
12 123
13 2
13 10
13 30
13 45
13 52
13 54
13 75
13 87
13 119
13 121
13 130
13 149
13 157
13 163
13 174
13 186
13 187
14 32
14 69
14 83
14 120
14 141
14 147
15 4
15 85
15 97
15 103
15 108
15 116
15 161
15 188
15 189
16 15
16 16
16 46
16 63
16 78
16 80
16 91
16 92
16 122
16 127
16 131
16 165
16 166
16 168
16 195
