0 3
0 25
0 28
0 79
0 124
0 143
0 145
0 156
0 167
0 179
1 5
1 7
1 36
1 62
1 82
1 95
1 129
1 133
1 144
1 151
2 1
2 18
2 38
2 39
2 101
2 102
2 107
2 118
2 134
2 150
2 153
2 160
2 173
2 178
2 198
3 15
3 24
3 27
3 33
3 46
3 63
3 106
3 122
3 131
3 146
3 166
3 195
4 35
4 66
4 68
4 77
4 104
4 114
4 123
5 32
5 41
5 69
5 83
5 120
5 141
5 147
6 11
6 22
6 59
6 71
6 88
6 98
6 99
6 112
7 9
7 12
7 23
7 29
7 47
7 86
7 172
8 0
8 21
8 26
8 51
8 70
8 73
8 78
8 81
8 90
8 93
8 105
8 111
8 140
8 155
8 158
8 168
8 169
8 171
8 182
9 17
9 49
9 55
9 64
9 126
9 137
9 148
9 152
9 154
9 164
9 176
9 177
9 191
9 194
10 6
10 8
10 14
10 20
10 34
10 37
10 40
10 42
10 43
10 44
10 56
10 57
10 61
10 67
10 84
10 94
10 96
10 109
10 110
10 113
10 125
10 128
10 135
10 136
10 138
10 139
10 170
10 180
10 196
10 197
10 199
11 162
12 31
12 89
12 183
13 16
13 58
13 65
13 74
13 76
13 80
13 92
13 165
13 192
14 45
14 75
14 130
14 175
14 186
14 187
15 13
15 19
15 53
15 60
15 100
15 115
15 117
15 159
15 181
15 184
15 185
15 190
15 193
16 48
16 50
16 142
17 4
17 85
17 97
17 103
17 108
17 116
17 161
17 188
17 189
18 2
18 10
18 30
18 52
18 54
18 72
18 87
18 91
18 119
18 121
18 127
18 132
18 149
18 157
18 163
18 174
