0 3
0 4
0 11
0 22
0 24
0 29
0 33
0 36
0 38
0 39
0 43
0 44
0 53
0 55
0 57
0 59
0 60
0 64
0 65
0 66
0 67
0 71
0 74
0 81
0 83
0 86
0 100
0 103
0 105
0 110
0 111
0 113
0 115
0 118
0 119
0 121
0 122
0 127
0 128
0 133
0 139
0 140
0 145
0 153
0 158
0 160
0 162
0 163
0 166
0 167
0 168
0 171
0 180
0 184
0 186
0 188
0 191
0 193
0 194
0 197
0 200
0 201
0 203
0 211
0 225
0 236
0 237
0 242
0 243
0 245
0 246
0 250
0 263
0 268
0 274
0 281
0 283
0 285
0 289
0 290
0 294
0 295
0 307
0 310
0 311
0 314
0 319
0 322
0 324
0 329
0 332
0 335
0 336
0 337
0 345
0 349
0 352
0 358
0 360
0 361
0 366
0 371
0 373
0 378
0 382
0 385
0 391
0 392
0 393
0 395
1 0
1 1
1 2
1 5
1 6
1 7
1 8
1 9
1 10
1 12
1 13
1 14
1 15
1 16
1 17
1 18
1 19
1 20
1 21
1 23
1 25
1 26
1 27
1 28
1 30
1 31
1 32
1 34
1 35
1 37
1 40
1 41
1 42
1 45
1 46
1 47
1 48
1 49
1 50
1 51
1 52
1 54
1 56
1 58
1 61
1 62
1 63
1 68
1 69
1 70
1 72
1 73
1 75
1 76
1 77
1 78
1 79
1 80
1 82
1 84
1 85
1 87
1 88
1 89
1 90
1 91
1 92
1 93
1 94
1 95
1 96
1 97
1 98
1 99
1 101
1 102
1 104
1 106
1 107
1 108
1 109
1 112
1 114
1 116
1 117
1 120
1 123
1 124
1 125
1 126
1 129
1 130
1 131
1 132
1 134
1 135
1 136
1 137
1 138
1 141
1 142
1 143
1 144
1 146
1 147
1 148
1 149
1 150
1 151
1 152
1 154
1 155
1 156
1 157
1 159
1 161
1 164
1 165
1 169
1 170
1 172
1 173
1 174
1 175
1 176
1 177
1 178
1 179
1 181
1 182
1 183
1 185
1 187
1 189
1 190
1 192
1 195
1 196
1 198
1 199
1 202
1 204
1 205
1 206
1 207
1 208
1 209
1 210
1 212
1 213
1 214
1 215
1 216
1 217
1 218
1 219
1 220
1 221
1 222
1 223
1 224
1 226
1 227
1 228
1 229
1 230
1 231
1 232
1 233
1 234
1 235
1 238
1 239
1 240
1 241
1 244
1 247
1 248
1 249
1 251
1 252
1 253
1 254
1 255
1 256
1 257
1 258
1 259
1 260
1 261
1 262
1 264
1 265
1 266
1 267
1 269
1 270
1 271
1 272
1 273
1 275
1 276
1 277
1 278
1 279
1 280
1 282
1 284
1 286
1 287
1 288
1 291
1 292
1 293
1 296
1 297
1 298
1 299
1 300
1 301
1 302
1 303
1 304
1 305
1 306
1 308
1 309
1 312
1 313
1 315
1 316
1 317
1 318
1 320
1 321
1 323
1 325
1 326
1 327
1 328
1 330
1 331
1 333
1 334
1 338
1 339
1 340
1 341
1 342
1 343
1 344
1 346
1 347
1 348
1 350
1 351
1 353
1 354
1 355
1 356
1 357
1 359
1 362
1 363
1 364
1 365
1 367
1 368
1 369
1 370
1 372
1 374
1 375
1 376
1 377
1 379
1 380
1 381
1 383
1 384
1 386
1 387
1 388
1 389
1 390
1 394
1 396
1 397
1 398
1 399
