0 1
0 5
0 12
0 13
0 15
0 16
0 18
0 19
0 21
0 23
0 25
0 27
0 30
0 31
0 34
0 40
0 41
0 42
0 45
0 46
0 47
0 48
0 51
0 52
0 54
0 56
0 58
0 61
0 62
0 68
0 69
0 72
0 75
0 76
0 78
0 79
0 80
0 82
0 84
0 85
0 87
0 88
0 89
0 91
0 92
0 93
0 94
0 98
0 102
0 106
0 108
0 112
0 114
0 116
0 117
0 126
0 129
0 130
0 131
0 132
0 134
0 135
0 141
0 142
0 143
0 148
0 149
0 151
0 152
0 154
0 156
0 161
0 164
0 165
0 172
0 173
0 175
0 177
0 178
0 179
0 181
0 182
0 183
0 187
0 189
0 190
0 192
0 196
0 198
0 199
0 202
0 204
0 205
0 208
0 210
0 212
0 214
0 216
0 217
0 219
0 220
0 221
0 222
0 223
0 224
0 226
0 227
0 229
0 231
0 232
0 233
0 234
0 238
0 239
0 240
0 244
0 252
0 255
0 259
0 260
0 262
0 264
0 266
0 267
0 270
0 271
0 275
0 276
0 277
0 278
0 279
0 282
0 286
0 287
0 288
0 291
0 292
0 297
0 298
0 300
0 302
0 305
0 306
0 308
0 309
0 316
0 317
0 321
0 323
0 325
0 326
0 327
0 328
0 330
0 333
0 334
0 338
0 340
0 341
0 342
0 343
0 344
0 347
0 348
0 351
0 353
0 354
0 355
0 357
0 359
0 362
0 363
0 364
0 367
0 369
0 370
0 374
0 375
0 376
0 377
0 379
0 381
0 383
0 384
0 389
0 390
0 394
0 396
0 397
0 398
0 399
1 2
1 4
1 6
1 7
1 8
1 9
1 11
1 17
1 20
1 22
1 26
1 28
1 32
1 35
1 38
1 44
1 50
1 55
1 59
1 66
1 70
1 73
1 74
1 77
1 90
1 97
1 104
1 107
1 109
1 111
1 123
1 124
1 136
1 137
1 138
1 140
1 144
1 146
1 150
1 155
1 157
1 158
1 169
1 171
1 174
1 176
1 180
1 184
1 185
1 186
1 194
1 195
1 197
1 206
1 207
1 209
1 213
1 215
1 218
1 230
1 235
1 236
1 241
1 243
1 251
1 253
1 254
1 256
1 257
1 258
1 261
1 265
1 269
1 272
1 273
1 281
1 284
1 289
1 290
1 295
1 296
1 299
1 301
1 303
1 304
1 312
1 313
1 315
1 320
1 324
1 329
1 331
1 335
1 336
1 339
1 346
1 349
1 350
1 356
1 380
1 387
1 388
1 395
2 43
2 57
2 119
2 242
2 285
2 345
2 358
3 0
3 3
3 10
3 14
3 37
3 39
3 49
3 63
3 81
3 83
3 95
3 96
3 99
3 100
3 101
3 105
3 110
3 118
3 120
3 122
3 125
3 128
3 133
3 145
3 147
3 159
3 162
3 170
3 188
3 200
3 203
3 225
3 228
3 237
3 247
3 248
3 249
3 268
3 274
3 280
3 293
3 307
3 311
3 318
3 319
3 322
3 337
3 360
3 361
3 365
3 368
3 371
3 372
3 378
3 385
3 386
3 392
4 24
4 29
4 33
4 36
4 53
4 60
4 64
4 65
4 67
4 71
4 86
4 103
4 113
4 115
4 121
4 127
4 139
4 153
4 160
4 163
4 166
4 167
4 168
4 191
4 193
4 201
4 211
4 245
4 246
4 250
4 263
4 283
4 294
4 310
4 314
4 332
4 352
4 366
4 373
4 382
4 391
4 393
