0 4
0 5
0 7
0 36
0 62
0 82
0 88
0 95
0 97
0 103
0 108
0 116
0 129
0 133
0 144
0 151
0 161
0 188
0 189
1 11
1 22
1 23
1 29
1 48
1 79
1 124
1 143
1 145
1 156
1 167
1 172
1 183
2 0
2 3
2 19
2 21
2 25
2 26
2 28
2 51
2 70
2 73
2 78
2 81
2 90
2 93
2 105
2 111
2 117
2 140
2 155
2 158
2 168
2 169
2 171
2 175
2 179
2 182
2 185
2 190
2 193
3 1
3 2
3 9
3 10
3 12
3 18
3 38
3 39
3 47
3 59
3 71
3 72
3 86
3 87
3 98
3 99
3 101
3 102
3 107
3 112
3 118
3 134
3 149
3 150
3 153
3 160
3 173
3 178
3 181
3 194
3 198
4 6
4 8
4 14
4 17
4 20
4 24
4 27
4 34
4 37
4 40
4 42
4 43
4 44
4 49
4 52
4 55
4 56
4 57
4 61
4 64
4 67
4 84
4 85
4 94
4 96
4 100
4 106
4 109
4 110
4 113
4 125
4 126
4 128
4 135
4 136
4 137
4 138
4 139
4 146
4 148
4 152
4 154
4 164
4 170
4 176
4 177
4 180
4 191
4 196
4 197
4 199
5 15
5 16
5 30
5 33
5 45
5 46
5 54
5 58
5 63
5 65
5 74
5 75
5 76
5 80
5 91
5 92
5 119
5 121
5 122
5 127
5 130
5 131
5 132
5 157
5 163
5 165
5 166
5 174
5 186
5 187
5 192
5 195
6 13
6 31
6 32
6 41
6 50
6 53
6 60
6 69
6 83
6 89
6 115
6 120
6 141
6 142
6 147
6 159
6 184
7 35
7 66
7 68
7 77
7 104
7 114
7 123
7 162
