0 1
0 2
0 8
0 9
0 17
0 20
0 28
0 45
0 46
0 73
0 77
0 97
0 104
0 109
0 117
0 123
0 124
0 137
0 138
0 140
0 144
0 146
0 150
0 155
0 169
0 174
0 176
0 184
0 185
0 192
0 194
0 196
0 206
0 207
0 209
0 213
0 215
0 218
0 241
0 243
0 251
0 252
0 253
0 256
0 257
0 265
0 272
0 273
0 276
0 295
0 296
0 299
0 300
0 301
0 312
0 313
0 315
0 320
0 324
0 327
0 346
0 347
0 348
0 384
0 387
0 395
0 399
1 4
1 10
1 24
1 29
1 33
1 36
1 60
1 64
1 65
1 66
1 67
1 86
1 96
1 103
1 113
1 121
1 127
1 139
1 153
1 163
1 166
1 167
1 180
1 191
1 201
1 246
1 263
1 283
1 294
1 314
1 332
1 349
1 350
1 382
2 6
2 13
2 14
2 26
2 32
2 35
2 49
2 50
2 56
2 58
2 63
2 75
2 79
2 95
2 102
2 107
2 118
2 120
2 132
2 159
2 170
2 188
2 204
2 217
2 225
2 230
2 235
2 240
2 247
2 248
2 249
2 255
2 266
2 284
2 303
2 305
2 326
2 333
2 356
2 363
2 368
2 371
2 372
2 376
2 380
2 386
2 388
2 389
3 43
3 57
3 119
3 242
3 285
3 345
3 358
4 0
4 39
4 99
4 105
4 122
4 128
4 133
4 147
4 200
4 274
4 280
4 307
4 318
4 322
4 337
4 361
4 365
4 378
4 385
4 392
5 5
5 15
5 16
5 18
5 19
5 21
5 23
5 25
5 27
5 31
5 34
5 40
5 41
5 42
5 47
5 48
5 51
5 52
5 54
5 62
5 68
5 72
5 78
5 80
5 82
5 84
5 85
5 87
5 88
5 89
5 91
5 92
5 93
5 94
5 98
5 106
5 108
5 112
5 114
5 116
5 126
5 129
5 130
5 131
5 134
5 135
5 141
5 143
5 148
5 149
5 151
5 152
5 154
5 156
5 161
5 164
5 165
5 172
5 173
5 175
5 177
5 178
5 179
5 181
5 182
5 183
5 187
5 190
5 198
5 199
5 202
5 205
5 208
5 210
5 212
5 214
5 216
5 219
5 220
5 221
5 222
5 223
5 224
5 226
5 227
5 229
5 231
5 232
5 233
5 234
5 238
5 260
5 262
5 264
5 270
5 271
5 275
5 277
5 278
5 279
5 282
5 286
5 287
5 288
5 291
5 292
5 297
5 298
5 302
5 306
5 308
5 309
5 316
5 317
5 321
5 323
5 325
5 328
5 330
5 334
5 338
5 341
5 342
5 343
5 344
5 351
5 353
5 354
5 355
5 362
5 364
5 367
5 369
5 370
5 374
5 375
5 377
5 379
5 381
5 383
5 390
5 394
5 396
5 397
5 398
6 22
6 38
6 44
6 53
6 55
6 71
6 115
6 160
6 168
6 171
6 186
6 193
6 211
6 245
6 250
6 281
6 289
6 310
6 329
6 331
6 352
6 366
6 373
6 391
7 7
7 11
7 12
7 30
7 37
7 59
7 61
7 69
7 70
7 74
7 76
7 81
7 90
7 101
7 110
7 111
7 125
7 136
7 142
7 157
7 158
7 189
7 195
7 197
7 203
7 228
7 236
7 237
7 239
7 244
7 254
7 258
7 259
7 261
7 267
7 269
7 290
7 304
7 335
7 336
7 339
7 340
7 357
7 359
8 3
8 83
8 100
8 145
8 162
8 268
8 293
8 311
8 319
8 360
8 393
