0 13
0 23
0 26
0 56
0 58
0 66
0 103
0 118
0 138
0 143
0 163
0 180
1 31
1 50
1 83
1 92
1 96
1 104
1 108
1 113
1 123
1 124
1 128
1 131
1 140
1 153
1 160
1 175
1 182
1 184
1 193
2 2
2 39
2 101
2 130
2 147
2 150
2 151
2 170
2 183
2 198
3 15
3 17
3 41
3 43
3 51
3 52
3 53
3 54
3 62
3 65
3 76
3 89
3 94
3 95
3 97
3 111
3 116
3 119
3 120
3 157
3 164
3 168
3 176
3 178
3 187
3 191
4 3
4 6
4 9
4 19
4 29
4 32
4 34
4 37
4 47
4 99
4 112
4 117
4 127
4 132
4 135
4 136
4 137
4 141
4 142
4 148
4 155
4 156
4 185
5 25
5 27
5 33
5 38
5 42
5 67
5 74
5 84
5 93
5 114
5 134
5 162
5 171
5 172
5 181
5 188
6 0
6 5
6 8
6 11
6 16
6 22
6 24
6 30
6 36
6 40
6 57
6 60
6 61
6 69
6 72
6 80
6 81
6 90
6 91
6 106
6 115
6 139
6 149
6 154
6 166
6 169
6 186
6 192
7 1
7 7
7 12
7 14
7 21
7 35
7 59
7 63
7 71
7 73
7 75
7 77
7 78
7 82
7 102
7 105
7 107
7 110
7 122
7 125
7 144
7 152
7 158
7 159
7 177
7 179
7 196
8 4
8 20
8 28
8 44
8 45
8 46
8 49
8 70
8 86
8 98
8 100
8 126
8 146
8 161
8 165
8 190
8 195
8 197
9 10
9 18
9 48
9 55
9 64
9 68
9 79
9 85
9 87
9 88
9 109
9 121
9 129
9 133
9 145
9 167
9 173
9 174
9 189
9 194
9 199
