0 2
0 16
0 18
0 26
0 29
0 65
0 94
0 95
0 120
0 127
0 133
0 141
0 151
0 162
0 170
1 0
1 7
1 11
1 21
1 27
1 36
1 44
1 46
1 56
1 83
1 90
1 96
1 98
1 123
1 129
1 135
1 143
1 160
1 187
2 22
2 34
2 80
2 104
2 109
2 126
2 136
2 148
2 168
2 169
2 177
2 182
2 188
2 191
3 28
3 35
3 75
3 99
3 105
3 121
3 149
3 158
3 189
3 199
4 1
4 15
4 39
4 48
4 49
4 55
4 70
4 71
4 82
4 84
4 114
4 124
4 134
4 159
4 163
4 174
4 185
4 190
4 195
4 196
5 14
5 19
5 23
5 25
5 51
5 52
5 58
5 72
5 103
5 132
5 153
5 154
5 157
5 166
5 173
5 184
5 197
6 3
6 4
6 10
6 33
6 53
6 59
6 73
6 89
6 108
6 115
6 139
6 179
7 12
7 40
7 61
7 63
7 68
7 74
7 77
7 92
7 93
7 97
7 101
7 106
7 110
7 116
7 130
7 144
7 146
7 152
7 156
7 161
7 175
7 183
7 193
7 194
8 8
8 62
8 76
8 78
8 100
8 111
8 113
8 118
8 147
8 164
9 5
9 13
9 42
9 50
9 69
9 88
9 112
9 137
9 142
9 150
9 186
9 192
10 6
10 24
10 32
10 38
10 43
10 47
10 64
10 85
10 86
10 107
10 128
10 180
10 181
11 9
11 17
11 20
11 30
11 41
11 57
11 60
11 91
11 102
11 119
11 122
11 131
11 138
11 145
11 165
11 167
11 171
11 172
11 176
11 198
12 31
12 37
12 45
12 54
12 66
12 67
12 79
12 81
12 87
12 117
12 125
12 140
12 155
12 178
