0 5
0 13
0 42
0 50
0 69
0 88
0 112
0 137
0 142
0 150
0 186
0 192
1 12
1 40
1 61
1 68
1 74
1 92
1 93
1 97
1 101
1 106
1 116
1 144
1 146
1 152
1 161
1 175
1 183
2 6
2 24
2 28
2 32
2 38
2 43
2 64
2 85
2 86
2 107
2 128
2 180
2 181
2 199
3 1
3 15
3 39
3 47
3 48
3 49
3 55
3 70
3 84
3 114
3 124
3 134
3 159
3 163
3 174
3 185
3 195
3 196
4 11
4 19
4 46
4 83
4 90
4 111
4 132
4 166
4 184
4 197
5 31
5 34
5 45
5 104
5 109
5 126
5 136
5 182
5 188
5 191
6 21
6 35
6 44
6 75
6 98
6 99
6 105
6 121
6 135
6 149
6 158
6 189
7 9
7 17
7 20
7 30
7 41
7 57
7 60
7 62
7 65
7 91
7 102
7 119
7 122
7 127
7 131
7 133
7 138
7 165
7 167
7 171
7 172
7 176
8 8
8 22
8 76
8 78
8 80
8 113
8 118
8 147
8 148
8 164
8 168
8 169
8 177
9 2
9 16
9 18
9 26
9 29
9 94
9 95
9 120
9 141
9 151
9 162
9 170
10 14
10 23
10 25
10 51
10 52
10 58
10 72
10 100
10 103
10 145
10 153
10 154
10 157
10 173
10 198
11 37
11 54
11 66
11 67
11 79
11 81
11 87
11 117
11 125
11 140
11 155
11 178
12 4
12 10
12 33
12 53
12 71
12 82
12 89
12 115
12 130
12 139
12 179
12 190
12 193
13 3
13 59
13 73
13 108
13 143
14 0
14 7
14 27
14 36
14 56
14 63
14 77
14 96
14 110
14 123
14 129
14 156
14 160
14 187
14 194
