0 0
0 5
0 24
0 36
0 60
0 91
0 150
0 166
0 186
1 18
1 35
1 68
1 73
1 79
1 105
1 107
1 108
1 109
1 152
1 177
1 179
1 194
2 3
2 4
2 6
2 9
2 28
2 32
2 34
2 37
2 46
2 49
2 70
2 98
2 100
2 112
2 126
2 136
2 149
2 165
2 185
2 195
3 27
3 42
3 67
3 74
3 114
3 172
3 188
4 20
4 39
4 45
4 146
4 161
4 190
4 198
5 25
5 31
5 33
5 84
5 93
5 113
5 124
5 132
5 134
5 137
5 148
5 160
5 175
5 181
5 182
5 184
6 2
6 8
6 22
6 40
6 57
6 69
6 72
6 80
6 81
6 86
6 101
6 130
6 139
6 147
6 151
6 154
6 170
6 183
6 197
7 1
7 12
7 30
7 51
7 53
7 63
7 106
7 110
7 115
7 122
7 144
7 158
7 168
7 196
8 19
8 29
8 92
8 99
8 117
8 127
8 140
8 141
8 153
8 155
8 173
9 56
9 118
9 143
10 7
10 14
10 21
10 38
10 59
10 71
10 75
10 77
10 78
10 82
10 102
10 125
10 159
11 13
11 23
11 26
11 44
11 58
11 66
11 103
11 138
11 163
11 180
12 10
12 17
12 41
12 43
12 48
12 52
12 54
12 55
12 62
12 64
12 76
12 89
12 94
12 95
12 97
12 116
12 119
12 120
12 121
12 129
12 157
12 174
12 176
12 187
12 189
13 50
13 83
13 85
13 87
13 88
13 96
13 104
13 123
13 128
13 131
13 133
13 145
13 167
13 193
13 199
14 11
14 15
14 16
14 47
14 61
14 65
14 90
14 111
14 135
14 142
14 156
14 164
14 169
14 178
14 191
14 192
15 162
15 171
