0 19
0 29
0 92
0 99
0 117
0 127
0 132
0 137
0 140
0 148
0 153
0 155
1 147
1 150
1 151
1 170
1 183
2 4
2 28
2 32
2 34
2 37
2 44
2 46
2 49
2 70
2 98
2 100
2 126
2 138
2 165
2 195
2 197
3 25
3 31
3 33
3 84
3 93
3 113
3 124
3 134
3 160
3 175
3 182
3 184
4 0
4 5
4 24
4 36
4 60
4 91
4 166
4 169
4 186
5 11
5 15
5 16
5 30
5 51
5 65
5 90
5 106
5 111
5 115
5 164
5 168
5 178
5 191
6 13
6 23
6 26
6 56
6 58
6 66
6 103
6 118
6 143
6 180
7 35
7 59
7 68
7 71
7 73
7 79
7 105
7 107
7 108
7 152
7 177
7 179
7 194
8 8
8 22
8 40
8 57
8 61
8 69
8 72
8 80
8 81
8 86
8 101
8 130
8 139
8 154
9 27
9 42
9 67
9 114
9 162
9 163
9 171
9 181
9 188
10 50
10 83
10 85
10 87
10 88
10 96
10 104
10 123
10 128
10 131
10 133
10 145
10 167
10 193
10 199
11 7
11 14
11 38
11 75
12 3
12 6
12 9
12 47
12 112
12 135
12 136
12 141
12 142
12 149
12 156
12 185
12 192
13 1
13 12
13 21
13 63
13 77
13 78
13 82
13 102
13 110
13 122
13 125
13 144
13 158
13 159
13 196
14 74
14 172
15 17
15 41
15 52
15 54
15 55
15 62
15 76
15 94
15 95
15 116
15 119
15 120
15 176
15 187
16 10
16 18
16 43
16 48
16 53
16 64
16 89
16 97
16 109
16 121
16 129
16 157
16 173
16 174
16 189
17 2
17 20
17 39
17 45
17 146
17 161
17 190
17 198
