0 0
0 1
0 5
0 6
0 8
0 9
0 10
0 11
0 12
0 15
0 16
0 17
0 18
0 19
0 24
0 29
0 30
0 31
0 35
0 36
0 40
0 41
0 43
0 47
0 48
0 50
0 51
0 52
0 53
0 54
0 55
0 57
0 59
0 60
0 61
0 62
0 63
0 64
0 65
0 68
0 69
0 71
0 72
0 73
0 76
0 79
0 80
0 81
0 83
0 85
0 87
0 88
0 89
0 90
0 91
0 92
0 94
0 95
0 96
0 97
0 99
0 104
0 105
0 106
0 107
0 108
0 109
0 110
0 111
0 112
0 113
0 115
0 116
0 117
0 119
0 120
0 121
0 123
0 124
0 127
0 128
0 129
0 131
0 133
0 135
0 136
0 139
0 140
0 141
0 142
0 144
0 145
0 149
0 152
0 153
0 154
0 155
0 156
0 157
0 158
0 159
0 160
0 164
0 166
0 167
0 168
0 169
0 173
0 174
0 175
0 176
0 177
0 178
0 179
0 182
0 184
0 185
0 186
0 187
0 189
0 191
0 192
0 193
0 194
0 196
0 199
1 2
1 3
1 4
1 7
1 13
1 14
1 20
1 21
1 22
1 23
1 25
1 26
1 27
1 28
1 32
1 33
1 34
1 37
1 38
1 39
1 42
1 44
1 45
1 46
1 49
1 56
1 58
1 66
1 67
1 70
1 74
1 75
1 77
1 78
1 82
1 84
1 86
1 93
1 98
1 100
1 101
1 102
1 103
1 114
1 118
1 122
1 125
1 126
1 130
1 132
1 134
1 137
1 138
1 143
1 146
1 147
1 148
1 150
1 151
1 161
1 162
1 163
1 165
1 170
1 171
1 172
1 180
1 181
1 183
1 188
1 190
1 195
1 197
1 198
