0 14
0 23
0 25
0 51
0 52
0 58
0 72
0 103
0 145
0 153
0 154
0 157
0 173
0 198
1 4
1 10
1 33
1 53
1 71
1 82
1 89
1 115
1 179
1 190
2 5
2 13
2 42
2 50
2 69
2 88
2 112
2 137
2 142
2 150
2 186
2 192
3 40
3 61
3 63
3 68
3 74
3 93
3 97
3 106
3 116
3 152
3 175
3 183
4 12
4 101
4 130
4 139
4 144
4 161
4 193
5 22
5 34
5 80
5 109
5 126
5 136
5 148
5 168
5 169
5 177
5 182
5 191
6 11
6 21
6 44
6 46
6 83
6 90
6 98
7 6
7 24
7 28
7 32
7 64
7 86
7 107
7 180
7 181
7 199
8 2
8 16
8 18
8 26
8 29
8 94
8 95
8 120
8 141
8 151
8 170
9 31
9 37
9 45
9 54
9 66
9 79
9 81
9 92
9 117
9 146
9 155
9 178
10 9
10 17
10 20
10 30
10 41
10 57
10 60
10 65
10 91
10 102
10 122
10 127
10 131
10 133
10 138
10 162
10 165
10 167
10 171
10 172
10 176
11 35
11 75
11 99
11 105
11 121
11 135
11 149
11 158
11 189
12 8
12 62
12 76
12 78
12 100
12 111
12 113
12 118
12 119
12 147
12 164
13 0
13 7
13 27
13 36
13 38
13 56
13 77
13 96
13 110
13 123
13 129
13 156
13 160
13 187
13 194
14 3
14 59
14 73
14 108
14 143
15 1
15 55
15 114
15 163
15 185
15 195
15 196
16 43
16 47
16 70
16 85
16 104
16 128
16 188
17 19
17 132
17 166
17 184
17 197
18 67
18 87
18 140
19 15
19 39
19 48
19 49
19 84
19 124
19 125
19 134
19 159
19 174
