0 2
0 5
0 13
0 16
0 18
0 22
0 26
0 29
0 30
0 31
0 34
0 37
0 42
0 45
0 48
0 49
0 50
0 54
0 65
0 66
0 67
0 69
0 76
0 78
0 79
0 80
0 81
0 87
0 88
0 92
0 94
0 95
0 104
0 109
0 112
0 113
0 117
0 118
0 120
0 122
0 124
0 125
0 126
0 127
0 133
0 134
0 136
0 137
0 140
0 141
0 142
0 146
0 147
0 148
0 150
0 151
0 155
0 162
0 164
0 167
0 168
0 169
0 170
0 176
0 177
0 178
0 182
0 186
0 188
0 191
0 192
1 1
1 3
1 4
1 6
1 10
1 15
1 24
1 28
1 32
1 33
1 35
1 38
1 39
1 43
1 47
1 53
1 55
1 59
1 64
1 70
1 71
1 73
1 75
1 82
1 84
1 85
1 86
1 89
1 99
1 105
1 107
1 108
1 114
1 115
1 121
1 128
1 135
1 139
1 143
1 149
1 158
1 159
1 163
1 174
1 179
1 180
1 181
1 185
1 189
1 190
1 195
1 196
1 199
2 0
2 7
2 8
2 9
2 11
2 12
2 14
2 17
2 19
2 20
2 21
2 23
2 25
2 27
2 36
2 40
2 41
2 44
2 46
2 51
2 52
2 56
2 57
2 58
2 60
2 61
2 62
2 63
2 68
2 72
2 74
2 77
2 83
2 90
2 91
2 93
2 96
2 97
2 98
2 100
2 101
2 102
2 103
2 106
2 110
2 111
2 116
2 119
2 123
2 129
2 130
2 131
2 132
2 138
2 144
2 145
2 152
2 153
2 154
2 156
2 157
2 160
2 161
2 165
2 166
2 171
2 172
2 173
2 175
2 183
2 184
2 187
2 193
2 194
2 197
2 198
