0 2
0 3
0 4
0 13
0 20
0 22
0 23
0 26
0 28
0 32
0 39
0 44
0 45
0 46
0 49
0 56
0 58
0 66
0 70
0 86
0 98
0 100
0 101
0 103
0 118
0 126
0 130
0 138
0 143
0 146
0 147
0 150
0 151
0 161
0 163
0 165
0 170
0 180
0 183
0 190
0 195
0 197
0 198
1 1
1 7
1 12
1 14
1 21
1 25
1 27
1 33
1 34
1 35
1 37
1 38
1 42
1 59
1 63
1 67
1 71
1 73
1 75
1 77
1 78
1 82
1 84
1 93
1 102
1 105
1 108
1 114
1 122
1 125
1 132
1 134
1 137
1 144
1 148
1 152
1 158
1 159
1 160
1 162
1 171
1 177
1 179
1 181
1 182
1 188
1 196
2 19
2 29
2 31
2 50
2 68
2 74
2 79
2 83
2 85
2 87
2 88
2 92
2 96
2 99
2 104
2 113
2 117
2 123
2 124
2 127
2 128
2 131
2 133
2 140
2 145
2 153
2 167
2 172
2 175
2 184
2 193
2 199
3 0
3 5
3 6
3 8
3 9
3 10
3 11
3 15
3 16
3 17
3 18
3 24
3 30
3 36
3 40
3 41
3 43
3 47
3 48
3 51
3 52
3 53
3 54
3 55
3 57
3 60
3 61
3 62
3 64
3 65
3 69
3 72
3 76
3 80
3 81
3 89
3 90
3 91
3 94
3 95
3 97
3 106
3 107
3 109
3 110
3 111
3 112
3 115
3 116
3 119
3 120
3 121
3 129
3 135
3 136
3 139
3 141
3 142
3 149
3 154
3 155
3 156
3 157
3 164
3 166
3 168
3 169
3 173
3 174
3 176
3 178
3 185
3 186
3 187
3 189
3 191
3 192
3 194
