0 0
0 7
0 11
0 21
0 27
0 36
0 44
0 46
0 56
0 58
0 83
0 90
0 96
0 98
0 123
0 129
0 132
0 135
0 153
0 154
0 160
0 166
0 184
0 187
0 197
1 22
1 34
1 45
1 50
1 80
1 88
1 104
1 109
1 126
1 136
1 142
1 147
1 148
1 168
1 169
1 177
1 182
1 191
2 31
2 37
2 54
2 66
2 67
2 79
2 81
2 87
2 92
2 117
2 125
2 140
2 146
2 155
2 178
3 8
3 14
3 19
3 23
3 51
3 52
3 76
3 78
3 100
3 103
3 111
3 113
3 118
3 164
4 6
4 24
4 28
4 32
4 35
4 38
4 64
4 73
4 75
4 85
4 86
4 99
4 105
4 107
4 121
4 149
4 158
4 180
4 181
4 189
4 199
5 3
5 4
5 10
5 33
5 40
5 53
5 59
5 61
5 63
5 68
5 74
5 77
5 89
5 93
5 97
5 101
5 106
5 108
5 110
5 115
5 116
5 130
5 139
5 143
5 144
5 152
5 156
5 161
5 175
5 183
5 193
5 194
6 2
6 16
6 18
6 26
6 29
6 94
6 95
6 120
6 127
6 141
6 151
6 162
6 170
7 1
7 15
7 39
7 43
7 47
7 48
7 49
7 55
7 70
7 71
7 82
7 84
7 114
7 124
7 128
7 134
7 159
7 163
7 174
7 179
7 185
7 188
7 190
7 195
7 196
8 5
8 9
8 12
8 13
8 17
8 20
8 25
8 30
8 41
8 42
8 57
8 60
8 62
8 65
8 69
8 72
8 91
8 102
8 112
8 119
8 122
8 131
8 133
8 137
8 138
8 145
8 150
8 157
8 165
8 167
8 171
8 172
8 173
8 176
8 186
8 192
8 198
