0 4
0 5
0 12
0 24
0 25
0 32
0 40
0 44
0 45
0 57
0 58
0 64
0 65
0 100
0 101
0 110
0 121
0 133
0 141
0 145
0 154
0 159
0 160
0 172
0 176
1 34
1 36
1 55
1 59
1 61
1 62
1 63
1 66
1 70
1 75
1 84
1 113
1 115
1 126
1 131
1 136
1 151
1 158
1 162
1 173
1 181
2 9
2 20
2 35
2 48
2 49
2 51
2 60
2 67
2 78
2 97
2 98
2 103
2 107
2 118
2 119
2 124
2 138
2 179
2 193
2 196
3 2
3 10
3 27
3 30
3 77
3 109
3 116
3 132
3 150
3 166
3 177
3 194
4 1
4 6
4 14
4 17
4 23
4 42
4 54
4 56
4 71
4 92
4 111
4 125
4 134
4 147
4 153
4 174
4 178
4 183
4 189
4 192
4 195
5 13
5 16
5 38
5 69
5 83
5 93
5 99
5 112
5 128
5 129
5 137
5 157
5 167
5 199
6 3
6 43
6 46
6 47
6 50
6 81
6 89
6 94
6 96
6 108
6 120
6 123
6 130
6 135
6 144
6 164
6 188
6 191
7 18
7 28
7 29
7 37
7 39
7 72
7 73
7 80
7 82
7 91
7 105
7 122
7 127
7 146
7 165
7 171
7 184
7 186
7 187
8 7
8 19
8 22
8 26
8 31
8 88
8 104
8 114
8 152
8 163
8 168
8 198
9 8
9 11
9 15
9 74
9 79
9 86
9 87
9 95
9 155
9 169
9 180
9 185
9 190
9 197
10 0
10 21
10 33
10 41
10 52
10 53
10 68
10 76
10 85
10 90
10 102
10 106
10 117
10 139
10 140
10 142
10 143
10 148
10 149
10 156
10 161
10 170
10 175
10 182
