0 0
0 21
0 33
0 41
0 68
0 76
0 90
0 102
0 139
0 140
0 148
0 149
0 156
0 161
0 189
1 18
1 39
1 59
1 70
1 75
1 82
1 91
1 113
1 122
1 127
1 131
1 146
1 153
1 173
1 181
1 186
1 187
2 13
2 28
2 29
2 37
2 38
2 72
2 80
2 99
2 112
2 128
2 129
2 137
2 157
2 165
2 167
2 171
2 199
3 34
3 36
3 46
3 55
3 61
3 62
3 63
3 66
3 84
3 108
3 115
3 126
3 136
3 151
3 162
4 12
4 45
4 52
4 53
4 77
4 85
4 87
4 101
4 106
4 111
4 117
4 142
4 143
4 145
4 170
4 175
4 180
4 182
4 185
5 16
5 20
5 35
5 48
5 49
5 51
5 60
5 67
5 69
5 78
5 93
5 98
5 103
5 107
5 118
5 119
5 124
5 138
5 163
5 179
5 193
5 196
6 4
6 5
6 11
6 32
6 40
6 141
6 154
6 159
6 172
7 15
7 24
7 25
7 44
7 57
7 58
7 64
7 65
7 97
7 100
7 110
7 121
7 125
7 133
7 160
7 176
7 184
7 194
8 7
8 9
8 19
8 22
8 26
8 31
8 88
8 104
8 114
8 152
8 158
8 168
8 198
9 2
9 10
9 27
9 30
9 109
9 116
9 132
9 150
9 166
9 177
10 3
10 43
10 47
10 50
10 81
10 83
10 89
10 94
10 96
10 120
10 123
10 130
10 135
10 144
10 164
10 188
10 191
11 1
11 6
11 14
11 17
11 23
11 42
11 54
11 56
11 71
11 92
11 134
11 147
11 174
11 178
11 183
11 192
11 195
12 8
12 73
12 74
12 79
12 86
12 95
12 105
12 155
12 169
12 190
12 197
