0 18
0 39
0 82
0 91
0 122
0 125
0 127
0 146
0 184
0 186
0 187
1 0
1 10
1 27
1 33
1 41
1 68
1 102
1 109
1 132
1 139
1 140
1 148
1 149
1 161
1 177
1 189
1 192
2 7
2 9
2 19
2 22
2 26
2 35
2 168
2 179
2 193
2 198
3 3
3 43
3 46
3 47
3 50
3 81
3 89
3 94
3 96
3 108
3 120
3 123
3 135
3 164
3 188
3 191
4 11
4 12
4 32
4 45
4 57
4 87
4 95
4 100
4 101
4 110
4 154
4 180
5 4
5 5
5 24
5 25
5 40
5 44
5 58
5 64
5 65
5 97
5 121
5 133
5 159
5 160
5 172
5 176
5 194
5 196
6 16
6 31
6 49
6 69
6 88
6 93
6 104
6 114
6 138
6 152
6 163
7 59
7 62
7 70
7 75
7 113
7 126
7 131
7 162
7 173
7 181
8 13
8 28
8 29
8 37
8 72
8 80
8 99
8 165
8 167
8 171
9 38
9 83
9 112
9 128
9 129
9 130
9 137
9 144
9 157
9 199
10 21
10 52
10 76
10 85
10 90
10 106
10 142
10 143
10 170
10 175
11 2
11 30
11 141
11 145
11 150
11 166
12 6
12 15
12 53
12 54
12 56
12 77
12 111
12 116
12 117
12 134
12 156
12 174
12 178
12 182
12 183
12 185
13 8
13 73
13 74
13 79
13 86
13 105
13 155
13 169
13 190
13 197
14 1
14 14
14 17
14 23
14 42
14 71
14 92
14 147
14 153
14 195
15 20
15 48
15 51
15 60
15 67
15 78
15 98
15 103
15 107
15 118
15 119
15 124
16 34
16 36
16 55
16 61
16 63
16 66
16 84
16 115
16 136
16 151
16 158
