0 25
0 27
0 30
0 77
0 116
0 132
0 150
0 166
0 177
1 16
1 60
1 67
1 69
1 78
1 93
1 98
1 124
1 129
1 138
2 1
2 23
2 42
2 147
2 153
2 195
3 12
3 45
3 52
3 57
3 65
3 87
3 100
3 101
3 110
3 117
3 142
3 154
3 159
3 180
4 8
4 73
4 74
4 79
4 80
4 86
4 95
4 105
4 155
4 169
4 190
5 13
5 28
5 29
5 72
5 99
5 165
5 167
5 171
6 36
6 55
6 62
6 63
6 66
6 70
6 115
6 126
6 131
6 136
6 151
6 162
6 164
6 181
7 3
7 38
7 47
7 50
7 83
7 112
7 128
7 135
7 137
7 144
7 157
7 199
8 33
8 53
8 56
8 68
8 71
8 76
8 85
8 111
8 143
8 148
8 149
8 156
8 182
9 34
9 43
9 46
9 61
9 81
9 84
9 89
9 94
9 96
9 108
9 120
9 123
9 158
9 188
9 191
10 2
10 4
10 11
10 32
10 40
10 106
10 141
10 145
10 170
10 175
11 7
11 9
11 20
11 22
11 26
11 48
11 97
11 168
11 179
11 193
11 198
12 0
12 6
12 10
12 21
12 41
12 54
12 90
12 102
12 109
12 134
12 139
12 140
12 161
12 174
12 178
12 183
12 189
12 192
13 19
13 31
13 49
13 88
13 104
13 114
13 130
13 152
13 163
14 5
14 35
14 51
14 103
14 107
14 118
14 119
14 121
14 133
14 172
14 196
15 18
15 39
15 59
15 75
15 82
15 113
15 122
15 127
15 146
15 173
16 14
16 17
16 44
16 91
16 92
16 125
16 184
16 186
16 187
17 15
17 24
17 37
17 58
17 64
17 160
17 176
17 185
17 194
17 197
