0 5
0 7
0 13
0 16
0 19
0 20
0 26
0 31
0 35
0 38
0 47
0 48
0 49
0 50
0 51
0 60
0 67
0 69
0 72
0 78
0 81
0 83
0 88
0 93
0 98
0 99
0 103
0 104
0 107
0 112
0 114
0 118
0 119
0 121
0 124
0 128
0 129
0 130
0 133
0 135
0 137
0 138
0 141
0 144
0 152
0 157
0 163
0 165
0 167
0 172
0 179
0 193
0 196
0 198
0 199
1 0
1 2
1 4
1 6
1 8
1 10
1 11
1 12
1 15
1 21
1 24
1 25
1 27
1 30
1 32
1 33
1 40
1 41
1 44
1 45
1 52
1 53
1 54
1 56
1 57
1 58
1 64
1 65
1 68
1 71
1 73
1 74
1 76
1 77
1 79
1 80
1 85
1 86
1 87
1 90
1 95
1 100
1 101
1 102
1 105
1 106
1 109
1 110
1 111
1 116
1 117
1 125
1 132
1 134
1 139
1 140
1 142
1 143
1 145
1 148
1 149
1 150
1 154
1 155
1 156
1 159
1 160
1 161
1 166
1 169
1 170
1 174
1 175
1 176
1 177
1 178
1 180
1 182
1 183
1 185
1 189
1 190
1 192
1 194
1 197
2 1
2 3
2 9
2 14
2 17
2 18
2 22
2 23
2 28
2 29
2 34
2 36
2 37
2 39
2 42
2 43
2 46
2 55
2 59
2 61
2 62
2 63
2 66
2 70
2 75
2 82
2 84
2 89
2 91
2 92
2 94
2 96
2 97
2 108
2 113
2 115
2 120
2 122
2 123
2 126
2 127
2 131
2 136
2 146
2 147
2 151
2 153
2 158
2 162
2 164
2 168
2 171
2 173
2 181
2 184
2 186
2 187
2 188
2 191
2 195
