0 4
0 5
0 8
0 11
0 12
0 15
0 24
0 25
0 32
0 40
0 44
0 45
0 57
0 58
0 64
0 65
0 73
0 74
0 79
0 80
0 86
0 87
0 91
0 95
0 100
0 101
0 105
0 110
0 121
0 125
0 133
0 141
0 145
0 154
0 155
0 159
0 160
0 169
0 176
0 180
0 184
0 187
0 190
0 194
0 197
1 0
1 1
1 2
1 6
1 10
1 14
1 17
1 21
1 23
1 27
1 30
1 33
1 41
1 42
1 52
1 53
1 54
1 56
1 68
1 71
1 76
1 77
1 85
1 90
1 92
1 102
1 106
1 109
1 111
1 116
1 117
1 132
1 134
1 139
1 140
1 142
1 143
1 147
1 148
1 149
1 150
1 156
1 161
1 166
1 170
1 174
1 175
1 177
1 178
1 182
1 183
1 185
1 189
1 192
1 195
2 7
2 9
2 16
2 19
2 20
2 22
2 26
2 31
2 35
2 48
2 49
2 51
2 60
2 67
2 69
2 78
2 88
2 93
2 97
2 98
2 103
2 104
2 107
2 114
2 118
2 119
2 124
2 138
2 152
2 163
2 168
2 172
2 179
2 181
2 193
2 196
2 198
3 3
3 13
3 18
3 28
3 29
3 34
3 36
3 37
3 38
3 39
3 43
3 46
3 47
3 50
3 55
3 59
3 61
3 62
3 63
3 66
3 70
3 72
3 75
3 81
3 82
3 83
3 84
3 89
3 94
3 96
3 99
3 108
3 112
3 113
3 115
3 120
3 122
3 123
3 126
3 127
3 128
3 129
3 130
3 131
3 135
3 136
3 137
3 144
3 146
3 151
3 153
3 157
3 158
3 162
3 164
3 165
3 167
3 171
3 173
3 186
3 188
3 191
3 199
