0 2
0 4
0 11
0 12
0 32
0 40
0 45
0 52
0 57
0 101
0 106
0 110
0 117
0 141
0 142
0 145
0 170
0 175
1 1
1 3
1 22
1 26
1 36
1 55
1 59
1 62
1 63
1 66
1 70
1 97
1 115
1 126
1 131
1 136
1 147
1 151
1 162
1 164
1 168
1 173
1 181
2 8
2 65
2 73
2 74
2 79
2 80
2 86
2 87
2 95
2 100
2 105
2 154
2 155
2 159
2 169
2 180
2 182
2 190
2 197
3 14
3 17
3 18
3 28
3 29
3 39
3 44
3 75
3 82
3 91
3 92
3 113
3 122
3 125
3 127
3 146
3 153
3 171
3 184
3 186
3 187
3 195
4 5
4 7
4 19
4 20
4 35
4 48
4 51
4 67
4 72
4 78
4 98
4 103
4 107
4 118
4 119
4 121
4 133
4 138
4 165
4 172
4 179
4 193
4 196
5 13
5 16
5 31
5 38
5 47
5 49
5 50
5 60
5 69
5 83
5 88
5 93
5 99
5 104
5 112
5 114
5 124
5 128
5 129
5 130
5 137
5 144
5 152
5 157
5 163
5 167
5 199
6 9
6 10
6 15
6 24
6 25
6 27
6 30
6 37
6 58
6 64
6 77
6 109
6 116
6 132
6 150
6 160
6 166
6 176
6 177
6 183
6 185
6 194
7 34
7 43
7 46
7 61
7 81
7 84
7 89
7 94
7 96
7 108
7 120
7 123
7 135
7 158
7 188
7 191
7 198
8 0
8 6
8 21
8 23
8 33
8 41
8 42
8 53
8 54
8 56
8 68
8 71
8 76
8 85
8 90
8 102
8 111
8 134
8 139
8 140
8 143
8 148
8 149
8 156
8 161
8 174
8 178
8 189
8 192
