0 8
0 15
0 24
0 56
0 65
0 73
0 74
0 79
0 80
0 86
0 87
0 95
0 105
0 111
0 125
0 155
0 159
0 169
0 180
0 182
0 185
0 190
0 197
1 1
1 6
1 14
1 17
1 23
1 42
1 44
1 54
1 71
1 92
1 147
1 153
1 178
1 181
1 195
2 38
2 47
2 50
2 69
2 81
2 83
2 94
2 96
2 112
2 120
2 128
2 129
2 130
2 135
2 137
2 144
2 157
2 188
2 199
3 13
3 18
3 28
3 29
3 39
3 59
3 70
3 72
3 75
3 82
3 91
3 113
3 122
3 126
3 127
3 131
3 146
3 162
3 165
3 167
3 171
3 173
3 184
3 186
3 187
4 5
4 7
4 9
4 16
4 19
4 20
4 35
4 37
4 48
4 51
4 67
4 78
4 97
4 98
4 99
4 103
4 107
4 118
4 119
4 121
4 124
4 133
4 138
4 172
4 179
4 193
4 196
5 25
5 30
5 45
5 52
5 53
5 57
5 58
5 64
5 77
5 100
5 101
5 110
5 116
5 117
5 142
5 150
5 154
5 160
5 166
5 176
5 177
5 183
5 194
6 0
6 10
6 21
6 27
6 33
6 41
6 68
6 76
6 85
6 90
6 102
6 109
6 132
6 134
6 139
6 140
6 143
6 148
6 149
6 156
6 161
6 174
6 189
6 192
7 22
7 26
7 31
7 49
7 60
7 88
7 93
7 104
7 114
7 152
7 158
7 163
7 168
7 198
8 3
8 34
8 36
8 43
8 46
8 55
8 61
8 62
8 63
8 66
8 84
8 89
8 108
8 115
8 123
8 136
8 151
8 164
8 191
9 2
9 4
9 11
9 12
9 32
9 40
9 106
9 141
9 145
9 170
9 175
