0 0
0 1
0 10
0 33
0 41
0 42
0 54
0 68
0 71
0 102
0 109
0 134
0 139
0 140
0 148
0 149
0 161
0 189
0 192
1 5
1 16
1 20
1 35
1 37
1 48
1 51
1 60
1 67
1 69
1 78
1 97
1 98
1 99
1 103
1 107
1 118
1 119
1 121
1 124
1 133
1 138
1 172
1 179
1 193
1 196
2 6
2 15
2 21
2 45
2 52
2 53
2 56
2 57
2 76
2 85
2 87
2 90
2 95
2 100
2 101
2 110
2 111
2 142
2 143
2 154
2 156
2 160
2 174
2 178
2 180
2 182
2 185
3 3
3 13
3 34
3 43
3 46
3 61
3 62
3 63
3 66
3 84
3 89
3 108
3 123
3 164
3 167
3 191
4 9
4 24
4 25
4 27
4 30
4 58
4 64
4 77
4 116
4 117
4 132
4 150
4 166
4 176
4 177
4 183
4 194
5 38
5 47
5 50
5 81
5 83
5 94
5 96
5 112
5 120
5 128
5 129
5 130
5 135
5 137
5 144
5 157
5 188
5 199
6 8
6 11
6 28
6 44
6 65
6 72
6 73
6 74
6 79
6 80
6 86
6 105
6 155
6 159
6 165
6 169
6 190
6 197
7 14
7 17
7 18
7 23
7 29
7 39
7 75
7 82
7 91
7 92
7 113
7 122
7 125
7 127
7 146
7 153
7 171
7 184
7 186
7 187
7 195
8 36
8 55
8 59
8 70
8 115
8 126
8 131
8 136
8 147
8 151
8 162
8 173
8 181
9 7
9 19
9 22
9 26
9 31
9 49
9 88
9 93
9 104
9 114
9 152
9 158
9 163
9 168
9 198
10 2
10 4
10 12
10 32
10 40
10 106
10 141
10 145
10 170
10 175
