0 8
0 73
0 74
0 80
0 86
0 105
0 155
0 159
0 169
0 190
1 5
1 7
1 9
1 19
1 20
1 24
1 35
1 37
1 65
1 97
1 103
1 121
1 133
1 172
1 179
1 193
1 196
2 6
2 15
2 53
2 54
2 56
2 76
2 79
2 85
2 87
2 95
2 111
2 143
2 156
2 174
2 178
2 180
2 182
2 185
2 197
3 1
3 14
3 17
3 23
3 42
3 44
3 71
3 75
3 92
3 113
3 125
3 127
3 131
3 147
3 153
3 181
3 195
4 3
4 34
4 36
4 43
4 46
4 55
4 61
4 62
4 63
4 66
4 84
4 89
4 108
4 115
4 123
4 136
4 151
4 164
4 191
5 25
5 30
5 45
5 52
5 57
5 58
5 64
5 77
5 100
5 101
5 110
5 116
5 117
5 142
5 150
5 154
5 160
5 166
5 176
5 177
5 183
5 194
6 22
6 26
6 31
6 49
6 88
6 93
6 104
6 114
6 152
6 158
6 163
6 168
6 198
7 13
7 18
7 28
7 29
7 39
7 59
7 70
7 72
7 82
7 91
7 122
7 126
7 146
7 162
7 165
7 167
7 171
7 173
7 184
7 186
7 187
8 0
8 10
8 21
8 27
8 33
8 41
8 68
8 90
8 102
8 109
8 132
8 134
8 139
8 140
8 148
8 149
8 161
8 189
8 192
9 47
9 50
9 81
9 83
9 94
9 96
9 120
9 130
9 135
9 144
9 188
10 16
10 38
10 48
10 51
10 60
10 67
10 69
10 78
10 98
10 99
10 107
10 112
10 118
10 119
10 124
10 128
10 129
10 137
10 138
10 157
10 199
11 2
11 4
11 11
11 12
11 32
11 40
11 106
11 141
11 145
11 170
11 175
