0 7
0 19
0 22
0 26
0 31
0 49
0 88
0 93
0 104
0 114
0 152
0 158
0 163
0 168
0 198
1 6
1 54
1 71
1 90
1 92
1 102
1 134
1 156
1 174
1 178
1 183
2 5
2 20
2 35
2 48
2 51
2 67
2 78
2 97
2 98
2 103
2 107
2 118
2 119
2 121
2 133
2 138
2 172
2 179
2 193
2 196
3 8
3 11
3 13
3 44
3 65
3 72
3 73
3 80
3 86
3 105
3 155
3 159
3 165
3 169
3 190
3 197
4 16
4 38
4 60
4 69
4 83
4 99
4 112
4 124
4 128
4 129
4 137
4 157
4 199
5 34
5 46
5 47
5 50
5 81
5 89
5 94
5 96
5 120
5 130
5 135
5 144
5 188
5 191
6 2
6 4
6 9
6 24
6 25
6 30
6 40
6 58
6 64
6 77
6 116
6 141
6 150
6 160
6 166
6 176
6 177
6 194
7 3
7 37
7 43
7 55
7 61
7 62
7 63
7 66
7 84
7 108
7 115
7 123
7 136
7 151
7 164
7 167
8 1
8 23
8 36
8 59
8 70
8 75
8 82
8 113
8 126
8 131
8 147
8 153
8 162
8 173
8 181
8 195
9 0
9 10
9 27
9 33
9 41
9 42
9 68
9 109
9 132
9 139
9 140
9 148
9 149
9 161
9 189
9 192
10 15
10 21
10 53
10 56
10 74
10 76
10 79
10 85
10 87
10 95
10 111
10 143
10 180
10 182
10 185
11 14
11 17
11 18
11 28
11 29
11 39
11 91
11 122
11 125
11 127
11 146
11 171
11 184
11 186
11 187
12 12
12 32
12 45
12 52
12 57
12 100
12 101
12 106
12 110
12 117
12 142
12 145
12 154
12 170
12 175
