0 0
0 10
0 27
0 30
0 77
0 109
0 116
0 132
0 140
0 150
0 161
0 166
0 177
1 38
1 47
1 50
1 81
1 83
1 94
1 96
1 120
1 130
1 135
1 144
1 188
2 14
2 17
2 18
2 28
2 39
2 75
2 82
2 91
2 122
2 125
2 127
2 146
2 171
2 184
2 186
2 187
3 6
3 21
3 33
3 52
3 53
3 54
3 56
3 68
3 76
3 85
3 90
3 102
3 111
3 142
3 143
3 148
3 156
3 178
3 182
3 185
4 16
4 20
4 35
4 48
4 51
4 67
4 69
4 78
4 98
4 103
4 107
4 118
4 119
4 124
4 138
4 179
4 193
5 8
5 11
5 73
5 74
5 79
5 80
5 86
5 95
5 105
5 155
5 169
5 190
5 197
6 36
6 55
6 59
6 62
6 63
6 66
6 70
6 115
6 126
6 131
6 136
6 151
6 162
6 173
7 7
7 19
7 22
7 26
7 104
7 114
7 152
7 158
7 168
7 198
8 2
8 4
8 32
8 40
8 106
8 141
8 145
8 170
8 175
9 5
9 44
9 65
9 121
9 133
9 196
10 1
10 23
10 41
10 42
10 71
10 92
10 113
10 139
10 147
10 149
10 153
10 189
10 192
10 195
11 9
11 24
11 25
11 37
11 58
11 64
11 97
11 134
11 174
11 176
11 181
11 183
11 194
12 12
12 15
12 45
12 57
12 87
12 100
12 101
12 110
12 117
12 154
12 159
12 160
12 180
13 3
13 34
13 43
13 46
13 61
13 84
13 89
13 108
13 123
13 164
13 191
14 13
14 29
14 72
14 99
14 112
14 128
14 137
14 157
14 165
14 167
14 199
15 31
15 49
15 60
15 88
15 93
15 129
15 163
15 172
