0 16
0 48
0 51
0 60
0 67
0 98
0 99
0 107
0 118
0 119
0 124
1 0
1 10
1 33
1 41
1 139
1 148
1 149
1 189
1 192
2 11
2 24
2 25
2 58
2 64
2 65
2 100
2 110
2 154
2 159
2 160
2 176
2 180
2 194
3 36
3 59
3 62
3 70
3 75
3 113
3 126
3 131
3 136
3 162
3 173
4 38
4 47
4 50
4 69
4 81
4 83
4 94
4 96
4 112
4 120
4 128
4 129
4 130
4 135
4 137
4 144
4 157
4 188
4 199
5 6
5 15
5 44
5 53
5 54
5 56
5 87
5 111
5 125
5 134
5 174
5 178
5 183
6 9
6 22
6 26
6 37
6 97
6 168
6 181
6 193
7 12
7 30
7 45
7 52
7 57
7 101
7 116
7 117
7 142
7 150
7 166
7 177
8 8
8 73
8 74
8 79
8 80
8 86
8 95
8 105
8 155
8 169
8 190
8 197
9 31
9 49
9 88
9 93
9 104
9 114
9 152
9 158
9 163
9 198
10 3
10 34
10 43
10 46
10 55
10 61
10 63
10 66
10 84
10 89
10 108
10 115
10 123
10 151
10 164
10 191
11 2
11 4
11 32
11 40
11 106
11 141
11 145
11 170
11 175
12 13
12 18
12 28
12 29
12 39
12 72
12 82
12 91
12 122
12 127
12 146
12 165
12 167
12 171
12 184
12 186
12 187
13 1
13 14
13 17
13 23
13 42
13 71
13 92
13 147
13 153
13 195
14 7
14 19
14 172
15 21
15 27
15 68
15 76
15 77
15 85
15 90
15 102
15 109
15 132
15 140
15 143
15 156
15 161
15 182
15 185
16 5
16 20
16 35
16 78
16 103
16 121
16 133
16 138
16 179
16 196
