0 3
0 43
0 123
0 164
1 5
1 44
1 65
1 100
1 121
1 133
1 154
1 159
1 196
2 12
2 45
2 52
2 57
2 101
2 106
2 110
2 117
2 142
2 170
2 175
3 7
3 9
3 19
3 20
3 22
3 26
3 35
3 168
3 179
3 193
4 18
4 29
4 39
4 75
4 82
4 122
4 167
4 171
4 173
5 13
5 38
5 99
5 112
5 128
5 129
5 137
5 157
5 199
6 6
6 15
6 21
6 53
6 54
6 56
6 76
6 85
6 87
6 90
6 111
6 143
6 156
6 174
6 178
6 180
6 182
6 185
7 47
7 50
7 81
7 83
7 94
7 96
7 120
7 130
7 135
7 144
7 188
8 0
8 1
8 33
8 41
8 42
8 68
8 102
8 134
8 139
8 140
8 148
8 149
8 161
8 189
8 192
9 24
9 25
9 37
9 58
9 64
9 77
9 97
9 160
9 176
9 183
9 194
10 31
10 49
10 88
10 93
10 104
10 114
10 152
10 158
10 163
10 198
11 2
11 4
11 32
11 40
11 141
11 145
12 34
12 46
12 61
12 84
12 89
12 108
12 191
13 11
13 74
13 79
13 95
13 155
13 190
14 14
14 17
14 23
14 71
14 91
14 92
14 113
14 125
14 127
14 146
14 147
14 153
14 184
14 186
14 187
14 195
15 16
15 48
15 51
15 60
15 67
15 69
15 78
15 98
15 103
15 107
15 118
15 119
15 124
15 138
15 172
16 10
16 27
16 30
16 109
16 116
16 132
16 150
16 166
16 177
17 8
17 28
17 72
17 73
17 80
17 86
17 105
17 165
17 169
17 197
18 36
18 55
18 59
18 62
18 63
18 66
18 70
18 115
18 126
18 131
18 136
18 151
18 162
18 181
