0 3
0 5
0 7
0 13
0 16
0 19
0 20
0 22
0 26
0 29
0 31
0 34
0 35
0 36
0 37
0 38
0 43
0 46
0 47
0 48
0 49
0 50
0 51
0 55
0 59
0 60
0 61
0 62
0 63
0 66
0 67
0 69
0 70
0 72
0 78
0 81
0 83
0 84
0 88
0 89
0 93
0 94
0 96
0 98
0 99
0 103
0 104
0 107
0 108
0 112
0 114
0 115
0 118
0 119
0 120
0 123
0 124
0 126
0 128
0 129
0 130
0 131
0 135
0 136
0 137
0 138
0 144
0 151
0 152
0 157
0 158
0 162
0 163
0 164
0 165
0 167
0 168
0 172
0 173
0 179
0 181
0 188
0 191
0 193
0 196
0 198
0 199
1 0
1 1
1 2
1 4
1 6
1 8
1 9
1 10
1 11
1 12
1 14
1 15
1 17
1 18
1 21
1 23
1 24
1 25
1 27
1 28
1 30
1 32
1 33
1 39
1 40
1 41
1 42
1 44
1 45
1 52
1 53
1 54
1 56
1 57
1 58
1 64
1 65
1 68
1 71
1 73
1 74
1 75
1 76
1 77
1 79
1 80
1 82
1 85
1 86
1 87
1 90
1 91
1 92
1 95
1 97
1 100
1 101
1 102
1 105
1 106
1 109
1 110
1 111
1 113
1 116
1 117
1 121
1 122
1 125
1 127
1 132
1 133
1 134
1 139
1 140
1 141
1 142
1 143
1 145
1 146
1 147
1 148
1 149
1 150
1 153
1 154
1 155
1 156
1 159
1 160
1 161
1 166
1 169
1 170
1 171
1 174
1 175
1 176
1 177
1 178
1 180
1 182
1 183
1 184
1 185
1 186
1 187
1 189
1 190
1 192
1 194
1 195
1 197
