0 2
0 4
0 5
0 9
0 11
0 12
0 24
0 25
0 27
0 30
0 32
0 35
0 40
0 45
0 52
0 57
0 58
0 64
0 65
0 77
0 80
0 100
0 101
0 106
0 110
0 116
0 117
0 121
0 132
0 133
0 141
0 142
0 145
0 150
0 154
0 155
0 159
0 160
0 166
0 170
0 175
0 176
0 177
0 180
0 183
0 190
0 194
0 196
1 0
1 1
1 6
1 8
1 10
1 14
1 15
1 17
1 18
1 21
1 23
1 28
1 29
1 33
1 36
1 39
1 41
1 42
1 44
1 53
1 54
1 56
1 59
1 68
1 70
1 71
1 72
1 73
1 74
1 75
1 76
1 79
1 82
1 85
1 86
1 87
1 90
1 91
1 92
1 95
1 97
1 102
1 105
1 109
1 111
1 113
1 122
1 125
1 126
1 127
1 131
1 134
1 136
1 139
1 140
1 143
1 146
1 147
1 148
1 149
1 153
1 156
1 161
1 162
1 165
1 169
1 171
1 173
1 174
1 178
1 181
1 182
1 184
1 185
1 186
1 187
1 189
1 192
1 195
1 197
2 3
2 7
2 13
2 16
2 19
2 20
2 22
2 26
2 31
2 34
2 37
2 38
2 43
2 46
2 47
2 48
2 49
2 50
2 51
2 55
2 60
2 61
2 62
2 63
2 66
2 67
2 69
2 78
2 81
2 83
2 84
2 88
2 89
2 93
2 94
2 96
2 98
2 99
2 103
2 104
2 107
2 108
2 112
2 114
2 115
2 118
2 119
2 120
2 123
2 124
2 128
2 129
2 130
2 135
2 137
2 138
2 144
2 151
2 152
2 157
2 158
2 163
2 164
2 167
2 168
2 172
2 179
2 188
2 191
2 193
2 198
2 199
