0 5
0 8
0 20
0 24
0 37
0 44
0 51
0 64
0 65
0 73
0 74
0 78
0 79
0 80
0 86
0 97
0 98
0 103
0 105
0 107
0 118
0 119
0 121
0 133
0 155
0 159
0 165
0 169
0 179
0 184
0 190
0 193
0 196
1 0
1 6
1 10
1 15
1 21
1 27
1 33
1 41
1 53
1 54
1 56
1 68
1 71
1 76
1 77
1 85
1 87
1 90
1 95
1 102
1 109
1 111
1 132
1 134
1 139
1 140
1 142
1 143
1 148
1 149
1 156
1 161
1 168
1 174
1 178
1 180
1 182
1 183
1 185
1 189
1 192
1 197
2 2
2 4
2 7
2 9
2 11
2 12
2 19
2 25
2 30
2 32
2 35
2 40
2 45
2 52
2 57
2 58
2 100
2 101
2 106
2 110
2 116
2 117
2 141
2 145
2 150
2 154
2 160
2 166
2 170
2 175
2 176
2 177
2 194
3 3
3 13
3 29
3 34
3 36
3 43
3 46
3 55
3 61
3 62
3 63
3 66
3 72
3 84
3 89
3 108
3 115
3 123
3 136
3 151
3 164
3 167
3 191
4 16
4 22
4 26
4 31
4 38
4 47
4 48
4 49
4 50
4 60
4 67
4 69
4 81
4 83
4 88
4 93
4 94
4 96
4 99
4 104
4 112
4 114
4 120
4 124
4 128
4 129
4 130
4 135
4 137
4 138
4 144
4 152
4 157
4 158
4 163
4 172
4 188
4 198
4 199
5 1
5 14
5 17
5 18
5 23
5 28
5 39
5 42
5 59
5 70
5 75
5 82
5 91
5 92
5 113
5 122
5 125
5 126
5 127
5 131
5 146
5 147
5 153
5 162
5 171
5 173
5 181
5 186
5 187
5 195
