0 3
0 13
0 34
0 43
0 46
0 47
0 50
0 55
0 61
0 62
0 63
0 66
0 72
0 84
0 89
0 108
0 112
0 115
0 120
0 123
0 135
0 137
0 144
0 151
0 157
0 164
0 167
0 188
0 191
0 199
1 2
1 4
1 11
1 12
1 25
1 30
1 32
1 40
1 45
1 52
1 57
1 58
1 100
1 101
1 106
1 110
1 116
1 117
1 141
1 145
1 150
1 154
1 159
1 166
1 170
1 175
1 176
1 177
2 0
2 1
2 6
2 10
2 21
2 27
2 33
2 41
2 42
2 54
2 68
2 71
2 76
2 77
2 90
2 102
2 109
2 132
2 134
2 139
2 140
2 148
2 149
2 156
2 161
2 168
2 174
2 189
2 192
3 5
3 7
3 9
3 16
3 19
3 20
3 24
3 35
3 37
3 48
3 51
3 65
3 67
3 78
3 97
3 98
3 99
3 103
3 107
3 118
3 119
3 121
3 124
3 133
3 138
3 172
3 179
3 193
3 196
4 8
4 15
4 53
4 56
4 64
4 73
4 74
4 79
4 80
4 85
4 86
4 87
4 95
4 105
4 111
4 142
4 143
4 155
4 160
4 169
4 178
4 180
4 182
4 183
4 185
4 190
4 194
4 197
5 22
5 26
5 31
5 38
5 49
5 60
5 69
5 81
5 83
5 88
5 93
5 94
5 96
5 104
5 114
5 128
5 129
5 130
5 152
5 158
5 163
5 198
6 14
6 17
6 18
6 23
6 28
6 29
6 36
6 39
6 44
6 59
6 70
6 75
6 82
6 91
6 92
6 113
6 122
6 125
6 126
6 127
6 131
6 136
6 146
6 147
6 153
6 162
6 165
6 171
6 173
6 181
6 184
6 186
6 187
6 195
