0 0
0 6
0 10
0 21
0 27
0 33
0 41
0 42
0 54
0 56
0 68
0 71
0 76
0 77
0 85
0 90
0 102
0 109
0 132
0 134
0 139
0 140
0 142
0 143
0 148
0 149
0 156
0 161
0 174
0 189
0 192
1 8
1 15
1 24
1 53
1 58
1 64
1 65
1 73
1 74
1 79
1 80
1 86
1 87
1 95
1 100
1 105
1 111
1 155
1 159
1 160
1 169
1 176
1 178
1 180
1 182
1 183
1 185
1 190
1 194
1 197
2 38
2 47
2 50
2 69
2 81
2 83
2 94
2 96
2 112
2 120
2 128
2 129
2 130
2 135
2 137
2 144
2 157
2 188
2 199
3 2
3 4
3 11
3 12
3 25
3 30
3 32
3 40
3 45
3 52
3 57
3 101
3 106
3 110
3 116
3 117
3 141
3 145
3 150
3 154
3 166
3 170
3 175
3 177
4 14
4 17
4 18
4 23
4 28
4 29
4 39
4 44
4 59
4 70
4 72
4 75
4 82
4 91
4 92
4 113
4 122
4 125
4 126
4 127
4 131
4 146
4 147
4 153
4 162
4 165
4 167
4 171
4 173
4 181
4 184
4 186
4 187
4 195
5 1
5 3
5 13
5 34
5 36
5 43
5 46
5 55
5 61
5 62
5 63
5 66
5 84
5 89
5 108
5 115
5 123
5 136
5 151
5 164
5 191
6 7
6 19
6 22
6 26
6 31
6 49
6 60
6 88
6 93
6 104
6 114
6 152
6 158
6 163
6 168
6 198
7 5
7 9
7 16
7 20
7 35
7 37
7 48
7 51
7 67
7 78
7 97
7 98
7 99
7 103
7 107
7 118
7 119
7 121
7 124
7 133
7 138
7 172
7 179
7 193
7 196
