0 0
0 22
0 79
0 96
0 115
0 126
0 137
0 166
0 170
0 198
0 201
0 206
0 220
0 228
0 229
0 237
0 266
0 271
0 273
0 274
0 281
0 286
0 288
0 296
0 304
0 316
0 321
0 326
0 339
0 352
0 359
0 380
0 386
0 393
0 394
0 395
0 399
1 7
1 10
1 52
1 66
1 81
1 89
1 90
1 107
1 114
1 122
1 161
1 168
1 182
1 186
1 203
1 205
1 209
1 210
1 218
1 247
1 257
1 275
1 284
1 311
1 334
1 348
1 351
1 356
1 390
2 4
2 23
2 24
2 55
2 60
2 73
2 111
2 117
2 177
2 212
2 234
2 243
2 245
2 267
2 283
2 289
2 290
2 298
2 308
2 310
2 318
2 345
2 366
3 2
3 5
3 8
3 15
3 16
3 26
3 32
3 38
3 41
3 43
3 46
3 49
3 77
3 80
3 84
3 85
3 98
3 99
3 105
3 108
3 121
3 129
3 136
3 140
3 149
3 153
3 154
3 174
3 189
3 193
3 196
3 199
3 214
3 235
3 263
3 265
3 285
3 294
3 295
3 302
3 307
3 309
3 314
3 317
3 320
3 323
3 329
3 336
3 347
3 355
3 357
3 358
3 360
3 368
3 372
3 373
3 374
3 376
3 377
3 384
3 392
3 398
4 11
4 12
4 17
4 18
4 71
4 76
4 91
4 93
4 95
4 100
4 103
4 104
4 125
4 132
4 134
4 135
4 138
4 145
4 171
4 194
4 207
4 208
4 221
4 239
4 249
4 252
4 272
4 279
4 291
4 331
4 379
4 383
4 389
5 20
5 21
5 33
5 36
5 37
5 39
5 44
5 86
5 87
5 118
5 124
5 128
5 146
5 152
5 158
5 169
5 176
5 180
5 183
5 187
5 190
5 192
5 219
5 238
5 250
5 280
5 282
5 287
5 315
5 319
5 332
5 337
5 338
5 375
5 391
6 3
6 13
6 56
6 59
6 62
6 64
6 67
6 69
6 83
6 109
6 119
6 130
6 133
6 142
6 144
6 157
6 159
6 164
6 165
6 178
6 195
6 200
6 204
6 217
6 227
6 242
6 251
6 256
6 264
6 301
6 305
6 328
6 333
6 354
6 361
6 363
6 364
6 367
6 381
6 387
7 1
7 14
7 27
7 31
7 47
7 57
7 68
7 74
7 94
7 112
7 113
7 120
7 127
7 139
7 143
7 155
7 160
7 181
7 184
7 185
7 202
7 224
7 233
7 236
7 240
7 241
7 254
7 258
7 261
7 262
7 270
7 277
7 278
7 292
7 300
7 303
7 306
7 322
7 340
7 342
7 343
7 344
7 349
7 362
7 369
7 370
7 385
7 388
7 397
8 9
8 19
8 30
8 34
8 35
8 42
8 51
8 53
8 54
8 70
8 72
8 82
8 92
8 97
8 101
8 102
8 106
8 110
8 123
8 131
8 141
8 147
8 148
8 150
8 151
8 156
8 162
8 163
8 188
8 191
8 213
8 215
8 222
8 223
8 225
8 231
8 248
8 255
8 259
8 268
8 269
8 293
8 297
8 312
8 324
8 325
8 330
8 341
8 350
8 365
8 371
8 378
8 382
8 396
9 6
9 25
9 28
9 29
9 40
9 45
9 48
9 50
9 58
9 61
9 63
9 65
9 75
9 78
9 88
9 116
9 167
9 172
9 173
9 175
9 179
9 197
9 211
9 216
9 226
9 230
9 232
9 244
9 246
9 253
9 260
9 276
9 299
9 313
9 327
9 335
9 346
9 353
