0 3
0 9
0 34
0 56
0 62
0 67
0 69
0 72
0 83
0 97
0 110
0 123
0 144
0 156
0 158
0 164
0 188
0 217
0 231
0 242
0 251
0 264
0 268
0 269
0 305
0 341
0 361
0 363
0 364
0 371
0 382
0 387
1 4
1 19
1 23
1 31
1 60
1 73
1 139
1 177
1 185
1 212
1 233
1 234
1 241
1 243
1 245
1 261
1 267
1 283
1 289
1 290
1 298
1 300
1 308
1 310
1 318
1 340
1 345
1 350
1 366
1 385
2 5
2 11
2 12
2 16
2 17
2 32
2 41
2 49
2 64
2 68
2 71
2 74
2 76
2 85
2 91
2 93
2 95
2 99
2 103
2 115
2 117
2 129
2 131
2 132
2 133
2 134
2 135
2 138
2 142
2 145
2 153
2 171
2 174
2 191
2 193
2 196
2 199
2 207
2 208
2 227
2 235
2 239
2 249
2 252
2 256
2 262
2 272
2 278
2 279
2 285
2 291
2 301
2 302
2 309
2 323
2 331
2 333
2 336
2 342
2 344
2 349
2 358
2 360
2 368
2 369
2 372
2 374
2 379
2 383
2 384
2 397
2 398
3 6
3 26
3 29
3 33
3 36
3 40
3 45
3 48
3 58
3 61
3 65
3 75
3 78
3 116
3 121
3 136
3 167
3 173
3 179
3 197
3 216
3 226
3 230
3 232
3 253
3 260
3 299
3 313
3 329
3 335
3 346
3 347
3 353
3 377
4 7
4 10
4 52
4 66
4 70
4 81
4 89
4 90
4 107
4 113
4 114
4 122
4 125
4 127
4 161
4 168
4 178
4 182
4 186
4 203
4 205
4 209
4 210
4 247
4 248
4 257
4 275
4 284
4 311
4 334
4 348
4 351
4 356
4 390
5 35
5 37
5 39
5 44
5 51
5 63
5 82
5 86
5 87
5 92
5 106
5 111
5 141
5 146
5 147
5 159
5 162
5 172
5 187
5 206
5 213
5 218
5 222
5 225
5 229
5 246
5 255
5 259
5 296
5 297
5 312
5 324
5 330
5 332
5 378
5 380
5 381
6 22
6 30
6 42
6 53
6 54
6 79
6 101
6 198
6 237
6 286
6 288
6 304
6 316
6 321
6 339
6 399
7 2
7 8
7 13
7 15
7 24
7 38
7 43
7 46
7 55
7 59
7 77
7 80
7 84
7 98
7 102
7 105
7 108
7 109
7 119
7 130
7 140
7 148
7 149
7 151
7 154
7 157
7 160
7 165
7 189
7 195
7 200
7 202
7 204
7 214
7 224
7 236
7 258
7 263
7 265
7 292
7 294
7 295
7 306
7 307
7 314
7 317
7 320
7 322
7 328
7 343
7 354
7 355
7 357
7 362
7 367
7 373
7 376
7 392
7 396
8 18
8 20
8 21
8 25
8 104
8 118
8 124
8 128
8 150
8 152
8 163
8 169
8 175
8 180
8 183
8 190
8 192
8 194
8 215
8 221
8 223
8 238
8 244
8 282
8 287
8 293
8 315
8 319
8 325
8 338
8 365
8 375
8 391
9 0
9 96
9 126
9 137
9 166
9 170
9 201
9 220
9 228
9 266
9 271
9 273
9 274
9 281
9 326
9 352
9 359
9 386
9 393
9 394
9 395
10 1
10 14
10 27
10 28
10 47
10 50
10 57
10 88
10 94
10 100
10 112
10 120
10 143
10 155
10 176
10 181
10 184
10 211
10 219
10 240
10 250
10 254
10 270
10 276
10 277
10 280
10 303
10 327
10 337
10 370
10 388
10 389
