0 5
0 16
0 32
0 41
0 49
0 85
0 110
0 121
0 129
0 196
0 199
0 207
0 237
0 263
0 285
0 295
0 309
0 336
0 357
0 372
0 374
0 384
0 398
1 3
1 9
1 34
1 56
1 62
1 67
1 69
1 72
1 97
1 123
1 144
1 156
1 158
1 164
1 188
1 217
1 231
1 242
1 251
1 264
1 268
1 269
1 305
1 341
1 361
1 363
1 364
1 371
1 382
1 387
2 15
2 46
2 66
2 77
2 104
2 108
2 113
2 125
2 140
2 160
2 168
2 182
2 186
2 203
2 224
2 243
2 257
2 258
2 265
2 283
2 292
2 294
2 298
2 307
2 311
2 317
2 320
2 322
2 343
2 350
2 362
2 366
2 373
3 20
3 21
3 25
3 28
3 35
3 50
3 88
3 111
3 128
3 152
3 162
3 169
3 172
3 175
3 180
3 181
3 183
3 190
3 192
3 197
3 211
3 225
3 238
3 244
3 246
3 254
3 259
3 276
3 277
3 280
3 297
3 315
3 324
3 327
3 330
3 337
3 356
3 381
3 390
3 391
4 6
4 26
4 29
4 33
4 36
4 40
4 45
4 48
4 58
4 61
4 65
4 75
4 78
4 116
4 136
4 167
4 173
4 179
4 216
4 226
4 230
4 232
4 253
4 260
4 299
4 313
4 329
4 335
4 346
4 347
4 353
4 377
5 14
5 27
5 47
5 94
5 120
5 139
5 143
5 176
5 184
5 240
5 250
5 270
5 303
5 340
5 370
5 385
5 388
6 37
6 39
6 44
6 51
6 63
6 86
6 87
6 92
6 96
6 137
6 146
6 147
6 166
6 187
6 201
6 206
6 213
6 218
6 228
6 229
6 271
6 273
6 274
6 296
6 312
6 332
6 352
6 359
6 378
6 380
6 386
6 393
6 395
7 4
7 23
7 24
7 55
7 73
7 102
7 177
7 195
7 212
7 234
7 245
7 267
7 289
7 290
7 310
7 345
8 0
8 1
8 19
8 31
8 57
8 59
8 60
8 68
8 70
8 74
8 83
8 109
8 112
8 119
8 130
8 133
8 148
8 151
8 155
8 159
8 185
8 200
8 202
8 223
8 227
8 233
8 236
8 241
8 248
8 256
8 261
8 262
8 278
8 300
8 306
8 308
8 318
8 325
8 342
8 344
8 349
8 367
8 369
8 394
8 396
8 397
9 2
9 8
9 38
9 43
9 80
9 84
9 98
9 105
9 149
9 153
9 154
9 189
9 193
9 214
9 235
9 302
9 314
9 355
9 358
9 360
9 392
10 7
10 10
10 52
10 81
10 89
10 90
10 107
10 114
10 122
10 127
10 161
10 178
10 205
10 209
10 210
10 247
10 275
10 284
10 334
10 348
10 351
11 11
11 12
11 17
11 64
11 71
11 76
11 91
11 93
11 95
11 100
11 103
11 117
11 132
11 134
11 135
11 138
11 142
11 145
11 171
11 191
11 194
11 208
11 239
11 249
11 252
11 272
11 279
11 301
11 331
11 333
11 379
11 383
11 389
12 13
12 99
12 115
12 126
12 131
12 157
12 165
12 170
12 174
12 204
12 220
12 266
12 281
12 291
12 323
12 326
12 328
12 354
12 368
12 376
13 18
13 22
13 30
13 42
13 53
13 54
13 79
13 82
13 101
13 106
13 118
13 124
13 141
13 150
13 163
13 198
13 215
13 219
13 221
13 222
13 255
13 282
13 286
13 287
13 288
13 293
13 304
13 316
13 319
13 321
13 338
13 339
13 365
13 375
13 399
