0 4
0 19
0 21
0 35
0 50
0 60
0 64
0 70
0 86
0 87
0 111
0 159
0 162
0 172
0 180
0 185
0 211
0 225
0 238
0 241
0 246
0 256
0 259
0 261
0 290
0 297
0 300
0 301
0 308
0 312
0 318
0 324
0 330
0 332
0 350
0 378
1 6
1 26
1 28
1 29
1 36
1 40
1 45
1 48
1 58
1 61
1 63
1 75
1 78
1 116
1 167
1 173
1 179
1 197
1 216
1 226
1 230
1 232
1 260
1 299
1 313
1 327
1 329
1 335
1 346
1 353
1 357
2 23
2 24
2 52
2 55
2 73
2 102
2 117
2 177
2 178
2 195
2 208
2 212
2 234
2 243
2 245
2 267
2 289
2 298
2 310
2 345
2 366
3 1
3 14
3 27
3 31
3 47
3 68
3 74
3 88
3 94
3 100
3 112
3 120
3 138
3 139
3 142
3 143
3 155
3 176
3 181
3 184
3 227
3 233
3 240
3 250
3 254
3 262
3 270
3 276
3 277
3 278
3 303
3 340
3 344
3 349
3 369
3 370
3 385
3 388
3 389
3 397
4 2
4 8
4 15
4 38
4 43
4 46
4 77
4 80
4 84
4 98
4 105
4 108
4 136
4 140
4 149
4 154
4 160
4 189
4 224
4 249
4 258
4 265
4 292
4 294
4 307
4 317
4 320
4 322
4 343
4 347
4 355
4 358
4 362
4 373
4 377
4 392
5 59
5 62
5 67
5 83
5 119
5 130
5 164
5 200
5 217
5 242
5 305
5 363
5 364
5 367
5 387
6 5
6 16
6 32
6 41
6 85
6 99
6 121
6 129
6 153
6 196
6 199
6 237
6 263
6 285
6 295
6 302
6 309
6 336
6 372
6 374
6 376
6 384
6 398
7 7
7 10
7 57
7 66
7 81
7 89
7 90
7 104
7 107
7 109
7 113
7 114
7 122
7 125
7 127
7 133
7 161
7 168
7 182
7 186
7 191
7 202
7 203
7 205
7 209
7 210
7 218
7 236
7 247
7 248
7 257
7 275
7 283
7 284
7 306
7 311
7 334
7 342
7 348
7 351
7 356
7 390
8 11
8 12
8 17
8 49
8 71
8 76
8 91
8 93
8 95
8 103
8 132
8 134
8 135
8 145
8 171
8 193
8 194
8 207
8 214
8 235
8 239
8 252
8 272
8 279
8 291
8 314
8 331
8 360
8 379
8 383
9 33
9 37
9 39
9 44
9 51
9 82
9 92
9 106
9 110
9 141
9 146
9 147
9 156
9 187
9 198
9 206
9 213
9 222
9 229
9 255
9 296
9 380
10 0
10 96
10 115
10 137
10 166
10 170
10 201
10 220
10 228
10 266
10 271
10 273
10 274
10 321
10 352
10 359
10 386
10 393
10 394
10 395
11 18
11 22
11 30
11 42
11 53
11 54
11 79
11 101
11 118
11 150
11 163
11 169
11 190
11 215
11 221
11 223
11 282
11 286
11 287
11 288
11 293
11 304
11 315
11 316
11 339
11 365
11 375
11 399
12 20
12 25
12 65
12 124
12 128
12 152
12 175
12 183
12 192
12 219
12 244
12 253
12 280
12 319
12 337
12 338
12 391
13 3
13 9
13 13
13 34
13 56
13 69
13 72
13 97
13 123
13 131
13 144
13 148
13 151
13 158
13 188
13 231
13 251
13 264
13 268
13 269
13 325
13 341
13 354
13 361
13 371
13 381
13 382
13 396
14 126
14 157
14 165
14 174
14 204
14 281
14 323
14 326
14 328
14 333
14 368
