0 4
0 23
0 24
0 55
0 60
0 73
0 102
0 117
0 177
0 212
0 234
0 243
0 245
0 267
0 283
0 289
0 298
0 308
0 310
0 345
0 366
1 11
1 12
1 17
1 18
1 71
1 76
1 91
1 93
1 95
1 100
1 103
1 134
1 135
1 138
1 145
1 171
1 194
1 208
1 221
1 239
1 252
1 272
1 279
1 331
1 379
1 383
1 389
2 20
2 21
2 35
2 70
2 86
2 111
2 124
2 128
2 152
2 162
2 169
2 172
2 180
2 183
2 190
2 192
2 225
2 238
2 259
2 297
2 312
2 315
2 319
2 324
2 330
2 332
2 350
2 391
3 3
3 9
3 13
3 34
3 62
3 67
3 69
3 97
3 119
3 123
3 144
3 156
3 164
3 188
3 217
3 231
3 264
3 268
3 305
3 341
3 361
3 363
3 371
3 382
3 387
4 5
4 8
4 16
4 32
4 41
4 49
4 85
4 98
4 129
4 153
4 174
4 196
4 199
4 207
4 235
4 237
4 291
4 302
4 309
4 323
4 358
4 360
4 372
4 374
4 384
4 392
4 398
5 2
5 43
5 80
5 84
5 105
5 108
5 127
5 149
5 154
5 202
5 224
5 292
5 317
5 320
5 355
5 362
5 373
6 26
6 33
6 36
6 38
6 45
6 48
6 58
6 78
6 121
6 179
6 189
6 193
6 214
6 216
6 230
6 232
6 260
6 263
6 285
6 295
6 313
6 314
6 329
6 353
6 357
7 19
7 31
7 68
7 74
7 185
7 233
7 241
7 261
7 290
7 300
7 318
7 349
8 27
8 57
8 118
8 120
8 176
8 219
8 250
8 270
8 280
8 337
8 338
9 6
9 25
9 28
9 29
9 40
9 50
9 65
9 75
9 116
9 167
9 173
9 175
9 181
9 197
9 211
9 226
9 244
9 246
9 253
9 276
9 299
9 327
9 335
9 346
9 356
10 37
10 39
10 44
10 51
10 63
10 82
10 87
10 92
10 96
10 106
10 110
10 137
10 141
10 146
10 147
10 166
10 187
10 198
10 201
10 206
10 213
10 222
10 228
10 229
10 255
10 271
10 273
10 296
10 352
10 359
10 378
10 380
10 386
10 393
11 0
11 59
11 99
11 115
11 126
11 130
11 131
11 157
11 170
11 204
11 220
11 266
11 274
11 281
11 316
11 321
11 326
11 328
11 336
11 354
11 368
11 376
11 394
11 395
12 56
12 64
12 83
12 109
12 133
12 142
12 148
12 151
12 159
12 165
12 191
12 195
12 200
12 227
12 236
12 242
12 251
12 256
12 301
12 306
12 325
12 333
12 342
12 364
12 367
12 381
12 396
13 1
13 14
13 47
13 88
13 94
13 112
13 139
13 143
13 155
13 184
13 240
13 262
13 277
13 278
13 303
13 340
13 344
13 369
13 370
13 385
13 388
13 397
14 15
14 46
14 61
14 77
14 104
14 132
14 136
14 140
14 160
14 249
14 257
14 258
14 265
14 294
14 307
14 322
14 343
14 347
14 377
15 7
15 10
15 52
15 66
15 81
15 89
15 90
15 107
15 113
15 114
15 122
15 125
15 161
15 168
15 178
15 182
15 186
15 203
15 205
15 209
15 210
15 218
15 247
15 248
15 254
15 275
15 284
15 311
15 334
15 348
15 351
15 390
16 22
16 30
16 42
16 53
16 54
16 72
16 79
16 101
16 150
16 158
16 163
16 215
16 223
16 269
16 282
16 286
16 287
16 288
16 293
16 304
16 339
16 365
16 375
16 399
