0 14
0 27
0 47
0 94
0 120
0 143
0 176
0 184
0 250
0 270
0 303
0 370
0 388
1 52
1 66
1 107
1 113
1 168
1 178
1 182
1 186
1 203
1 218
1 243
1 248
1 275
1 283
1 298
1 366
1 390
2 5
2 16
2 41
2 85
2 98
2 99
2 153
2 174
2 199
2 235
2 302
2 309
2 323
2 358
2 368
2 372
2 374
2 376
2 384
2 392
2 398
3 74
3 83
3 88
3 131
3 159
3 181
3 227
3 254
3 262
3 277
3 278
3 295
3 300
3 336
3 342
3 344
3 349
3 369
3 381
4 29
4 75
4 78
4 116
4 173
4 226
4 260
4 299
4 346
5 2
5 8
5 43
5 46
5 80
5 84
5 105
5 108
5 149
5 154
5 160
5 189
5 224
5 258
5 294
5 314
5 317
5 322
5 355
5 362
5 373
6 0
6 13
6 59
6 67
6 109
6 119
6 130
6 148
6 157
6 165
6 170
6 194
6 200
6 202
6 266
6 328
6 354
6 363
6 367
6 394
7 7
7 10
7 81
7 89
7 90
7 114
7 122
7 125
7 127
7 161
7 205
7 209
7 210
7 247
7 257
7 284
7 311
7 334
7 343
7 348
7 351
7 356
8 1
8 57
8 64
8 68
8 70
8 100
8 104
8 112
8 133
8 138
8 142
8 155
8 191
8 204
8 208
8 236
8 240
8 249
8 256
8 301
8 306
8 333
8 350
8 389
8 397
9 26
9 33
9 36
9 38
9 45
9 48
9 58
9 61
9 77
9 121
9 136
9 140
9 179
9 216
9 230
9 232
9 263
9 285
9 292
9 313
9 320
9 329
9 347
9 353
9 357
9 377
10 35
10 37
10 39
10 44
10 51
10 63
10 86
10 87
10 92
10 111
10 146
10 147
10 162
10 166
10 172
10 187
10 201
10 206
10 213
10 225
10 228
10 229
10 259
10 271
10 296
10 297
10 312
10 324
10 330
10 332
10 352
10 359
10 378
10 380
10 386
10 393
11 4
11 19
11 23
11 31
11 60
11 139
11 185
11 212
11 233
11 241
11 245
11 261
11 267
11 290
11 308
11 318
11 340
11 385
12 22
12 32
12 82
12 96
12 106
12 110
12 115
12 126
12 129
12 137
12 141
12 198
12 220
12 222
12 237
12 255
12 273
12 274
12 281
12 286
12 288
12 316
12 321
12 326
12 395
12 399
13 3
13 9
13 34
13 56
13 62
13 69
13 72
13 97
13 123
13 144
13 156
13 158
13 164
13 188
13 217
13 231
13 242
13 251
13 264
13 268
13 269
13 305
13 341
13 361
13 364
13 371
13 382
13 387
14 6
14 28
14 40
14 50
14 167
14 197
14 211
14 246
14 276
14 327
14 335
15 15
15 24
15 55
15 73
15 102
15 117
15 177
15 195
15 234
15 265
15 289
15 307
15 310
15 345
16 11
16 12
16 17
16 49
16 71
16 76
16 91
16 93
16 95
16 103
16 132
16 134
16 135
16 145
16 171
16 193
16 196
16 207
16 214
16 239
16 252
16 272
16 279
16 291
16 331
16 360
16 379
16 383
17 20
17 21
17 25
17 65
17 118
17 124
17 128
17 152
17 175
17 183
17 192
17 219
17 244
17 253
17 280
17 337
17 338
17 391
18 18
18 30
18 42
18 53
18 54
18 79
18 101
18 150
18 151
18 163
18 169
18 180
18 190
18 215
18 221
18 223
18 238
18 282
18 287
18 293
18 304
18 315
18 319
18 325
18 339
18 365
18 375
18 396
