0 2
0 6
0 8
0 26
0 29
0 33
0 36
0 38
0 40
0 41
0 43
0 45
0 46
0 48
0 49
0 58
0 61
0 65
0 75
0 77
0 78
0 80
0 84
0 98
0 105
0 108
0 116
0 121
0 136
0 140
0 149
0 154
0 167
0 179
0 189
0 193
0 214
0 216
0 224
0 226
0 230
0 232
0 253
0 258
0 260
0 263
0 285
0 292
0 295
0 299
0 309
0 313
0 314
0 317
0 319
0 320
0 329
0 335
0 346
0 347
0 353
0 355
0 357
0 362
0 372
0 373
0 374
0 377
0 384
0 392
0 398
1 7
1 10
1 20
1 21
1 22
1 35
1 37
1 39
1 44
1 50
1 51
1 52
1 63
1 66
1 79
1 81
1 82
1 86
1 87
1 89
1 90
1 92
1 96
1 106
1 107
1 110
1 111
1 114
1 122
1 128
1 137
1 141
1 146
1 147
1 161
1 162
1 166
1 172
1 183
1 187
1 192
1 197
1 198
1 201
1 203
1 205
1 206
1 209
1 210
1 211
1 213
1 218
1 219
1 222
1 225
1 228
1 229
1 238
1 246
1 247
1 255
1 257
1 259
1 271
1 273
1 275
1 280
1 284
1 286
1 296
1 297
1 311
1 312
1 324
1 326
1 330
1 332
1 334
1 337
1 338
1 339
1 348
1 352
1 356
1 359
1 378
1 380
1 386
1 390
1 391
1 393
2 0
2 3
2 5
2 9
2 11
2 12
2 13
2 15
2 16
2 17
2 18
2 19
2 24
2 25
2 30
2 32
2 34
2 42
2 53
2 54
2 55
2 56
2 59
2 62
2 64
2 67
2 69
2 70
2 71
2 72
2 76
2 83
2 85
2 91
2 93
2 95
2 97
2 99
2 100
2 101
2 102
2 103
2 104
2 109
2 115
2 117
2 118
2 119
2 123
2 124
2 125
2 126
2 127
2 129
2 130
2 131
2 132
2 134
2 135
2 138
2 142
2 144
2 145
2 148
2 150
2 152
2 153
2 156
2 157
2 158
2 159
2 160
2 163
2 164
2 165
2 168
2 169
2 170
2 171
2 174
2 175
2 177
2 178
2 180
2 182
2 186
2 188
2 190
2 191
2 194
2 195
2 196
2 199
2 200
2 204
2 207
2 208
2 215
2 217
2 220
2 221
2 227
2 231
2 235
2 237
2 239
2 242
2 244
2 248
2 249
2 251
2 252
2 256
2 264
2 265
2 266
2 268
2 269
2 272
2 274
2 279
2 281
2 282
2 287
2 288
2 289
2 291
2 293
2 294
2 298
2 301
2 302
2 304
2 305
2 307
2 310
2 315
2 316
2 321
2 322
2 323
2 325
2 328
2 331
2 333
2 336
2 341
2 343
2 345
2 350
2 351
2 354
2 358
2 360
2 361
2 363
2 364
2 365
2 366
2 367
2 368
2 371
2 375
2 376
2 379
2 381
2 382
2 383
2 387
2 389
2 394
2 395
2 396
2 399
3 1
3 4
3 14
3 23
3 27
3 28
3 31
3 47
3 57
3 60
3 68
3 73
3 74
3 88
3 94
3 112
3 113
3 120
3 133
3 139
3 143
3 151
3 155
3 173
3 176
3 181
3 184
3 185
3 202
3 212
3 223
3 233
3 234
3 236
3 240
3 241
3 243
3 245
3 250
3 254
3 261
3 262
3 267
3 270
3 276
3 277
3 278
3 283
3 290
3 300
3 303
3 306
3 308
3 318
3 327
3 340
3 342
3 344
3 349
3 369
3 370
3 385
3 388
3 397
