0 0
0 3
0 13
0 34
0 56
0 59
0 62
0 64
0 67
0 69
0 83
0 93
0 97
0 109
0 119
0 130
0 133
0 142
0 144
0 157
0 159
0 164
0 165
0 188
0 191
0 200
0 204
0 217
0 231
0 242
0 251
0 256
0 264
0 268
0 301
0 305
0 328
0 333
0 341
0 342
0 354
0 361
0 363
0 364
0 367
0 371
0 381
0 382
0 387
0 394
1 6
1 20
1 21
1 25
1 26
1 28
1 29
1 33
1 36
1 37
1 39
1 40
1 44
1 45
1 48
1 50
1 51
1 58
1 61
1 63
1 65
1 75
1 78
1 86
1 87
1 88
1 92
1 111
1 116
1 124
1 128
1 146
1 147
1 152
1 162
1 166
1 167
1 172
1 173
1 175
1 179
1 180
1 181
1 183
1 187
1 192
1 197
1 201
1 206
1 211
1 213
1 216
1 218
1 219
1 225
1 226
1 228
1 229
1 230
1 232
1 238
1 244
1 246
1 253
1 259
1 260
1 271
1 273
1 280
1 296
1 297
1 299
1 312
1 313
1 319
1 324
1 327
1 330
1 332
1 335
1 337
1 338
1 346
1 352
1 353
1 356
1 378
1 380
1 386
1 391
1 393
2 7
2 10
2 11
2 12
2 17
2 18
2 35
2 52
2 66
2 70
2 71
2 76
2 81
2 89
2 90
2 91
2 95
2 100
2 103
2 104
2 107
2 114
2 122
2 125
2 132
2 134
2 135
2 138
2 145
2 148
2 154
2 161
2 168
2 171
2 182
2 186
2 194
2 203
2 205
2 208
2 209
2 210
2 221
2 236
2 239
2 247
2 248
2 249
2 252
2 257
2 272
2 275
2 279
2 283
2 284
2 294
2 306
2 311
2 314
2 329
2 334
2 343
2 350
2 379
2 383
2 390
3 5
3 8
3 16
3 32
3 38
3 41
3 46
3 49
3 80
3 85
3 98
3 99
3 105
3 115
3 121
3 129
3 149
3 153
3 174
3 189
3 193
3 196
3 199
3 207
3 214
3 235
3 237
3 263
3 285
3 291
3 295
3 302
3 309
3 323
3 331
3 336
3 355
3 357
3 358
3 360
3 368
3 372
3 374
3 376
3 384
3 392
3 398
4 1
4 2
4 4
4 9
4 14
4 15
4 19
4 22
4 23
4 24
4 27
4 30
4 31
4 42
4 43
4 47
4 53
4 54
4 55
4 57
4 60
4 68
4 72
4 73
4 74
4 77
4 79
4 82
4 84
4 94
4 96
4 101
4 102
4 106
4 108
4 110
4 112
4 113
4 117
4 118
4 120
4 123
4 126
4 127
4 131
4 136
4 137
4 139
4 140
4 141
4 143
4 150
4 151
4 155
4 156
4 158
4 160
4 163
4 169
4 170
4 176
4 177
4 178
4 184
4 185
4 190
4 195
4 198
4 202
4 212
4 215
4 220
4 222
4 223
4 224
4 227
4 233
4 234
4 240
4 241
4 243
4 245
4 250
4 254
4 255
4 258
4 261
4 262
4 265
4 266
4 267
4 269
4 270
4 274
4 276
4 277
4 278
4 281
4 282
4 286
4 287
4 288
4 289
4 290
4 292
4 293
4 298
4 300
4 303
4 304
4 307
4 308
4 310
4 315
4 316
4 317
4 318
4 320
4 321
4 322
4 325
4 326
4 339
4 340
4 344
4 345
4 347
4 348
4 349
4 351
4 359
4 362
4 365
4 366
4 369
4 370
4 373
4 375
4 377
4 385
4 388
4 389
4 395
4 396
4 397
4 399
