0 4
0 14
0 19
0 23
0 27
0 31
0 47
0 60
0 73
0 94
0 120
0 139
0 143
0 176
0 177
0 184
0 185
0 212
0 233
0 234
0 241
0 245
0 250
0 261
0 267
0 270
0 289
0 290
0 300
0 303
0 308
0 318
0 340
0 370
0 385
0 388
1 35
1 37
1 39
1 44
1 51
1 63
1 86
1 87
1 92
1 111
1 146
1 147
1 159
1 162
1 166
1 172
1 173
1 187
1 201
1 206
1 213
1 218
1 225
1 228
1 229
1 246
1 259
1 271
1 296
1 297
1 312
1 324
1 330
1 332
1 352
1 359
1 378
1 380
1 386
1 393
2 2
2 11
2 26
2 29
2 33
2 36
2 38
2 43
2 45
2 46
2 48
2 55
2 58
2 61
2 71
2 75
2 77
2 78
2 80
2 84
2 91
2 93
2 95
2 103
2 108
2 116
2 117
2 119
2 132
2 134
2 135
2 136
2 140
2 149
2 154
2 171
2 179
2 189
2 193
2 194
2 195
2 214
2 216
2 224
2 226
2 227
2 230
2 232
2 235
2 239
2 249
2 258
2 260
2 265
2 279
2 292
2 294
2 295
2 307
2 313
2 314
2 317
2 320
2 329
2 346
2 347
2 353
2 355
2 357
2 362
2 373
2 377
2 379
2 383
3 3
3 9
3 34
3 56
3 62
3 67
3 69
3 72
3 83
3 97
3 110
3 123
3 144
3 156
3 158
3 163
3 164
3 188
3 217
3 231
3 242
3 251
3 264
3 268
3 269
3 305
3 341
3 361
3 363
3 364
3 371
3 381
3 382
3 387
4 0
4 13
4 22
4 30
4 42
4 53
4 54
4 64
4 79
4 82
4 96
4 101
4 106
4 126
4 130
4 131
4 137
4 141
4 142
4 157
4 165
4 170
4 198
4 204
4 220
4 222
4 237
4 252
4 255
4 266
4 273
4 274
4 281
4 286
4 288
4 301
4 304
4 316
4 321
4 326
4 328
4 333
4 336
4 339
4 354
4 394
4 395
4 399
5 5
5 8
5 16
5 17
5 32
5 41
5 49
5 76
5 85
5 98
5 99
5 105
5 115
5 121
5 129
5 153
5 174
5 196
5 199
5 207
5 263
5 285
5 291
5 302
5 309
5 323
5 331
5 358
5 360
5 368
5 372
5 374
5 376
5 384
5 392
5 398
6 1
6 7
6 10
6 12
6 15
6 24
6 52
6 57
6 59
6 66
6 68
6 70
6 74
6 81
6 88
6 89
6 90
6 100
6 102
6 104
6 107
6 109
6 112
6 113
6 114
6 122
6 125
6 127
6 133
6 138
6 145
6 148
6 155
6 160
6 161
6 168
6 178
6 182
6 186
6 191
6 200
6 202
6 203
6 205
6 208
6 209
6 210
6 223
6 236
6 240
6 243
6 247
6 248
6 256
6 257
6 262
6 272
6 275
6 277
6 278
6 283
6 284
6 298
6 306
6 310
6 311
6 322
6 334
6 342
6 343
6 344
6 345
6 348
6 349
6 350
6 351
6 356
6 366
6 367
6 369
6 389
6 390
6 397
7 6
7 18
7 20
7 21
7 25
7 28
7 40
7 50
7 65
7 118
7 124
7 128
7 150
7 151
7 152
7 167
7 169
7 175
7 180
7 181
7 183
7 190
7 192
7 197
7 211
7 215
7 219
7 221
7 238
7 244
7 253
7 254
7 276
7 280
7 282
7 287
7 293
7 299
7 315
7 319
7 325
7 327
7 335
7 337
7 338
7 365
7 375
7 391
7 396
