0 0
0 12
0 15
0 25
0 32
0 45
0 56
0 64
0 68
0 74
0 77
0 85
0 90
0 106
0 117
0 134
0 145
0 148
0 149
0 169
0 170
0 176
0 177
0 180
0 185
0 194
1 13
1 24
1 28
1 29
1 65
1 86
1 91
1 97
1 99
1 107
1 127
1 128
1 133
1 146
1 147
1 165
1 171
1 187
1 190
2 1
2 34
2 46
2 54
2 57
2 59
2 61
2 70
2 108
2 125
2 126
2 131
2 136
2 151
2 162
2 184
2 188
2 192
2 193
2 198
3 5
3 20
3 93
3 119
3 124
3 129
3 138
3 141
3 152
3 163
3 172
4 8
4 18
4 38
4 43
4 50
4 72
4 73
4 78
4 80
4 94
4 96
4 105
4 112
4 122
4 130
4 135
4 137
4 144
4 164
4 186
5 2
5 9
5 19
5 22
5 26
5 31
5 35
5 40
5 48
5 49
5 51
5 60
5 67
5 88
5 103
5 104
5 114
5 116
5 158
5 179
5 181
5 196
6 11
6 44
6 58
6 76
6 79
6 87
6 95
6 100
6 101
6 121
6 143
6 154
6 155
6 159
6 160
6 166
6 174
6 175
6 197
7 4
7 6
7 14
7 17
7 23
7 33
7 42
7 52
7 71
7 75
7 92
7 110
7 113
7 118
7 142
7 153
7 173
7 178
7 182
7 189
7 195
8 7
8 10
8 21
8 27
8 30
8 41
8 53
8 102
8 109
8 111
8 132
8 139
8 140
8 150
8 156
8 161
8 168
8 183
9 3
9 16
9 36
9 37
9 39
9 47
9 55
9 62
9 63
9 66
9 69
9 81
9 82
9 83
9 84
9 89
9 98
9 115
9 120
9 123
9 157
9 167
9 191
9 199
