0 3
0 16
0 34
0 36
0 46
0 59
0 61
0 63
0 66
0 70
0 81
0 82
0 84
0 89
0 98
0 108
0 120
0 123
0 126
0 136
0 151
0 162
0 167
0 188
0 191
1 12
1 25
1 32
1 58
1 68
1 77
1 79
1 106
1 145
1 166
1 170
1 175
1 176
1 180
1 194
2 8
2 13
2 18
2 43
2 72
2 73
2 80
2 99
2 105
2 107
2 112
2 122
2 128
2 135
2 137
2 164
2 186
3 15
3 17
3 45
3 56
3 64
3 74
3 76
3 110
3 117
3 133
3 148
3 169
3 174
3 182
3 185
3 195
4 0
4 10
4 21
4 27
4 53
4 85
4 90
4 109
4 111
4 132
4 134
4 139
4 140
4 149
4 161
4 177
4 183
5 5
5 20
5 31
5 38
5 50
5 93
5 94
5 96
5 114
5 119
5 124
5 129
5 130
5 138
5 141
5 144
5 152
5 163
5 172
6 2
6 4
6 7
6 9
6 19
6 22
6 26
6 30
6 35
6 40
6 49
6 88
6 104
6 116
6 150
6 158
6 168
6 179
7 11
7 44
7 65
7 86
7 87
7 91
7 95
7 100
7 101
7 121
7 143
7 154
7 155
7 159
7 160
7 165
7 197
8 37
8 39
8 47
8 48
8 51
8 55
8 60
8 62
8 67
8 69
8 78
8 83
8 103
8 115
8 157
8 196
8 199
9 24
9 28
9 29
9 75
9 97
9 113
9 118
9 127
9 146
9 147
9 171
9 173
9 181
9 187
9 190
10 1
10 6
10 14
10 23
10 33
10 41
10 42
10 52
10 54
10 57
10 71
10 92
10 102
10 125
10 131
10 142
10 153
10 156
10 178
10 184
10 189
10 192
10 193
10 198
