0 16
0 31
0 49
0 60
0 69
0 81
0 83
0 98
0 104
0 118
0 119
0 120
0 124
0 128
0 130
0 133
0 137
0 157
0 172
0 199
1 7
1 9
1 12
1 19
1 26
1 35
1 37
1 78
1 88
1 93
1 114
1 121
1 145
1 163
1 170
1 179
2 17
2 51
2 72
2 74
2 79
2 162
2 165
2 167
2 169
2 184
3 8
3 44
3 45
3 53
3 65
3 73
3 80
3 105
3 111
3 125
3 180
4 0
4 10
4 58
4 76
4 77
4 139
4 143
4 148
4 174
4 176
5 3
5 13
5 28
5 29
5 50
5 86
5 123
5 155
6 11
6 21
6 27
6 33
6 95
6 109
6 140
6 149
6 156
6 161
6 182
6 185
6 190
6 192
7 1
7 22
7 34
7 36
7 42
7 46
7 55
7 61
7 96
7 151
7 152
7 158
7 166
7 168
8 43
8 84
8 89
8 94
8 108
8 112
8 129
8 138
8 171
8 188
8 191
8 198
9 2
9 4
9 30
9 32
9 40
9 52
9 57
9 100
9 101
9 106
9 110
9 117
9 132
9 141
9 142
9 150
9 160
9 175
9 177
10 38
10 39
10 47
10 48
10 62
10 63
10 64
10 66
10 67
10 70
10 91
10 103
10 107
10 115
10 127
10 131
10 135
10 136
10 144
10 146
10 164
10 173
10 197
11 5
11 14
11 18
11 56
11 82
11 92
11 113
11 122
11 147
11 153
11 154
11 159
11 186
11 187
12 15
12 20
12 23
12 59
12 75
12 87
12 97
12 99
12 126
12 181
12 194
12 195
13 6
13 24
13 25
13 41
13 54
13 68
13 71
13 85
13 90
13 102
13 116
13 134
13 178
13 183
13 189
13 193
13 196
