0 12
0 25
0 32
0 58
0 68
0 76
0 79
0 106
0 145
0 160
0 166
0 170
0 174
0 175
0 176
0 197
1 6
1 14
1 17
1 23
1 33
1 52
1 71
1 75
1 110
1 118
1 142
1 153
1 173
1 178
1 182
1 189
1 195
2 38
2 50
2 94
2 96
2 130
2 144
3 3
3 16
3 36
3 37
3 55
3 62
3 63
3 66
3 82
3 84
3 89
3 98
3 115
3 120
3 123
3 136
3 167
3 188
3 191
4 1
4 34
4 46
4 54
4 57
4 59
4 61
4 70
4 108
4 125
4 126
4 131
4 151
4 162
4 184
4 192
4 193
4 198
5 11
5 44
5 86
5 87
5 91
5 95
5 100
5 101
5 121
5 143
5 154
5 155
5 159
6 8
6 18
6 43
6 72
6 73
6 80
6 105
6 112
6 122
6 135
6 137
6 164
6 186
6 199
7 2
7 19
7 20
7 22
7 26
7 35
7 40
7 49
7 88
7 116
7 179
8 4
8 7
8 10
8 21
8 27
8 30
8 41
8 42
8 53
8 92
8 102
8 109
8 111
8 132
8 139
8 140
8 150
8 156
8 161
8 168
8 183
9 5
9 93
9 119
9 124
9 129
9 138
9 141
9 152
9 163
9 172
10 0
10 15
10 45
10 56
10 64
10 74
10 77
10 85
10 90
10 117
10 134
10 148
10 149
10 169
10 177
10 180
10 185
10 194
11 28
11 29
11 65
11 97
11 113
11 127
11 133
11 146
11 147
11 171
11 187
11 190
12 13
12 24
12 99
12 107
12 128
12 165
13 9
13 39
13 47
13 48
13 51
13 60
13 67
13 69
13 78
13 81
13 83
13 103
13 157
13 181
13 196
14 31
14 104
14 114
14 158
