0 15
0 21
0 45
0 56
0 74
0 85
0 90
0 117
0 134
0 148
0 149
0 161
0 169
0 177
0 183
1 3
1 16
1 36
1 37
1 55
1 62
1 63
1 66
1 81
1 82
1 84
1 89
1 98
1 115
1 120
1 123
1 136
1 151
1 167
1 188
1 191
2 47
2 48
2 51
2 60
2 67
2 69
2 78
2 83
2 103
2 157
2 181
2 196
3 11
3 44
3 87
3 95
3 101
3 121
3 143
4 8
4 18
4 43
4 72
4 73
4 80
4 105
4 122
4 135
4 137
4 164
4 186
4 199
5 1
5 34
5 46
5 54
5 57
5 59
5 61
5 70
5 108
5 125
5 126
5 162
5 184
5 192
5 193
5 198
6 5
6 93
6 119
6 124
6 129
6 138
6 141
6 152
6 163
6 172
7 39
7 75
7 118
7 131
7 173
7 178
8 13
8 86
8 91
8 99
8 107
8 112
8 128
8 165
9 2
9 4
9 7
9 9
9 30
9 35
9 40
9 53
9 116
9 150
9 168
10 24
10 28
10 29
10 65
10 97
10 113
10 127
10 133
10 146
10 147
10 171
10 187
10 190
11 58
11 64
11 76
11 79
11 100
11 154
11 155
11 159
11 160
11 174
11 185
11 197
12 38
12 50
12 94
12 96
12 130
12 144
13 0
13 12
13 25
13 32
13 68
13 77
13 106
13 145
13 166
13 170
13 175
13 176
13 180
13 194
14 19
14 20
14 22
14 26
14 31
14 49
14 88
14 104
14 114
14 158
14 179
15 6
15 14
15 17
15 23
15 33
15 52
15 71
15 110
15 142
15 153
15 182
15 189
15 195
16 10
16 27
16 41
16 42
16 92
16 102
16 109
16 111
16 132
16 139
16 140
16 156
