0 28
0 29
0 46
0 112
0 138
0 194
1 0
1 2
1 15
1 19
1 30
1 61
1 78
1 85
1 95
1 100
1 101
1 141
1 157
1 165
1 166
1 174
2 5
2 10
2 23
2 27
2 56
2 90
2 91
2 97
2 102
2 106
2 109
2 122
2 132
2 144
2 159
2 161
2 180
3 9
3 52
3 63
3 83
3 92
3 94
3 98
3 152
3 158
3 168
3 177
4 24
4 58
4 67
4 155
4 170
4 195
5 22
5 25
5 34
5 47
5 64
5 70
5 74
5 81
5 88
5 107
5 119
5 127
5 146
5 153
5 160
5 173
5 183
5 198
6 1
6 33
6 35
6 59
6 68
6 82
6 111
6 143
6 179
6 190
6 196
7 13
7 14
7 17
7 113
7 120
7 129
7 131
7 137
7 162
7 171
7 191
7 197
8 60
8 62
8 66
8 69
8 104
8 118
8 145
8 172
8 184
8 188
9 32
9 38
9 43
9 44
9 45
9 48
9 51
9 53
9 93
9 99
9 103
9 116
9 124
9 136
9 139
9 150
9 154
9 156
9 163
10 20
10 37
10 71
10 72
10 73
10 76
10 77
10 115
10 149
10 175
10 178
10 181
10 182
10 193
11 16
11 40
11 57
11 65
11 134
11 199
12 8
12 31
12 39
12 42
12 121
12 123
12 133
12 148
12 167
12 185
12 186
13 3
13 7
13 50
13 128
13 169
14 4
14 6
14 12
14 26
14 54
14 108
14 117
14 140
14 142
14 192
15 18
15 21
15 36
15 41
15 55
15 86
15 96
15 126
15 135
15 147
15 151
15 187
16 49
16 79
16 84
16 87
16 89
16 125
16 130
16 164
16 176
17 11
17 75
17 80
17 105
17 110
17 114
17 189
