0 8
0 44
0 45
0 53
0 65
0 73
0 80
0 105
0 111
0 125
0 180
1 38
1 39
1 47
1 62
1 63
1 66
1 67
1 70
1 86
1 91
1 103
1 107
1 115
1 123
1 127
1 131
1 144
1 146
1 164
2 9
2 10
2 24
2 25
2 27
2 58
2 109
2 140
2 161
2 183
3 51
3 72
3 74
3 79
3 165
3 167
3 169
3 184
4 31
4 49
4 60
4 83
4 104
4 128
4 130
4 172
5 15
5 85
5 97
5 179
5 193
5 194
5 196
6 20
6 26
6 166
6 168
6 181
7 5
7 14
7 18
7 56
7 82
7 92
7 113
7 122
7 147
7 153
7 154
7 159
7 186
7 187
8 16
8 35
8 69
8 98
8 118
8 119
8 124
8 133
8 137
8 157
9 2
9 32
9 40
9 52
9 57
9 106
9 110
9 141
9 142
10 1
10 36
10 42
10 55
10 61
10 96
10 151
10 152
10 158
11 22
11 34
11 43
11 46
11 48
11 64
11 84
11 89
11 94
11 108
11 135
11 171
11 173
11 191
11 197
12 17
12 23
12 59
12 75
12 87
12 99
12 126
12 136
12 162
12 195
13 3
13 13
13 28
13 29
13 50
13 81
13 112
13 120
13 129
13 138
13 155
13 188
13 199
14 7
14 78
14 88
14 93
14 114
14 121
14 163
14 198
15 0
15 76
15 77
15 139
15 143
15 148
15 174
15 176
16 6
16 41
16 54
16 68
16 71
16 90
16 102
16 116
16 134
16 149
16 156
16 178
16 189
16 192
17 4
17 12
17 19
17 30
17 37
17 100
17 101
17 117
17 145
17 150
17 160
17 170
17 177
18 11
18 21
18 33
18 95
18 132
18 175
18 182
18 185
18 190
