0 0
0 1
0 5
0 6
0 9
0 10
0 14
0 15
0 17
0 18
0 20
0 23
0 24
0 25
0 26
0 41
0 42
0 44
0 45
0 54
0 56
0 58
0 59
0 65
0 68
0 71
0 75
0 76
0 77
0 82
0 85
0 90
0 92
0 97
0 99
0 102
0 113
0 116
0 122
0 125
0 134
0 139
0 143
0 147
0 148
0 149
0 153
0 154
0 156
0 159
0 166
0 174
0 176
0 178
0 179
0 180
0 181
0 183
0 186
0 187
0 189
0 193
0 194
0 195
0 196
1 2
1 4
1 8
1 11
1 12
1 19
1 21
1 27
1 30
1 32
1 33
1 37
1 40
1 52
1 53
1 57
1 73
1 80
1 95
1 100
1 101
1 105
1 106
1 109
1 110
1 111
1 117
1 132
1 140
1 141
1 142
1 145
1 150
1 160
1 161
1 170
1 175
1 177
1 182
1 185
1 190
1 192
2 3
2 13
2 22
2 28
2 29
2 34
2 36
2 38
2 39
2 43
2 46
2 47
2 48
2 50
2 51
2 55
2 61
2 62
2 63
2 64
2 66
2 67
2 70
2 72
2 74
2 79
2 84
2 86
2 87
2 89
2 91
2 94
2 96
2 103
2 107
2 108
2 115
2 123
2 126
2 127
2 129
2 131
2 135
2 136
2 138
2 144
2 146
2 151
2 152
2 155
2 158
2 162
2 164
2 165
2 167
2 168
2 169
2 171
2 173
2 184
2 191
2 197
3 7
3 16
3 31
3 35
3 49
3 60
3 69
3 78
3 81
3 83
3 88
3 93
3 98
3 104
3 112
3 114
3 118
3 119
3 120
3 121
3 124
3 128
3 130
3 133
3 137
3 157
3 163
3 172
3 188
3 198
3 199
