0 5
0 8
0 14
0 15
0 17
0 18
0 44
0 45
0 53
0 56
0 65
0 73
0 74
0 82
0 85
0 92
0 99
0 105
0 111
0 113
0 122
0 125
0 147
0 153
0 154
0 159
0 165
0 180
0 186
0 187
1 7
1 16
1 31
1 35
1 49
1 60
1 69
1 78
1 81
1 83
1 88
1 93
1 98
1 104
1 112
1 114
1 118
1 119
1 120
1 121
1 124
1 128
1 130
1 133
1 137
1 157
1 163
1 172
1 179
1 188
1 198
1 199
2 1
2 20
2 22
2 23
2 26
2 34
2 36
2 42
2 46
2 48
2 55
2 59
2 61
2 64
2 75
2 87
2 96
2 97
2 126
2 136
2 151
2 152
2 158
2 166
2 168
2 181
2 194
2 195
3 2
3 4
3 12
3 19
3 21
3 30
3 32
3 37
3 40
3 52
3 57
3 80
3 100
3 101
3 106
3 110
3 117
3 132
3 141
3 142
3 145
3 150
3 160
3 170
3 175
3 177
3 182
3 190
4 3
4 13
4 28
4 29
4 38
4 39
4 43
4 47
4 50
4 51
4 62
4 63
4 66
4 67
4 70
4 72
4 79
4 84
4 86
4 89
4 91
4 94
4 103
4 107
4 108
4 115
4 123
4 127
4 129
4 131
4 135
4 138
4 144
4 146
4 155
4 162
4 164
4 167
4 169
4 171
4 173
4 184
4 191
4 197
5 0
5 6
5 9
5 10
5 11
5 24
5 25
5 27
5 33
5 41
5 54
5 58
5 68
5 71
5 76
5 77
5 90
5 95
5 102
5 109
5 116
5 134
5 139
5 140
5 143
5 148
5 149
5 156
5 161
5 174
5 176
5 178
5 183
5 185
5 189
5 192
5 193
5 196
