0 1
0 3
0 14
0 24
0 30
0 34
0 41
0 42
0 54
0 59
0 61
0 92
0 108
0 122
0 131
0 134
0 136
0 148
0 149
0 150
0 153
0 155
0 162
0 188
0 189
0 192
0 197
0 198
1 5
1 7
1 11
1 28
1 56
1 86
1 91
1 97
1 100
1 101
1 104
1 143
1 154
1 159
1 161
1 170
1 171
1 172
1 181
2 8
2 38
2 43
2 47
2 48
2 72
2 73
2 78
2 80
2 83
2 84
2 89
2 105
2 115
2 120
2 123
2 135
2 157
2 164
2 176
2 186
2 191
2 196
3 19
3 20
3 31
3 44
3 50
3 75
3 81
3 93
3 94
3 96
3 99
3 107
3 114
3 119
3 124
3 129
3 130
3 138
3 141
3 151
3 174
3 178
4 0
4 2
4 6
4 13
4 25
4 32
4 45
4 53
4 58
4 62
4 68
4 76
4 79
4 87
4 102
4 106
4 109
4 116
4 127
4 160
4 166
4 179
4 180
5 4
5 10
5 12
5 15
5 17
5 21
5 23
5 27
5 33
5 52
5 71
5 74
5 85
5 90
5 110
5 111
5 117
5 121
5 125
5 132
5 139
5 140
5 142
5 145
5 156
5 168
5 169
5 177
5 182
5 183
5 194
6 9
6 18
6 29
6 39
6 49
6 51
6 57
6 60
6 64
6 65
6 69
6 77
6 82
6 95
6 112
6 113
6 118
6 128
6 133
6 137
6 146
6 147
6 152
6 165
6 173
6 184
6 185
6 187
6 190
6 195
7 16
7 22
7 26
7 35
7 36
7 37
7 40
7 46
7 55
7 63
7 66
7 67
7 70
7 88
7 98
7 103
7 126
7 144
7 158
7 163
7 167
7 175
7 193
7 199
