0 5
0 10
0 18
0 21
0 23
0 27
0 36
0 41
0 55
0 56
0 86
0 90
0 91
0 92
0 96
0 102
0 106
0 109
0 122
0 126
0 132
0 135
0 144
0 147
0 151
0 159
0 161
0 180
0 187
1 0
1 11
1 19
1 20
1 33
1 37
1 71
1 72
1 73
1 75
1 76
1 77
1 115
1 143
1 175
1 178
1 181
1 182
1 189
1 190
1 193
1 196
2 24
2 78
2 79
2 84
2 87
2 89
2 100
2 101
2 105
2 114
2 141
2 164
2 176
2 195
3 2
3 8
3 15
3 31
3 39
3 42
3 58
3 67
3 80
3 85
3 95
3 110
3 121
3 123
3 133
3 148
3 155
3 167
3 170
3 185
3 186
4 22
4 25
4 28
4 29
4 34
4 46
4 47
4 64
4 70
4 74
4 81
4 88
4 107
4 112
4 119
4 127
4 129
4 138
4 145
4 146
4 149
4 153
4 160
4 173
4 183
4 194
4 197
4 198
5 3
5 7
5 9
5 16
5 40
5 49
5 52
5 57
5 62
5 65
5 69
5 83
5 94
5 104
5 118
5 134
5 152
5 158
5 168
5 172
5 184
5 188
5 199
6 4
6 6
6 12
6 26
6 30
6 54
6 61
6 63
6 97
6 98
6 108
6 117
6 125
6 130
6 140
6 142
6 157
6 165
6 166
6 174
6 177
6 192
7 1
7 32
7 35
7 38
7 43
7 44
7 45
7 48
7 51
7 53
7 59
7 68
7 82
7 93
7 99
7 103
7 111
7 116
7 124
7 136
7 139
7 150
7 154
7 156
7 163
7 179
8 13
8 14
8 17
8 50
8 60
8 66
8 113
8 120
8 128
8 131
8 137
8 162
8 169
8 171
8 191
