0 26
0 50
0 94
0 114
0 141
0 158
0 163
1 8
1 16
1 34
1 37
1 49
1 52
1 61
1 63
1 66
1 73
1 84
1 89
1 92
1 93
1 105
1 108
1 115
1 122
1 123
1 130
1 134
1 136
1 142
1 153
1 162
1 164
1 169
1 174
1 188
1 189
1 191
1 192
2 1
2 9
2 14
2 17
2 23
2 29
2 36
2 39
2 42
2 57
2 60
2 70
2 71
2 91
2 98
2 100
2 101
2 110
2 117
2 118
2 121
2 125
2 127
2 131
2 133
2 143
2 147
2 148
2 173
2 182
2 185
2 199
3 21
3 33
3 41
3 53
3 56
3 74
3 79
3 85
3 86
3 90
3 102
3 106
3 139
3 140
3 145
3 155
3 161
3 170
3 177
3 197
4 3
4 18
4 43
4 55
4 59
4 69
4 72
4 78
4 80
4 82
4 83
4 95
4 112
4 120
4 124
4 126
4 137
4 157
4 165
4 167
4 176
4 186
4 187
4 190
5 2
5 20
5 22
5 31
5 48
5 51
5 67
5 107
5 129
5 152
5 154
5 175
5 193
6 6
6 12
6 13
6 25
6 28
6 54
6 76
6 77
6 111
6 146
6 156
6 159
6 160
6 171
6 172
6 183
6 184
6 195
7 5
7 19
7 38
7 44
7 47
7 81
7 88
7 96
7 99
7 135
7 144
8 4
8 11
8 24
8 40
8 46
8 58
8 62
8 65
8 75
8 97
8 113
8 119
8 128
8 151
8 178
8 181
8 196
9 0
9 7
9 10
9 15
9 27
9 30
9 32
9 35
9 45
9 64
9 68
9 87
9 103
9 104
9 109
9 116
9 132
9 138
9 149
9 150
9 166
9 168
9 179
9 180
9 194
9 198
