0 7
0 19
0 26
0 31
0 49
0 88
0 93
0 104
0 114
0 152
0 158
0 163
0 172
0 198
1 13
1 18
1 28
1 29
1 39
1 59
1 70
1 72
1 75
1 82
1 91
1 122
1 126
1 131
1 146
1 162
1 165
1 167
1 171
1 173
1 184
1 186
1 187
2 2
2 9
2 25
2 30
2 52
2 58
2 64
2 77
2 106
2 116
2 117
2 145
2 150
2 166
2 170
2 175
2 176
2 177
2 194
3 38
3 47
3 50
3 69
3 81
3 83
3 94
3 96
3 112
3 120
3 128
3 129
3 130
3 135
3 137
3 144
3 157
3 188
3 199
4 0
4 10
4 21
4 27
4 33
4 41
4 68
4 90
4 102
4 109
4 132
4 134
4 139
4 140
4 148
4 149
4 161
4 168
4 189
4 192
5 1
5 14
5 17
5 23
5 42
5 44
5 54
5 71
5 92
5 113
5 125
5 127
5 147
5 153
5 178
5 181
5 195
6 3
6 34
6 36
6 43
6 46
6 55
6 61
6 62
6 63
6 66
6 84
6 89
6 108
6 115
6 123
6 136
6 151
6 164
6 191
7 6
7 15
7 53
7 56
7 76
7 85
7 87
7 95
7 111
7 142
7 143
7 156
7 174
7 180
7 182
7 183
7 185
8 4
8 5
8 11
8 12
8 32
8 35
8 40
8 45
8 57
8 65
8 100
8 101
8 110
8 121
8 141
8 154
8 159
8 160
9 8
9 73
9 74
9 79
9 80
9 86
9 105
9 155
9 169
9 190
9 197
10 16
10 20
10 22
10 24
10 37
10 48
10 51
10 60
10 67
10 78
10 97
10 98
10 99
10 103
10 107
10 118
10 119
10 124
10 133
10 138
10 179
10 193
10 196
