0 8
0 16
0 26
0 27
0 34
0 49
0 63
0 66
0 73
0 84
0 105
0 108
0 115
0 122
0 130
0 132
0 134
0 153
0 162
0 168
0 169
0 174
0 188
1 4
1 6
1 12
1 62
1 65
1 77
1 97
1 113
1 119
1 159
1 181
2 11
2 19
2 38
2 43
2 75
2 82
2 99
2 151
2 165
2 190
3 1
3 14
3 17
3 23
3 29
3 42
3 52
3 91
3 92
3 100
3 110
3 117
3 121
3 131
3 133
3 142
3 145
3 148
3 173
3 177
3 189
3 192
3 197
4 3
4 18
4 55
4 59
4 69
4 72
4 78
4 80
4 83
4 112
4 120
4 136
4 137
4 176
4 186
4 187
5 0
5 7
5 10
5 15
5 30
5 32
5 35
5 45
5 64
5 68
5 87
5 103
5 104
5 109
5 116
5 138
5 149
5 150
5 166
5 179
5 180
5 194
5 198
6 21
6 41
6 74
6 79
6 85
6 90
6 102
6 106
6 139
6 140
6 161
6 170
7 2
7 20
7 22
7 31
7 40
7 48
7 51
7 67
7 107
7 129
7 152
7 154
7 158
7 175
7 193
7 196
8 5
8 44
8 47
8 50
8 81
8 88
8 94
8 96
8 114
8 135
8 141
8 144
8 163
9 9
9 24
9 25
9 36
9 46
9 58
9 70
9 95
9 98
9 124
9 128
9 178
9 185
9 199
10 13
10 28
10 33
10 53
10 56
10 86
10 111
10 155
10 156
10 160
10 183
11 37
11 61
11 89
11 93
11 123
11 126
11 157
11 164
11 167
11 191
12 39
12 54
12 57
12 60
12 71
12 76
12 101
12 118
12 125
12 127
12 143
12 146
12 147
12 171
12 172
12 182
12 184
12 195
