0 15
0 32
0 33
0 53
0 56
0 64
0 86
0 87
0 111
0 134
0 145
0 155
0 156
0 160
0 183
0 197
1 9
1 24
1 25
1 36
1 49
1 58
1 60
1 66
1 75
1 77
1 98
1 174
1 176
1 185
2 4
2 11
2 39
2 44
2 95
2 113
2 119
2 125
2 128
2 178
2 199
3 41
3 74
3 79
3 85
3 102
3 106
3 139
3 140
3 161
3 170
4 5
4 19
4 26
4 38
4 47
4 50
4 81
4 88
4 94
4 96
4 99
4 114
4 135
4 141
4 144
4 163
5 8
5 16
5 18
5 46
5 63
5 84
5 115
5 120
5 122
5 130
5 162
5 181
5 188
6 3
6 43
6 55
6 59
6 62
6 69
6 72
6 78
6 80
6 83
6 112
6 124
6 137
6 151
6 165
6 186
6 187
6 190
7 12
7 28
7 42
7 76
7 91
7 110
7 121
7 146
7 148
7 171
7 172
7 184
8 2
8 20
8 31
8 40
8 48
8 51
8 65
8 67
8 97
8 103
8 107
8 129
8 152
8 154
8 158
8 159
8 193
8 196
9 1
9 6
9 13
9 14
9 17
9 23
9 29
9 54
9 57
9 70
9 71
9 101
9 117
9 118
9 127
9 131
9 133
9 143
9 147
9 153
9 173
9 182
9 195
10 21
10 34
10 52
10 90
10 92
10 100
10 142
10 169
10 177
10 189
10 192
11 7
11 22
11 30
11 35
11 45
11 104
11 116
11 138
11 150
11 175
11 179
11 198
12 37
12 61
12 73
12 82
12 89
12 93
12 105
12 108
12 123
12 126
12 136
12 157
12 164
12 167
12 191
13 0
13 10
13 27
13 68
13 109
13 132
13 149
13 166
13 168
13 180
13 194
