0 12
0 79
0 86
0 87
0 101
0 134
0 145
0 155
0 156
0 160
0 169
0 170
0 197
1 43
1 62
1 72
1 78
1 83
1 99
1 112
1 124
1 128
1 135
1 137
1 165
1 190
2 16
2 37
2 46
2 60
2 63
2 66
2 75
2 82
2 84
2 98
2 108
2 115
2 120
2 126
2 136
2 157
2 162
2 181
2 188
3 1
3 6
3 14
3 23
3 52
3 54
3 57
3 70
3 71
3 92
3 118
3 125
3 131
3 142
3 147
3 153
3 173
3 178
3 189
3 192
3 195
4 5
4 20
4 31
4 40
4 48
4 49
4 51
4 67
4 103
4 107
4 119
4 129
4 138
4 141
4 152
4 196
5 7
5 10
5 27
5 109
5 116
5 132
5 149
5 150
5 177
5 194
6 17
6 28
6 29
6 42
6 76
6 91
6 95
6 100
6 110
6 113
6 121
6 127
6 133
6 143
6 146
6 148
6 171
6 182
6 184
7 0
7 21
7 33
7 41
7 56
7 74
7 85
7 90
7 102
7 106
7 117
7 139
7 140
7 161
7 183
8 4
8 9
8 24
8 58
8 111
8 174
8 176
8 185
9 3
9 8
9 13
9 18
9 36
9 39
9 55
9 59
9 69
9 73
9 80
9 105
9 122
9 151
9 164
9 186
9 187
9 199
10 15
10 25
10 32
10 45
10 53
10 64
10 68
10 77
10 166
10 175
10 180
11 19
11 26
11 38
11 47
11 50
11 81
11 88
11 93
11 94
11 96
11 114
11 130
11 144
11 158
11 163
11 193
12 34
12 61
12 89
12 123
12 167
12 191
13 2
13 22
13 30
13 35
13 104
13 168
13 179
13 198
14 11
14 44
14 65
14 97
14 154
14 159
14 172
