0 19
0 31
0 49
0 60
0 93
0 163
1 8
1 11
1 73
1 74
1 79
1 80
1 86
1 105
1 155
1 169
1 190
2 34
2 43
2 46
2 61
2 84
2 89
2 108
2 123
2 164
2 191
3 1
3 14
3 17
3 23
3 42
3 71
3 92
3 113
3 147
3 153
3 195
4 3
4 13
4 28
4 29
4 39
4 72
4 99
4 165
4 167
5 9
5 37
5 97
5 179
5 181
5 193
6 38
6 47
6 50
6 81
6 83
6 94
6 96
6 112
6 120
6 128
6 129
6 130
6 135
6 137
6 144
6 157
6 188
6 199
7 10
7 27
7 30
7 109
7 116
7 132
7 150
7 166
7 168
7 177
8 2
8 4
8 32
8 40
8 106
8 141
8 145
8 170
8 175
9 0
9 6
9 21
9 33
9 41
9 54
9 68
9 85
9 90
9 102
9 134
9 139
9 140
9 148
9 149
9 156
9 161
9 174
9 189
9 192
10 5
10 65
10 121
10 133
10 159
10 172
11 16
11 20
11 35
11 48
11 51
11 67
11 69
11 78
11 98
11 103
11 107
11 118
11 119
11 124
11 138
11 196
12 18
12 44
12 75
12 82
12 91
12 122
12 125
12 127
12 146
12 171
12 184
12 186
12 187
13 36
13 55
13 59
13 62
13 63
13 66
13 70
13 115
13 126
13 131
13 136
13 151
13 162
13 173
14 12
14 45
14 52
14 53
14 56
14 57
14 76
14 87
14 95
14 100
14 101
14 110
14 111
14 117
14 142
14 143
14 154
14 180
14 182
15 15
15 24
15 25
15 58
15 64
15 77
15 160
15 176
15 178
15 183
15 185
15 194
15 197
16 7
16 22
16 26
16 88
16 104
16 114
16 152
16 158
16 198
