0 3
0 8
0 13
0 18
0 36
0 55
0 59
0 62
0 69
0 73
0 80
0 105
0 122
0 151
0 164
0 186
0 187
0 199
1 21
1 41
1 90
1 102
1 109
1 139
1 140
1 149
1 161
1 177
2 2
2 5
2 20
2 31
2 40
2 48
2 49
2 51
2 67
2 103
2 107
2 119
2 129
2 138
2 141
2 152
2 196
3 17
3 42
3 71
3 100
3 127
3 133
3 147
3 182
3 184
3 195
4 25
4 32
4 45
4 64
4 77
4 166
4 175
4 176
4 194
5 16
5 34
5 37
5 61
5 89
5 123
5 167
5 191
6 29
6 39
6 75
6 118
6 125
6 131
6 153
6 173
6 178
7 0
7 68
7 74
7 79
7 85
7 106
7 145
7 170
7 180
8 38
8 47
8 50
8 81
8 93
8 94
8 96
8 130
8 135
8 144
8 157
9 9
9 24
9 46
9 60
9 63
9 66
9 82
9 84
9 98
9 108
9 115
9 120
9 126
9 136
9 162
9 181
9 188
10 12
10 86
10 87
10 155
10 197
11 4
11 11
11 44
11 58
11 65
11 97
11 154
11 159
11 172
12 19
12 22
12 26
12 88
12 104
12 114
12 158
12 163
12 179
12 193
12 198
13 76
13 101
13 110
13 121
13 143
13 148
13 171
14 28
14 91
14 95
14 113
14 146
15 7
15 10
15 27
15 30
15 35
15 116
15 132
15 150
15 168
16 15
16 33
16 53
16 56
16 111
16 117
16 134
16 156
16 160
16 169
16 174
16 183
16 185
17 43
17 72
17 78
17 83
17 99
17 112
17 124
17 128
17 137
17 165
17 190
18 1
18 6
18 14
18 23
18 52
18 54
18 57
18 70
18 92
18 142
18 189
18 192
