0 3
0 4
0 8
0 11
0 16
0 18
0 24
0 36
0 37
0 38
0 43
0 44
0 46
0 47
0 49
0 55
0 58
0 59
0 60
0 61
0 62
0 63
0 69
0 72
0 73
0 75
0 78
0 80
0 82
0 83
0 84
0 89
0 93
0 95
0 96
0 99
0 105
0 108
0 112
0 113
0 115
0 119
0 120
0 122
0 123
0 124
0 126
0 128
0 130
0 135
0 136
0 137
0 144
0 151
0 157
0 162
0 164
0 165
0 167
0 185
0 186
0 187
0 188
0 190
0 191
0 199
1 0
1 1
1 2
1 5
1 6
1 7
1 9
1 10
1 12
1 13
1 14
1 15
1 17
1 19
1 20
1 21
1 22
1 23
1 25
1 26
1 27
1 28
1 29
1 30
1 31
1 32
1 33
1 34
1 35
1 39
1 40
1 41
1 42
1 45
1 48
1 50
1 51
1 52
1 53
1 54
1 56
1 57
1 64
1 65
1 66
1 67
1 68
1 70
1 71
1 74
1 76
1 77
1 79
1 81
1 85
1 86
1 87
1 88
1 90
1 91
1 92
1 94
1 97
1 98
1 100
1 101
1 102
1 103
1 104
1 106
1 107
1 109
1 110
1 111
1 114
1 116
1 117
1 118
1 121
1 125
1 127
1 129
1 131
1 132
1 133
1 134
1 138
1 139
1 140
1 141
1 142
1 143
1 145
1 146
1 147
1 148
1 149
1 150
1 152
1 153
1 154
1 155
1 156
1 158
1 159
1 160
1 161
1 163
1 166
1 168
1 169
1 170
1 171
1 172
1 173
1 174
1 175
1 176
1 177
1 178
1 179
1 180
1 181
1 182
1 183
1 184
1 189
1 192
1 193
1 194
1 195
1 196
1 197
1 198
