0 3
0 7
0 9
0 13
0 16
0 19
0 20
0 22
0 26
0 31
0 34
0 35
0 36
0 37
0 38
0 43
0 46
0 47
0 48
0 49
0 50
0 51
0 55
0 60
0 61
0 62
0 63
0 66
0 67
0 69
0 70
0 72
0 78
0 81
0 83
0 84
0 88
0 89
0 93
0 94
0 96
0 98
0 99
0 103
0 104
0 107
0 108
0 112
0 114
0 115
0 118
0 119
0 120
0 123
0 124
0 126
0 128
0 129
0 130
0 135
0 136
0 137
0 138
0 144
0 151
0 152
0 157
0 158
0 162
0 163
0 164
0 165
0 167
0 168
0 172
0 173
0 179
0 181
0 188
0 191
0 193
0 196
0 198
0 199
1 0
1 2
1 4
1 6
1 10
1 11
1 12
1 15
1 21
1 25
1 27
1 30
1 32
1 33
1 40
1 41
1 45
1 52
1 53
1 54
1 57
1 58
1 64
1 68
1 76
1 77
1 85
1 87
1 90
1 100
1 101
1 102
1 106
1 109
1 110
1 111
1 116
1 117
1 132
1 134
1 139
1 140
1 141
1 142
1 143
1 145
1 148
1 149
1 150
1 154
1 156
1 160
1 161
1 166
1 170
1 174
1 175
1 176
1 177
1 180
1 182
1 183
1 185
1 189
1 192
1 194
2 1
2 5
2 8
2 14
2 17
2 18
2 23
2 24
2 28
2 29
2 39
2 42
2 44
2 56
2 59
2 65
2 71
2 73
2 74
2 75
2 79
2 80
2 82
2 86
2 91
2 92
2 95
2 97
2 105
2 113
2 121
2 122
2 125
2 127
2 131
2 133
2 146
2 147
2 153
2 155
2 159
2 169
2 171
2 178
2 184
2 186
2 187
2 190
2 195
2 197
