0 15
0 53
0 56
0 58
0 64
0 74
0 77
0 79
0 85
0 87
0 95
0 100
0 111
0 155
0 159
0 160
0 169
0 176
0 178
0 180
0 182
0 183
0 185
0 190
0 194
0 197
1 8
1 13
1 28
1 29
1 37
1 72
1 73
1 80
1 86
1 105
1 165
1 167
1 171
2 7
2 19
2 22
2 26
2 31
2 49
2 60
2 88
2 93
2 104
2 114
2 152
2 158
2 163
2 168
2 172
2 198
3 1
3 3
3 34
3 36
3 43
3 46
3 55
3 61
3 62
3 63
3 66
3 84
3 89
3 108
3 115
3 123
3 136
3 151
3 164
3 191
4 14
4 17
4 18
4 23
4 39
4 44
4 59
4 70
4 75
4 82
4 91
4 92
4 113
4 122
4 125
4 126
4 127
4 131
4 146
4 147
4 153
4 162
4 173
4 181
4 184
4 186
4 187
4 195
5 2
5 4
5 11
5 12
5 25
5 30
5 32
5 40
5 45
5 52
5 57
5 101
5 106
5 110
5 116
5 117
5 141
5 145
5 150
5 154
5 166
5 170
5 175
5 177
6 16
6 38
6 47
6 50
6 69
6 81
6 83
6 94
6 96
6 99
6 112
6 120
6 124
6 128
6 129
6 130
6 135
6 137
6 144
6 157
6 188
6 199
7 5
7 9
7 20
7 24
7 35
7 48
7 51
7 65
7 67
7 78
7 97
7 98
7 103
7 107
7 118
7 119
7 121
7 133
7 138
7 179
7 193
7 196
8 0
8 6
8 10
8 21
8 27
8 33
8 41
8 42
8 54
8 68
8 71
8 76
8 90
8 102
8 109
8 132
8 134
8 139
8 140
8 142
8 143
8 148
8 149
8 156
8 161
8 174
8 189
8 192
