0 23
0 35
0 46
0 58
0 59
0 74
0 99
0 103
0 114
0 117
0 124
0 135
0 174
0 181
0 194
1 0
1 3
1 12
1 15
1 18
1 33
1 40
1 42
1 63
1 70
1 81
1 90
1 101
1 109
1 119
1 128
1 146
1 153
1 155
1 168
1 171
1 179
1 186
1 199
2 4
2 17
2 20
2 27
2 32
2 34
2 73
2 82
2 83
2 86
2 87
2 95
2 97
2 110
2 123
2 126
2 127
2 139
2 141
2 144
2 148
2 161
2 164
2 165
2 175
2 180
2 183
2 188
2 189
2 192
2 193
2 197
3 7
3 36
3 49
3 62
3 77
3 79
3 100
3 132
3 134
3 145
3 178
3 182
4 13
4 16
4 60
4 93
4 96
4 104
4 105
4 106
4 115
4 120
4 162
4 169
4 185
4 196
5 5
5 14
5 21
5 24
5 39
5 61
5 64
5 85
5 88
5 98
5 137
5 138
5 140
5 173
5 177
5 191
6 25
6 26
6 31
6 41
6 51
6 57
6 65
6 66
6 75
6 76
6 80
6 84
6 89
6 91
6 92
6 94
6 118
6 122
6 130
6 156
6 159
6 167
6 190
6 195
7 6
7 10
7 19
7 28
7 30
7 38
7 44
7 54
7 55
7 72
7 111
7 112
7 125
7 163
7 198
8 29
8 45
8 56
8 68
8 78
8 121
8 131
8 143
8 157
8 158
8 166
8 187
9 1
9 8
9 9
9 11
9 22
9 43
9 47
9 52
9 67
9 107
9 150
9 154
9 170
9 172
9 176
10 2
10 37
10 48
10 53
10 69
10 71
10 102
10 108
10 113
10 116
10 129
10 133
10 136
10 142
10 147
10 149
10 151
10 160
11 50
11 152
11 184
