0 24
0 65
0 85
0 91
0 114
0 117
0 122
0 124
0 130
0 181
0 194
1 1
1 8
1 10
1 30
1 43
1 44
1 52
1 54
1 55
1 64
1 67
1 72
1 107
1 111
1 150
1 163
1 170
1 176
2 5
2 14
2 21
2 39
2 61
2 88
2 98
2 137
2 138
2 140
2 173
2 177
2 191
3 29
3 45
3 56
3 68
3 78
3 119
3 121
3 131
3 143
3 157
3 158
3 166
3 187
4 31
4 32
4 38
4 51
4 57
4 66
4 75
4 76
4 83
4 84
4 87
4 94
4 116
4 118
4 127
4 141
4 156
4 165
4 190
4 193
4 198
5 23
5 35
5 46
5 58
5 59
5 74
5 99
5 103
5 135
5 174
6 0
6 3
6 12
6 15
6 18
6 33
6 40
6 42
6 63
6 70
6 73
6 81
6 90
6 101
6 109
6 128
6 146
6 153
6 155
6 168
6 171
6 179
6 186
6 199
7 13
7 16
7 77
7 104
7 115
7 162
7 169
7 185
7 196
8 2
8 9
8 37
8 47
8 48
8 53
8 69
8 71
8 102
8 108
8 113
8 125
8 129
8 136
8 142
8 147
8 149
8 151
8 154
8 160
9 4
9 6
9 11
9 17
9 19
9 20
9 22
9 27
9 28
9 34
9 82
9 86
9 95
9 97
9 110
9 112
9 123
9 126
9 139
9 144
9 148
9 161
9 164
9 172
9 175
9 180
9 183
9 188
9 189
9 192
9 197
10 50
10 152
10 184
11 7
11 36
11 49
11 62
11 79
11 100
11 132
11 133
11 134
11 145
11 178
11 182
12 25
12 26
12 41
12 60
12 80
12 89
12 92
12 93
12 96
12 105
12 106
12 120
12 159
12 167
12 195
