0 9
0 21
0 26
0 37
0 58
0 109
0 147
0 173
0 197
0 207
0 230
0 285
0 304
0 313
0 333
0 335
0 339
0 378
0 395
0 398
0 399
1 12
1 22
1 32
1 45
1 46
1 63
1 69
1 90
1 116
1 117
1 118
1 121
1 124
1 129
1 136
1 137
1 139
1 141
1 154
1 160
1 167
1 168
1 171
1 176
1 178
1 185
1 186
1 191
1 194
1 209
1 213
1 214
1 216
1 219
1 227
1 229
1 232
1 238
1 245
1 247
1 251
1 279
1 300
1 330
1 343
1 350
1 355
1 381
2 98
2 105
2 120
2 152
2 301
3 13
3 15
3 59
3 67
3 76
3 82
3 142
3 170
3 189
3 243
3 244
3 254
3 281
3 307
3 314
3 323
3 328
3 358
3 359
3 383
4 1
4 2
4 4
4 6
4 10
4 11
4 18
4 23
4 25
4 28
4 35
4 36
4 38
4 43
4 44
4 47
4 48
4 50
4 51
4 52
4 54
4 64
4 65
4 66
4 71
4 72
4 74
4 80
4 83
4 89
4 91
4 93
4 94
4 97
4 100
4 102
4 104
4 107
4 111
4 113
4 114
4 115
4 122
4 135
4 145
4 146
4 150
4 156
4 158
4 161
4 162
4 166
4 177
4 180
4 182
4 183
4 187
4 192
4 195
4 196
4 200
4 206
4 210
4 211
4 212
4 218
4 220
4 221
4 223
4 224
4 225
4 234
4 240
4 246
4 248
4 250
4 252
4 253
4 255
4 256
4 257
4 259
4 262
4 264
4 269
4 270
4 271
4 276
4 278
4 280
4 283
4 286
4 287
4 290
4 292
4 293
4 297
4 299
4 305
4 308
4 317
4 325
4 329
4 331
4 334
4 336
4 340
4 341
4 342
4 344
4 346
4 347
4 348
4 349
4 351
4 361
4 363
4 366
4 370
4 371
4 372
4 374
4 377
4 389
4 390
4 391
4 396
4 397
5 20
5 27
5 31
5 33
5 68
5 70
5 75
5 85
5 96
5 126
5 127
5 134
5 151
5 175
5 190
5 201
5 203
5 208
5 231
5 282
5 284
5 296
5 324
5 327
5 332
5 338
5 367
5 384
6 17
6 41
6 55
6 84
6 110
6 172
6 193
6 228
6 236
6 239
6 261
6 267
6 289
6 316
6 357
6 392
7 8
7 57
7 77
7 108
7 112
7 140
7 153
7 226
7 237
7 258
7 260
7 263
7 275
7 288
7 302
7 320
7 353
7 373
8 39
8 49
8 87
8 101
8 123
8 128
8 132
8 133
8 143
8 159
8 233
8 268
8 380
9 3
9 19
9 34
9 79
9 92
9 95
9 131
9 164
9 179
9 188
9 198
9 202
9 204
9 217
9 235
9 309
9 312
9 322
9 337
9 364
9 376
9 382
9 388
9 393
10 29
10 60
10 86
10 148
10 303
10 310
10 345
10 362
11 24
11 53
11 61
11 215
11 272
11 291
12 14
12 40
12 56
12 62
12 144
12 155
12 169
12 174
12 222
12 277
12 295
12 311
12 315
12 326
12 352
12 356
12 386
13 0
13 5
13 7
13 16
13 73
13 78
13 81
13 88
13 99
13 103
13 106
13 119
13 138
13 149
13 157
13 163
13 165
13 181
13 184
13 199
13 205
13 241
13 242
13 266
13 274
13 294
13 306
13 319
13 321
13 354
13 360
13 365
13 375
13 379
13 394
14 30
14 42
14 125
14 130
14 249
14 265
14 273
14 298
14 318
14 368
14 369
14 385
14 387
