0 45
0 69
0 73
0 88
0 117
0 139
0 163
0 167
0 168
0 184
0 186
0 187
0 205
0 214
0 241
0 290
0 294
0 346
0 350
1 13
1 59
1 67
1 84
1 142
1 172
1 189
1 243
1 244
1 281
1 307
1 316
1 323
1 328
1 358
1 359
1 368
2 98
2 105
2 120
2 152
2 301
3 24
3 53
3 61
3 148
3 215
3 272
3 291
4 9
4 20
4 21
4 26
4 27
4 33
4 37
4 75
4 85
4 96
4 109
4 147
4 190
4 207
4 208
4 284
4 285
4 296
4 304
4 333
4 339
4 378
4 395
4 399
5 2
5 3
5 11
5 12
5 18
5 32
5 35
5 43
5 46
5 54
5 63
5 65
5 71
5 83
5 89
5 90
5 95
5 115
5 118
5 129
5 141
5 146
5 154
5 160
5 162
5 164
5 177
5 179
5 196
5 202
5 206
5 210
5 211
5 216
5 217
5 220
5 225
5 229
5 232
5 235
5 247
5 248
5 252
5 259
5 286
5 305
5 312
5 329
5 331
5 336
5 337
5 340
5 344
5 364
5 374
5 382
5 388
5 389
6 14
6 40
6 56
6 62
6 144
6 155
6 169
6 174
6 222
6 277
6 295
6 311
6 315
6 326
6 352
6 356
6 386
7 29
7 58
7 173
7 197
7 230
7 310
7 313
7 335
7 398
8 0
8 5
8 7
8 16
8 19
8 22
8 34
8 49
8 78
8 79
8 81
8 82
8 92
8 99
8 103
8 106
8 119
8 128
8 131
8 138
8 149
8 157
8 165
8 170
8 181
8 188
8 198
8 199
8 204
8 233
8 242
8 254
8 266
8 274
8 306
8 309
8 319
8 321
8 322
8 343
8 354
8 360
8 365
8 375
8 376
8 379
8 393
8 394
9 17
9 41
9 110
9 193
9 228
9 236
9 239
9 261
9 267
9 357
9 392
10 1
10 4
10 6
10 10
10 23
10 25
10 28
10 36
10 38
10 44
10 47
10 48
10 50
10 51
10 52
10 64
10 66
10 72
10 74
10 80
10 91
10 93
10 94
10 97
10 100
10 102
10 104
10 107
10 111
10 113
10 114
10 122
10 135
10 145
10 150
10 156
10 158
10 161
10 166
10 180
10 182
10 183
10 192
10 195
10 200
10 212
10 218
10 221
10 223
10 224
10 234
10 240
10 246
10 250
10 253
10 255
10 256
10 257
10 262
10 264
10 269
10 270
10 271
10 276
10 278
10 280
10 283
10 287
10 292
10 293
10 297
10 299
10 308
10 317
10 325
10 334
10 341
10 342
10 347
10 348
10 349
10 351
10 361
10 363
10 366
10 370
10 371
10 372
10 377
10 390
10 391
10 396
10 397
11 60
11 86
11 203
11 231
11 303
11 324
11 338
11 345
11 362
12 15
12 31
12 55
12 108
12 258
12 289
12 314
12 373
13 8
13 57
13 76
13 77
13 112
13 121
13 136
13 137
13 140
13 153
13 171
13 191
13 226
13 237
13 245
13 260
13 263
13 275
13 279
13 288
13 302
13 320
13 353
13 383
14 68
14 70
14 116
14 124
14 126
14 127
14 134
14 151
14 175
14 176
14 178
14 185
14 194
14 201
14 209
14 213
14 219
14 227
14 238
14 251
14 282
14 300
14 327
14 330
14 332
14 355
14 367
14 381
14 384
15 30
15 39
15 42
15 87
15 101
15 123
15 125
15 130
15 132
15 133
15 143
15 159
15 249
15 265
15 268
15 273
15 298
15 318
15 369
15 380
15 385
15 387
