0 65
0 85
0 91
0 114
0 117
0 122
0 124
0 130
0 181
0 194
1 0
1 3
1 12
1 15
1 18
1 33
1 40
1 42
1 63
1 70
1 73
1 81
1 90
1 101
1 109
1 128
1 146
1 153
1 155
1 168
1 171
1 179
1 186
1 198
1 199
2 31
2 32
2 38
2 76
2 83
2 94
2 115
2 116
2 141
2 156
2 193
3 35
3 58
3 74
3 174
4 7
4 36
4 49
4 62
4 100
4 132
4 134
4 145
4 178
4 182
5 1
5 8
5 9
5 11
5 22
5 43
5 47
5 67
5 107
5 150
5 154
5 170
5 172
6 13
6 16
6 60
6 93
6 96
6 104
6 105
6 106
6 120
6 162
6 169
6 185
6 196
7 5
7 21
7 88
7 98
7 137
7 138
7 173
7 177
8 23
8 46
8 56
8 59
8 99
8 103
8 135
8 159
8 187
9 39
9 50
9 64
9 152
9 184
10 25
10 26
10 41
10 66
10 75
10 80
10 84
10 89
10 92
10 127
10 165
10 167
10 190
10 195
11 29
11 45
11 68
11 78
11 119
11 121
11 131
11 143
11 157
11 158
11 166
12 4
12 17
12 19
12 20
12 27
12 34
12 69
12 82
12 86
12 95
12 97
12 110
12 112
12 123
12 126
12 139
12 144
12 147
12 148
12 161
12 164
12 175
12 180
12 183
12 188
12 189
12 192
12 197
13 48
13 71
13 77
13 133
13 151
14 2
14 14
14 24
14 51
14 57
14 61
14 87
14 108
14 118
14 125
14 136
14 140
14 149
14 160
14 191
15 37
15 53
15 79
15 102
15 113
15 129
15 142
16 6
16 10
16 28
16 30
16 44
16 52
16 54
16 55
16 72
16 111
16 163
16 176
