0 68
0 70
0 116
0 124
0 126
0 127
0 134
0 151
0 175
0 176
0 178
0 185
0 194
0 213
0 227
0 238
0 251
0 295
0 300
0 327
0 330
0 332
0 355
0 367
0 381
1 9
1 21
1 27
1 60
1 86
1 201
1 203
1 231
1 282
1 303
1 324
1 338
1 362
1 384
2 55
2 289
3 0
3 34
3 49
3 92
3 99
3 103
3 131
3 165
3 188
3 204
3 266
3 274
3 319
3 322
3 354
3 365
3 375
3 394
4 98
4 105
4 120
4 152
4 301
5 2
5 7
5 12
5 16
5 43
5 71
5 73
5 78
5 88
5 115
5 138
5 149
5 157
5 163
5 171
5 184
5 187
5 199
5 214
5 241
5 279
5 286
5 290
5 294
5 321
5 331
5 350
5 374
6 20
6 22
6 26
6 33
6 37
6 75
6 85
6 96
6 109
6 137
6 147
6 190
6 207
6 208
6 284
6 285
6 296
6 304
6 333
6 339
6 378
6 395
6 399
7 17
7 41
7 59
7 84
7 142
7 172
7 189
7 243
7 267
7 316
7 323
7 357
7 358
7 368
8 8
8 24
8 53
8 57
8 61
8 108
8 148
8 153
8 215
8 226
8 237
8 258
8 260
8 263
8 272
8 275
8 288
8 291
8 353
8 373
9 30
9 39
9 87
9 101
9 123
9 125
9 130
9 132
9 133
9 143
9 159
9 233
9 249
9 265
9 268
9 273
9 298
9 318
9 369
9 380
9 385
9 387
10 1
10 4
10 10
10 11
10 23
10 25
10 36
10 38
10 44
10 47
10 50
10 51
10 52
10 64
10 65
10 66
10 72
10 74
10 80
10 91
10 93
10 94
10 97
10 100
10 102
10 104
10 111
10 113
10 114
10 122
10 135
10 145
10 150
10 156
10 158
10 161
10 182
10 183
10 192
10 195
10 200
10 210
10 212
10 218
10 221
10 224
10 234
10 240
10 246
10 253
10 255
10 256
10 257
10 262
10 264
10 269
10 270
10 271
10 276
10 278
10 280
10 283
10 287
10 292
10 297
10 299
10 308
10 317
10 325
10 334
10 336
10 341
10 342
10 346
10 347
10 348
10 349
10 351
10 361
10 363
10 366
10 370
10 372
10 377
10 390
10 391
10 396
10 397
11 5
11 13
11 15
11 31
11 42
11 67
11 77
11 81
11 82
11 106
11 119
11 136
11 140
11 170
11 181
11 205
11 242
11 244
11 254
11 302
11 306
11 307
11 314
11 320
11 328
11 359
11 360
11 379
12 14
12 40
12 56
12 62
12 155
12 174
12 222
12 277
12 311
12 315
12 326
12 345
12 352
12 356
12 386
13 110
13 228
13 236
13 239
13 392
14 29
14 58
14 173
14 197
14 230
14 310
14 313
14 335
14 398
15 32
15 35
15 45
15 46
15 63
15 69
15 89
15 90
15 117
15 118
15 121
15 129
15 139
15 141
15 146
15 154
15 160
15 162
15 167
15 168
15 177
15 186
15 191
15 196
15 206
15 209
15 211
15 216
15 219
15 225
15 229
15 232
15 245
15 247
15 248
15 252
15 259
15 329
15 343
15 344
15 389
16 76
16 112
16 193
16 261
16 281
16 383
17 3
17 6
17 18
17 19
17 28
17 48
17 54
17 79
17 83
17 95
17 107
17 128
17 144
17 164
17 166
17 169
17 179
17 180
17 198
17 202
17 217
17 220
17 223
17 235
17 250
17 293
17 305
17 309
17 312
17 337
17 340
17 364
17 371
17 376
17 382
17 388
17 393
