0 3
0 19
0 34
0 49
0 79
0 92
0 95
0 99
0 128
0 131
0 164
0 165
0 179
0 188
0 198
0 202
0 204
0 217
0 233
0 235
0 266
0 274
0 309
0 322
0 337
0 365
0 375
0 376
0 393
0 394
1 26
1 37
1 58
1 173
1 197
1 207
1 230
1 288
1 313
1 335
1 398
2 98
2 105
2 120
2 152
2 301
3 9
3 20
3 21
3 27
3 33
3 70
3 85
3 96
3 126
3 127
3 151
3 201
3 203
3 208
3 231
3 282
3 284
3 296
3 324
3 327
3 338
3 367
3 384
4 0
4 13
4 42
4 103
4 244
4 319
4 328
4 354
4 368
5 1
5 4
5 10
5 23
5 36
5 38
5 44
5 47
5 51
5 52
5 65
5 72
5 74
5 80
5 91
5 93
5 94
5 97
5 100
5 102
5 111
5 114
5 122
5 135
5 150
5 156
5 158
5 161
5 182
5 192
5 200
5 218
5 221
5 224
5 234
5 255
5 256
5 257
5 262
5 264
5 270
5 271
5 278
5 283
5 287
5 292
5 297
5 299
5 308
5 317
5 325
5 334
5 341
5 347
5 349
5 361
5 363
5 370
5 372
5 390
5 391
5 397
6 110
6 193
6 228
6 236
6 239
6 261
6 267
6 392
7 24
7 53
7 61
7 215
7 272
7 291
7 373
8 14
8 40
8 56
8 62
8 144
8 155
8 169
8 174
8 222
8 277
8 295
8 311
8 315
8 326
8 352
8 356
8 386
9 31
9 68
9 69
9 88
9 116
9 117
9 124
9 134
9 139
9 163
9 175
9 176
9 178
9 184
9 185
9 194
9 205
9 209
9 213
9 219
9 227
9 238
9 241
9 251
9 300
9 330
9 332
9 350
9 355
9 381
10 30
10 39
10 87
10 101
10 123
10 125
10 130
10 132
10 133
10 143
10 159
10 249
10 268
10 273
10 298
10 318
10 369
10 380
10 385
10 387
11 5
11 15
11 59
11 67
11 81
11 82
11 106
11 119
11 138
11 142
11 157
11 170
11 181
11 189
11 199
11 242
11 243
11 254
11 306
11 307
11 323
11 358
11 359
11 360
11 379
12 60
12 86
12 148
12 265
12 303
12 345
12 362
13 8
13 57
13 76
13 77
13 108
13 112
13 136
13 140
13 153
13 171
13 226
13 237
13 258
13 260
13 263
13 275
13 281
13 302
13 314
13 320
13 353
13 383
14 12
14 16
14 22
14 32
14 45
14 46
14 63
14 90
14 118
14 121
14 129
14 137
14 141
14 154
14 160
14 167
14 186
14 191
14 214
14 216
14 229
14 232
14 245
14 247
14 279
14 294
14 343
14 389
15 75
15 109
15 147
15 190
15 285
15 304
15 333
15 339
15 378
15 395
15 399
16 2
16 6
16 7
16 11
16 18
16 25
16 28
16 35
16 43
16 48
16 50
16 54
16 64
16 66
16 71
16 73
16 78
16 83
16 89
16 104
16 107
16 113
16 115
16 145
16 146
16 149
16 162
16 166
16 168
16 177
16 180
16 183
16 187
16 195
16 196
16 206
16 210
16 211
16 212
16 220
16 223
16 225
16 240
16 246
16 248
16 250
16 252
16 253
16 259
16 269
16 276
16 280
16 286
16 290
16 293
16 305
16 312
16 321
16 329
16 331
16 336
16 340
16 342
16 344
16 346
16 348
16 351
16 364
16 366
16 371
16 374
16 377
16 382
16 388
16 396
17 29
17 310
18 17
18 41
18 55
18 84
18 172
18 289
18 316
18 357
