0 1
0 4
0 10
0 23
0 36
0 38
0 44
0 47
0 51
0 52
0 65
0 72
0 74
0 80
0 91
0 93
0 94
0 97
0 100
0 102
0 111
0 114
0 122
0 135
0 145
0 150
0 156
0 158
0 161
0 182
0 192
0 200
0 218
0 221
0 224
0 234
0 255
0 256
0 257
0 262
0 264
0 270
0 271
0 278
0 283
0 287
0 292
0 297
0 299
0 308
0 317
0 325
0 334
0 341
0 347
0 349
0 351
0 361
0 363
0 370
0 372
0 390
0 391
0 397
1 14
1 40
1 56
1 62
1 155
1 174
1 222
1 277
1 311
1 315
1 326
1 345
1 352
1 356
1 386
2 17
2 41
2 84
2 142
2 172
2 189
2 243
2 316
2 323
2 357
2 358
2 368
3 9
3 20
3 21
3 26
3 27
3 33
3 37
3 75
3 96
3 109
3 147
3 190
3 207
3 284
3 285
3 296
3 304
3 333
3 339
3 378
3 395
3 399
4 98
4 105
4 120
4 152
4 301
5 19
5 34
5 39
5 49
5 79
5 92
5 95
5 128
5 131
5 143
5 144
5 164
5 165
5 169
5 179
5 188
5 198
5 202
5 204
5 217
5 233
5 235
5 309
5 322
5 337
5 376
5 393
6 31
6 45
6 73
6 88
6 117
6 139
6 163
6 167
6 168
6 184
6 186
6 187
6 205
6 214
6 241
6 290
6 294
6 350
7 8
7 76
7 77
7 112
7 121
7 136
7 140
7 153
7 171
7 226
7 237
7 260
7 263
7 275
7 279
7 281
7 288
7 302
7 320
7 353
7 383
8 29
8 310
9 68
9 70
9 85
9 116
9 124
9 126
9 127
9 134
9 151
9 175
9 176
9 178
9 185
9 194
9 208
9 209
9 213
9 219
9 227
9 238
9 251
9 295
9 300
9 327
9 330
9 332
9 355
9 367
9 381
9 384
10 24
10 61
10 215
10 272
10 291
11 5
11 7
11 15
11 59
11 67
11 78
11 81
11 82
11 106
11 119
11 138
11 149
11 157
11 181
11 199
11 242
11 254
11 306
11 307
11 359
11 379
12 30
12 87
12 101
12 123
12 125
12 130
12 132
12 133
12 159
12 249
12 265
12 268
12 273
12 298
12 318
12 369
12 380
12 385
12 387
13 110
13 193
13 228
13 236
13 239
13 261
13 267
13 392
14 58
14 173
14 197
14 230
14 313
14 335
14 398
15 2
15 3
15 6
15 11
15 12
15 18
15 25
15 28
15 35
15 43
15 48
15 50
15 54
15 64
15 66
15 69
15 71
15 83
15 89
15 104
15 107
15 113
15 115
15 146
15 154
15 160
15 162
15 166
15 177
15 180
15 183
15 195
15 196
15 206
15 210
15 211
15 212
15 220
15 223
15 225
15 240
15 246
15 248
15 250
15 252
15 253
15 259
15 269
15 274
15 276
15 280
15 286
15 293
15 305
15 312
15 321
15 329
15 331
15 336
15 340
15 342
15 344
15 346
15 348
15 364
15 366
15 371
15 374
15 375
15 377
15 382
15 388
15 389
15 396
16 60
16 86
16 201
16 203
16 231
16 282
16 303
16 324
16 338
16 362
17 16
17 22
17 32
17 46
17 63
17 90
17 118
17 129
17 137
17 141
17 191
17 216
17 229
17 232
17 245
17 247
17 343
17 360
18 53
18 55
18 57
18 108
18 148
18 258
18 289
18 314
18 373
19 0
19 13
19 42
19 99
19 103
19 170
19 244
19 266
19 319
19 328
19 354
19 365
19 394
