0 1
0 2
0 3
0 4
0 6
0 8
0 9
0 10
0 11
0 14
0 15
0 17
0 18
0 19
0 20
0 22
0 26
0 27
0 28
0 30
0 31
0 32
0 34
0 37
0 38
0 40
0 42
0 43
0 44
0 47
0 48
0 52
0 53
0 54
0 55
0 61
0 66
0 67
0 69
0 70
0 71
0 72
0 73
0 75
0 76
0 80
0 82
0 83
0 84
0 86
0 87
0 90
0 92
0 94
0 95
0 97
0 101
0 102
0 105
0 107
0 108
0 110
0 111
0 112
0 113
0 115
0 116
0 123
0 125
0 126
0 127
0 128
0 129
0 136
0 139
0 141
0 142
0 144
0 146
0 147
0 148
0 149
0 150
0 151
0 154
0 156
0 160
0 161
0 163
0 164
0 165
0 168
0 170
0 172
0 175
0 176
0 179
0 180
0 183
0 186
0 188
0 189
0 190
0 192
0 193
0 195
0 196
0 197
0 198
1 5
1 7
1 21
1 23
1 35
1 36
1 39
1 46
1 49
1 50
1 58
1 59
1 62
1 65
1 74
1 77
1 79
1 85
1 98
1 99
1 100
1 103
1 114
1 117
1 122
1 124
1 132
1 133
1 134
1 135
1 137
1 138
1 140
1 145
1 152
1 173
1 174
1 177
1 178
1 181
1 182
1 184
1 191
1 194
2 0
2 12
2 13
2 16
2 24
2 25
2 29
2 33
2 41
2 45
2 51
2 56
2 57
2 60
2 63
2 64
2 68
2 78
2 81
2 88
2 89
2 91
2 93
2 96
2 104
2 106
2 109
2 118
2 119
2 120
2 121
2 130
2 131
2 143
2 153
2 155
2 157
2 158
2 159
2 162
2 166
2 167
2 169
2 171
2 185
2 187
2 199
