0 0
0 13
0 14
0 15
0 16
0 19
0 20
0 22
0 30
0 31
0 34
0 39
0 40
0 42
0 49
0 56
0 59
0 62
0 63
0 67
0 68
0 70
0 76
0 77
0 81
0 82
0 85
0 87
0 92
0 99
0 101
0 103
0 106
0 108
0 112
0 116
0 119
0 123
0 124
0 125
0 126
0 127
0 128
0 130
0 131
0 132
0 133
0 134
0 136
0 137
0 138
0 140
0 142
0 143
0 144
0 151
0 153
0 155
0 157
0 159
0 163
0 169
0 170
0 171
0 174
0 175
0 178
0 181
0 184
0 185
0 188
0 189
0 190
0 194
0 198
0 199
0 204
0 205
0 208
0 222
0 226
0 227
0 233
0 237
0 242
0 243
0 244
0 245
0 249
0 251
0 254
0 258
0 260
0 266
0 268
0 273
0 275
0 277
0 279
0 281
0 282
0 295
0 298
0 302
0 304
0 306
0 307
0 311
0 314
0 315
0 318
0 319
0 320
0 322
0 323
0 326
0 327
0 328
0 330
0 332
0 352
0 354
0 355
0 356
0 358
0 359
0 360
0 365
0 367
0 369
0 376
0 379
0 380
0 381
0 383
0 384
0 385
0 386
0 387
0 393
1 8
1 9
1 21
1 24
1 26
1 27
1 29
1 33
1 37
1 53
1 55
1 57
1 58
1 60
1 61
1 75
1 86
1 96
1 109
1 147
1 148
1 173
1 197
1 201
1 203
1 207
1 215
1 230
1 231
1 263
1 265
1 272
1 284
1 285
1 288
1 291
1 296
1 303
1 310
1 313
1 324
1 333
1 335
1 338
1 339
1 353
1 362
1 368
1 373
1 378
1 395
1 398
1 399
2 17
2 41
2 84
2 98
2 105
2 110
2 120
2 152
2 172
2 193
2 228
2 236
2 239
2 261
2 267
2 289
2 301
2 316
2 345
2 357
2 392
3 1
3 2
3 3
3 4
3 5
3 6
3 7
3 10
3 11
3 12
3 18
3 23
3 25
3 28
3 32
3 35
3 36
3 38
3 43
3 44
3 45
3 46
3 47
3 48
3 50
3 51
3 52
3 54
3 64
3 65
3 66
3 69
3 71
3 72
3 73
3 74
3 78
3 79
3 80
3 83
3 88
3 89
3 90
3 91
3 93
3 94
3 95
3 97
3 100
3 102
3 104
3 107
3 111
3 113
3 114
3 115
3 117
3 118
3 121
3 122
3 129
3 135
3 139
3 141
3 145
3 146
3 149
3 150
3 154
3 156
3 158
3 160
3 161
3 162
3 164
3 165
3 166
3 167
3 168
3 176
3 177
3 179
3 180
3 182
3 183
3 186
3 187
3 191
3 192
3 195
3 196
3 200
3 202
3 206
3 209
3 210
3 211
3 212
3 213
3 214
3 216
3 217
3 218
3 219
3 220
3 221
3 223
3 224
3 225
3 229
3 232
3 234
3 235
3 238
3 240
3 241
3 246
3 247
3 248
3 250
3 252
3 253
3 255
3 256
3 257
3 259
3 262
3 264
3 269
3 270
3 271
3 274
3 276
3 278
3 280
3 283
3 286
3 287
3 290
3 292
3 293
3 294
3 297
3 299
3 300
3 305
3 308
3 309
3 312
3 317
3 321
3 325
3 329
3 331
3 334
3 336
3 337
3 340
3 341
3 342
3 343
3 344
3 346
3 347
3 348
3 349
3 350
3 351
3 361
3 363
3 364
3 366
3 370
3 371
3 372
3 374
3 375
3 377
3 382
3 388
3 389
3 390
3 391
3 394
3 396
3 397
