0 1
0 2
0 3
0 4
0 6
0 7
0 10
0 11
0 12
0 18
0 23
0 25
0 28
0 32
0 35
0 36
0 38
0 43
0 44
0 45
0 46
0 47
0 48
0 50
0 51
0 52
0 54
0 64
0 65
0 66
0 69
0 71
0 72
0 73
0 74
0 78
0 79
0 80
0 83
0 88
0 89
0 90
0 91
0 93
0 94
0 95
0 97
0 99
0 100
0 102
0 104
0 107
0 111
0 113
0 114
0 115
0 118
0 121
0 122
0 129
0 135
0 139
0 141
0 145
0 146
0 149
0 150
0 154
0 156
0 158
0 160
0 161
0 162
0 164
0 165
0 166
0 167
0 168
0 177
0 179
0 180
0 182
0 183
0 186
0 187
0 191
0 192
0 195
0 196
0 200
0 202
0 206
0 209
0 210
0 211
0 212
0 214
0 216
0 217
0 218
0 219
0 220
0 221
0 223
0 224
0 225
0 229
0 232
0 234
0 235
0 240
0 241
0 246
0 247
0 248
0 250
0 252
0 253
0 255
0 256
0 257
0 259
0 262
0 264
0 269
0 270
0 271
0 274
0 276
0 278
0 280
0 283
0 286
0 287
0 290
0 292
0 293
0 294
0 297
0 299
0 305
0 308
0 309
0 312
0 317
0 321
0 325
0 329
0 331
0 334
0 336
0 337
0 340
0 341
0 342
0 344
0 346
0 347
0 348
0 349
0 351
0 361
0 363
0 364
0 366
0 370
0 371
0 372
0 374
0 375
0 377
0 382
0 388
0 389
0 390
0 391
0 394
0 396
0 397
1 17
1 41
1 84
1 98
1 105
1 110
1 120
1 152
1 172
1 193
1 228
1 236
1 239
1 261
1 267
1 289
1 301
1 316
1 345
1 357
1 392
2 5
2 14
2 15
2 16
2 19
2 20
2 22
2 31
2 40
2 56
2 59
2 62
2 63
2 67
2 68
2 70
2 76
2 77
2 81
2 82
2 85
2 106
2 116
2 117
2 119
2 124
2 126
2 127
2 134
2 136
2 137
2 138
2 140
2 142
2 144
2 151
2 155
2 157
2 163
2 169
2 170
2 171
2 174
2 175
2 176
2 178
2 181
2 184
2 185
2 189
2 194
2 199
2 201
2 205
2 208
2 213
2 222
2 227
2 238
2 242
2 243
2 245
2 251
2 254
2 277
2 279
2 281
2 282
2 295
2 300
2 302
2 304
2 306
2 307
2 314
2 315
2 320
2 323
2 326
2 327
2 330
2 332
2 343
2 350
2 352
2 355
2 356
2 358
2 359
2 360
2 367
2 379
2 381
2 383
2 384
2 386
3 0
3 13
3 30
3 34
3 39
3 42
3 49
3 87
3 92
3 101
3 103
3 123
3 125
3 128
3 130
3 131
3 132
3 133
3 143
3 159
3 188
3 190
3 198
3 204
3 233
3 244
3 249
3 266
3 268
3 273
3 298
3 311
3 318
3 319
3 322
3 328
3 354
3 365
3 369
3 376
3 380
3 385
3 387
3 393
4 8
4 24
4 53
4 55
4 57
4 61
4 108
4 112
4 153
4 215
4 226
4 237
4 258
4 260
4 263
4 272
4 275
4 288
4 291
4 353
4 373
5 9
5 21
5 26
5 27
5 29
5 33
5 37
5 58
5 60
5 75
5 86
5 96
5 109
5 147
5 148
5 173
5 197
5 203
5 207
5 230
5 231
5 265
5 284
5 285
5 296
5 303
5 310
5 313
5 324
5 333
5 335
5 338
5 339
5 362
5 368
5 378
5 395
5 398
5 399
