0 1
0 2
0 3
0 4
0 6
0 10
0 11
0 18
0 23
0 25
0 28
0 35
0 36
0 38
0 44
0 47
0 48
0 50
0 51
0 52
0 54
0 64
0 65
0 66
0 72
0 73
0 74
0 80
0 83
0 89
0 91
0 93
0 94
0 97
0 100
0 102
0 104
0 107
0 111
0 113
0 114
0 115
0 122
0 135
0 145
0 146
0 150
0 156
0 158
0 161
0 162
0 164
0 166
0 177
0 180
0 182
0 183
0 187
0 192
0 195
0 196
0 200
0 202
0 206
0 210
0 211
0 212
0 217
0 218
0 220
0 221
0 223
0 224
0 225
0 234
0 235
0 240
0 246
0 248
0 250
0 252
0 253
0 255
0 256
0 257
0 259
0 262
0 264
0 269
0 270
0 271
0 276
0 278
0 280
0 283
0 287
0 290
0 292
0 293
0 297
0 299
0 305
0 308
0 312
0 317
0 325
0 329
0 331
0 334
0 336
0 337
0 340
0 341
0 342
0 344
0 346
0 347
0 348
0 349
0 351
0 361
0 363
0 364
0 366
0 370
0 371
0 372
0 374
0 377
0 382
0 388
0 389
0 390
0 391
0 396
0 397
1 8
1 24
1 53
1 55
1 57
1 61
1 77
1 108
1 112
1 140
1 153
1 215
1 226
1 237
1 258
1 260
1 263
1 272
1 275
1 288
1 291
1 314
1 320
1 353
1 373
1 383
2 9
2 21
2 26
2 29
2 37
2 58
2 60
2 109
2 147
2 148
2 173
2 197
2 207
2 230
2 285
2 303
2 310
2 313
2 333
2 335
2 339
2 362
2 378
2 395
2 398
2 399
3 98
3 105
3 120
3 152
3 301
4 14
4 20
4 27
4 31
4 33
4 40
4 56
4 62
4 68
4 70
4 75
4 85
4 86
4 96
4 124
4 126
4 127
4 134
4 151
4 155
4 174
4 175
4 190
4 201
4 203
4 208
4 222
4 227
4 231
4 277
4 282
4 284
4 295
4 296
4 304
4 315
4 324
4 326
4 327
4 332
4 338
4 352
4 356
4 367
4 384
4 386
5 17
5 41
5 59
5 84
5 110
5 142
5 172
5 189
5 193
5 228
5 236
5 239
5 243
5 261
5 267
5 281
5 289
5 316
5 323
5 345
5 357
5 358
5 392
6 12
6 32
6 43
6 45
6 46
6 63
6 69
6 71
6 90
6 116
6 117
6 118
6 121
6 129
6 136
6 137
6 139
6 141
6 154
6 160
6 163
6 167
6 168
6 171
6 176
6 178
6 185
6 186
6 191
6 194
6 209
6 213
6 214
6 216
6 219
6 229
6 232
6 238
6 241
6 245
6 247
6 251
6 279
6 286
6 294
6 300
6 302
6 330
6 343
6 350
6 355
6 381
7 30
7 39
7 42
7 87
7 101
7 123
7 125
7 130
7 132
7 133
7 143
7 159
7 244
7 249
7 265
7 268
7 273
7 298
7 311
7 318
7 328
7 368
7 369
7 380
7 385
7 387
8 0
8 5
8 7
8 13
8 15
8 16
8 19
8 22
8 34
8 49
8 67
8 76
8 78
8 79
8 81
8 82
8 88
8 92
8 95
8 99
8 103
8 106
8 119
8 128
8 131
8 138
8 144
8 149
8 157
8 165
8 169
8 170
8 179
8 181
8 184
8 188
8 198
8 199
8 204
8 205
8 233
8 242
8 254
8 266
8 274
8 306
8 307
8 309
8 319
8 321
8 322
8 354
8 359
8 360
8 365
8 375
8 376
8 379
8 393
8 394
