0 7
0 19
0 26
0 31
0 49
0 88
0 93
0 104
0 114
0 141
0 152
0 158
0 163
0 198
1 29
1 38
1 48
1 51
1 60
1 75
1 99
1 103
1 107
1 113
1 118
1 119
1 124
1 126
1 128
1 131
1 153
1 162
1 165
1 167
1 173
1 184
1 187
2 1
2 6
2 42
2 45
2 52
2 53
2 54
2 68
2 100
2 101
2 111
2 142
2 149
2 156
2 183
2 189
2 192
3 2
3 12
3 30
3 32
3 40
3 57
3 106
3 116
3 117
3 140
3 145
3 150
3 161
3 166
3 170
3 175
3 177
4 0
4 21
4 33
4 41
4 56
4 76
4 90
4 102
4 139
4 143
4 148
5 14
5 17
5 18
5 23
5 28
5 71
5 82
5 87
5 91
5 92
5 95
5 125
5 127
5 146
5 147
5 159
5 178
5 180
5 182
5 186
5 195
6 8
6 11
6 15
6 36
6 73
6 74
6 79
6 85
6 86
6 105
6 134
6 155
6 169
6 174
6 185
6 190
6 197
7 4
7 10
7 24
7 25
7 27
7 37
7 58
7 64
7 77
7 109
7 110
7 132
7 160
7 176
7 181
7 194
8 34
8 46
8 47
8 50
8 61
8 81
8 83
8 84
8 89
8 94
8 96
8 108
8 112
8 120
8 130
8 135
8 137
8 144
8 157
8 188
8 191
8 199
9 3
9 13
9 39
9 43
9 55
9 59
9 62
9 63
9 66
9 67
9 69
9 70
9 72
9 78
9 80
9 115
9 122
9 123
9 136
9 151
9 164
10 5
10 9
10 16
10 20
10 22
10 35
10 44
10 65
10 97
10 98
10 121
10 129
10 133
10 138
10 154
10 168
10 171
10 172
10 179
10 193
10 196
