0 47
0 50
0 81
0 83
0 94
0 96
0 112
0 120
0 130
0 135
0 137
0 144
0 188
0 199
1 1
1 14
1 17
1 23
1 42
1 75
1 92
1 113
1 125
1 127
1 147
1 153
1 184
1 187
1 195
2 8
2 15
2 70
2 73
2 74
2 79
2 85
2 86
2 87
2 95
2 105
2 134
2 155
2 169
2 174
2 178
2 180
2 185
2 190
2 197
3 16
3 22
3 63
3 66
3 67
3 69
3 78
3 98
3 107
3 129
3 138
4 3
4 13
4 18
4 28
4 29
4 36
4 39
4 55
4 59
4 72
4 82
4 91
4 115
4 122
4 131
4 136
4 146
4 151
4 165
4 186
5 7
5 19
5 26
5 31
5 49
5 88
5 93
5 104
5 114
5 152
5 158
5 163
5 168
5 198
6 34
6 37
6 43
6 46
6 61
6 84
6 89
6 108
6 123
6 126
6 157
6 162
6 164
6 167
6 171
6 191
7 0
7 21
7 33
7 41
7 56
7 68
7 71
7 76
7 90
7 102
7 139
7 143
7 148
7 149
7 156
7 182
7 189
8 4
8 10
8 11
8 24
8 25
8 27
8 58
8 64
8 77
8 80
8 109
8 132
8 160
8 176
8 181
8 194
9 6
9 12
9 45
9 52
9 53
9 54
9 57
9 101
9 110
9 111
9 117
9 142
9 145
9 183
9 192
10 2
10 30
10 32
10 40
10 106
10 116
10 140
10 141
10 150
10 161
10 166
10 170
10 175
10 177
11 38
11 48
11 51
11 60
11 62
11 99
11 103
11 118
11 119
11 124
11 128
11 173
11 196
12 5
12 9
12 20
12 35
12 44
12 65
12 97
12 100
12 121
12 133
12 154
12 159
12 172
12 179
12 193
