0 7
0 19
0 26
0 31
0 49
0 88
0 93
0 104
0 114
0 141
0 152
0 158
0 163
0 198
1 6
1 10
1 15
1 27
1 53
1 54
1 87
1 109
1 110
1 132
1 140
1 161
1 166
1 177
1 178
1 180
1 183
2 56
2 68
2 71
2 95
2 111
2 148
2 149
2 156
2 182
2 189
2 192
3 8
3 55
3 70
3 73
3 74
3 86
3 105
3 169
4 18
4 36
4 39
4 59
4 82
4 91
4 122
4 127
4 131
4 136
4 146
4 186
4 187
5 2
5 12
5 30
5 32
5 45
5 52
5 57
5 101
5 106
5 116
5 117
5 145
5 150
5 170
5 175
6 5
6 11
6 44
6 48
6 60
6 65
6 97
6 118
6 121
6 133
6 172
6 193
6 196
7 3
7 34
7 47
7 50
7 81
7 83
7 84
7 89
7 94
7 96
7 120
7 130
7 135
7 144
7 188
7 191
7 199
8 14
8 17
8 23
8 29
8 75
8 113
8 125
8 147
8 153
8 159
8 184
8 195
9 0
9 21
9 33
9 41
9 76
9 79
9 85
9 90
9 102
9 134
9 139
9 143
9 174
9 185
9 190
10 1
10 42
10 92
10 100
10 142
10 154
11 9
11 16
11 20
11 22
11 35
11 40
11 51
11 78
11 98
11 103
11 108
11 129
11 138
11 168
11 179
12 38
12 46
12 61
12 99
12 126
12 128
12 157
12 162
12 165
12 167
12 171
12 173
13 62
13 63
13 66
13 67
13 69
13 107
13 112
13 115
13 119
13 124
13 137
13 151
14 13
14 28
14 43
14 72
14 123
14 155
14 164
14 197
15 4
15 24
15 25
15 37
15 58
15 64
15 77
15 80
15 160
15 176
15 181
15 194
