0 2
0 30
0 52
0 106
0 116
0 117
0 142
0 145
0 150
0 170
0 175
1 29
1 75
1 99
1 113
1 118
1 125
1 126
1 131
1 153
1 162
1 165
1 167
1 171
1 173
1 184
2 13
2 34
2 43
2 46
2 61
2 72
2 89
2 123
2 164
2 191
3 21
3 33
3 41
3 56
3 71
3 76
3 90
3 102
3 139
3 143
4 9
4 32
4 35
4 65
4 97
4 159
4 179
4 193
5 4
5 24
5 25
5 37
5 58
5 64
5 77
5 80
5 160
5 176
5 181
5 194
6 7
6 16
6 19
6 20
6 22
6 26
6 40
6 93
6 129
6 138
6 141
6 168
6 198
7 6
7 12
7 15
7 45
7 53
7 54
7 57
7 87
7 101
7 110
7 111
7 178
7 180
7 183
8 8
8 70
8 73
8 74
8 79
8 86
8 105
8 169
9 48
9 51
9 60
9 62
9 63
9 66
9 67
9 69
9 78
9 98
9 103
9 107
9 119
9 124
9 196
10 3
10 18
10 28
10 36
10 39
10 55
10 59
10 82
10 115
10 122
10 136
10 146
10 151
10 186
11 31
11 49
11 88
11 104
11 114
11 152
11 158
11 163
11 172
12 68
12 95
12 148
12 149
12 156
12 182
12 189
12 192
13 5
13 44
13 100
13 121
13 133
13 154
14 11
14 85
14 134
14 155
14 174
14 185
14 190
14 197
15 1
15 14
15 17
15 23
15 42
15 91
15 92
15 127
15 147
15 187
15 195
16 0
16 10
16 27
16 109
16 132
16 140
16 161
16 166
16 177
17 38
17 47
17 50
17 81
17 83
17 84
17 94
17 96
17 108
17 112
17 120
17 128
17 130
17 135
17 137
17 144
17 157
17 188
17 199
