0 5
0 44
0 65
0 97
0 100
0 121
0 133
0 154
0 159
0 193
1 16
1 38
1 46
1 81
1 84
1 89
1 99
1 108
1 112
1 128
1 137
1 138
1 157
2 3
2 18
2 28
2 36
2 39
2 55
2 59
2 82
2 91
2 122
2 127
2 131
2 136
2 146
2 186
3 4
3 9
3 24
3 25
3 32
3 64
3 160
3 181
4 2
4 7
4 19
4 26
4 30
4 40
4 116
4 141
4 150
4 168
5 20
5 22
5 35
5 48
5 51
5 60
5 78
5 98
5 103
5 107
5 118
5 119
5 124
5 129
5 196
6 41
6 68
6 71
6 148
6 149
6 156
6 189
6 192
7 52
7 106
7 117
7 142
7 145
7 170
7 175
8 0
8 21
8 33
8 76
8 85
8 90
8 102
8 134
8 139
8 143
8 174
8 185
8 190
9 8
9 73
9 74
9 79
9 86
9 105
9 155
9 169
10 1
10 14
10 17
10 23
10 42
10 75
10 92
10 113
10 125
10 147
10 153
10 173
10 184
10 187
10 195
11 13
11 29
11 34
11 37
11 43
11 61
11 72
11 123
11 126
11 162
11 164
11 165
11 167
11 171
11 191
11 197
12 6
12 12
12 45
12 53
12 54
12 57
12 101
12 110
12 111
12 183
13 15
13 56
13 87
13 95
13 178
13 180
13 182
14 62
14 63
14 66
14 67
14 69
14 70
14 80
14 115
14 151
15 10
15 11
15 27
15 58
15 77
15 109
15 132
15 140
15 161
15 166
15 176
15 177
15 194
16 93
16 104
16 152
16 179
16 198
17 47
17 50
17 83
17 94
17 96
17 120
17 130
17 135
17 144
17 188
17 199
18 31
18 49
18 88
18 114
18 158
18 163
18 172
