0 2
0 4
0 5
0 7
0 9
0 12
0 16
0 19
0 20
0 22
0 25
0 26
0 30
0 31
0 32
0 35
0 40
0 45
0 48
0 49
0 51
0 52
0 57
0 65
0 67
0 69
0 78
0 88
0 93
0 97
0 98
0 100
0 101
0 103
0 104
0 106
0 110
0 114
0 116
0 117
0 121
0 129
0 133
0 138
0 141
0 142
0 145
0 150
0 152
0 154
0 158
0 159
0 163
0 166
0 168
0 170
0 172
0 175
0 177
0 179
0 183
0 193
0 196
0 198
1 0
1 1
1 3
1 6
1 8
1 10
1 11
1 13
1 14
1 15
1 17
1 18
1 21
1 23
1 24
1 27
1 28
1 29
1 33
1 34
1 36
1 37
1 38
1 39
1 41
1 42
1 43
1 44
1 46
1 47
1 50
1 53
1 54
1 55
1 56
1 58
1 59
1 60
1 61
1 62
1 63
1 64
1 66
1 68
1 70
1 71
1 72
1 73
1 74
1 75
1 76
1 77
1 79
1 80
1 81
1 82
1 83
1 84
1 85
1 86
1 87
1 89
1 90
1 91
1 92
1 94
1 95
1 96
1 99
1 102
1 105
1 107
1 108
1 109
1 111
1 112
1 113
1 115
1 118
1 119
1 120
1 122
1 123
1 124
1 125
1 126
1 127
1 128
1 130
1 131
1 132
1 134
1 135
1 136
1 137
1 139
1 140
1 143
1 144
1 146
1 147
1 148
1 149
1 151
1 153
1 155
1 156
1 157
1 160
1 161
1 162
1 164
1 165
1 167
1 169
1 171
1 173
1 174
1 176
1 178
1 180
1 181
1 182
1 184
1 185
1 186
1 187
1 188
1 189
1 190
1 191
1 192
1 194
1 195
1 197
1 199
