0 47
0 50
0 83
0 94
0 96
0 112
0 120
0 130
0 135
0 137
0 144
0 188
0 199
1 0
1 21
1 33
1 41
1 68
1 90
1 102
1 134
1 139
1 143
1 148
1 149
1 156
1 189
1 192
2 7
2 19
2 26
2 31
2 40
2 49
2 88
2 93
2 104
2 114
2 141
2 152
2 158
2 163
2 198
3 5
3 9
3 44
3 65
3 97
3 121
3 133
3 172
3 179
3 193
4 2
4 10
4 27
4 30
4 109
4 132
4 140
4 161
4 166
4 175
4 177
5 1
5 14
5 17
5 42
5 91
5 92
5 127
5 147
5 187
5 195
6 37
6 38
6 46
6 61
6 81
6 84
6 108
6 157
6 162
6 171
7 13
7 28
7 29
7 43
7 123
7 126
7 165
7 167
8 6
8 12
8 45
8 53
8 54
8 57
8 100
8 101
8 110
8 111
8 154
9 32
9 52
9 106
9 116
9 117
9 142
9 145
9 150
9 170
9 183
10 23
10 56
10 71
10 76
10 95
10 182
11 72
11 85
11 155
11 164
11 174
11 190
11 197
12 11
12 15
12 87
12 169
12 178
12 180
12 185
13 16
13 20
13 22
13 35
13 62
13 63
13 66
13 67
13 69
13 78
13 98
13 129
13 138
13 168
14 34
14 89
14 191
15 75
15 99
15 113
15 125
15 153
15 159
15 173
15 184
16 3
16 18
16 39
16 59
16 82
16 115
16 122
16 131
16 136
16 146
16 151
16 186
17 4
17 24
17 25
17 58
17 64
17 77
17 80
17 160
17 176
17 181
17 194
18 48
18 51
18 60
18 103
18 107
18 118
18 119
18 124
18 128
18 196
19 8
19 36
19 55
19 70
19 73
19 74
19 79
19 86
19 105
