0 4
0 8
0 11
0 13
0 15
0 24
0 25
0 37
0 43
0 58
0 61
0 62
0 64
0 70
0 72
0 73
0 74
0 77
0 79
0 80
0 85
0 86
0 105
0 115
0 123
0 155
0 160
0 164
0 169
0 171
0 174
0 176
0 181
0 185
0 190
0 194
0 197
1 0
1 2
1 6
1 10
1 12
1 21
1 27
1 30
1 32
1 33
1 41
1 45
1 52
1 53
1 54
1 56
1 57
1 68
1 71
1 76
1 87
1 90
1 95
1 100
1 101
1 102
1 106
1 109
1 110
1 111
1 116
1 117
1 132
1 134
1 139
1 140
1 142
1 143
1 145
1 148
1 149
1 150
1 156
1 161
1 166
1 170
1 175
1 177
1 178
1 180
1 182
1 183
1 189
1 192
2 5
2 7
2 9
2 16
2 19
2 20
2 22
2 26
2 31
2 35
2 40
2 44
2 48
2 49
2 51
2 60
2 63
2 65
2 67
2 69
2 78
2 88
2 93
2 97
2 98
2 103
2 104
2 107
2 108
2 114
2 118
2 119
2 121
2 124
2 129
2 133
2 138
2 141
2 152
2 154
2 157
2 158
2 163
2 168
2 172
2 179
2 193
2 196
2 198
3 1
3 3
3 14
3 17
3 18
3 23
3 28
3 29
3 34
3 36
3 38
3 39
3 42
3 46
3 47
3 50
3 55
3 59
3 66
3 75
3 81
3 82
3 83
3 84
3 89
3 91
3 92
3 94
3 96
3 99
3 112
3 113
3 120
3 122
3 125
3 126
3 127
3 128
3 130
3 131
3 135
3 136
3 137
3 144
3 146
3 147
3 151
3 153
3 159
3 162
3 165
3 167
3 173
3 184
3 186
3 187
3 188
3 191
3 195
3 199
