0 31
0 34
0 38
0 46
0 47
0 49
0 50
0 81
0 83
0 84
0 88
0 89
0 93
0 94
0 96
0 99
0 104
0 112
0 114
0 120
0 128
0 130
0 135
0 137
0 144
0 152
0 158
0 163
0 188
0 191
0 198
0 199
1 1
1 5
1 14
1 17
1 23
1 29
1 42
1 44
1 65
1 75
1 92
1 97
1 100
1 113
1 118
1 121
1 125
1 126
1 133
1 147
1 153
1 154
1 159
1 162
1 167
1 171
1 172
1 173
1 184
1 187
1 195
2 3
2 8
2 13
2 15
2 18
2 28
2 36
2 39
2 55
2 59
2 70
2 72
2 73
2 74
2 79
2 80
2 82
2 86
2 87
2 91
2 95
2 105
2 115
2 122
2 123
2 127
2 131
2 136
2 146
2 151
2 155
2 164
2 165
2 169
2 178
2 180
2 186
3 9
3 16
3 20
3 22
3 26
3 35
3 37
3 43
3 48
3 51
3 60
3 61
3 62
3 63
3 66
3 67
3 69
3 78
3 98
3 103
3 107
3 108
3 119
3 124
3 129
3 138
3 157
3 168
3 179
3 193
3 196
4 2
4 4
4 6
4 7
4 10
4 12
4 19
4 24
4 25
4 27
4 30
4 32
4 40
4 45
4 52
4 54
4 57
4 58
4 64
4 77
4 101
4 106
4 109
4 110
4 116
4 117
4 132
4 140
4 141
4 142
4 145
4 150
4 160
4 161
4 166
4 170
4 175
4 176
4 177
4 181
4 183
4 194
5 0
5 11
5 21
5 33
5 41
5 53
5 56
5 68
5 71
5 76
5 85
5 90
5 102
5 111
5 134
5 139
5 143
5 148
5 149
5 156
5 174
5 182
5 185
5 189
5 190
5 192
5 197
