0 13
0 24
0 37
0 43
0 58
0 61
0 62
0 64
0 70
0 72
0 80
0 115
0 123
0 155
0 160
0 164
0 171
0 176
0 181
0 194
0 197
1 7
1 9
1 16
1 20
1 22
1 26
1 31
1 35
1 40
1 44
1 49
1 63
1 65
1 67
1 69
1 78
1 88
1 93
1 97
1 98
1 104
1 114
1 121
1 129
1 133
1 138
1 152
1 154
1 163
1 168
1 172
1 179
1 193
1 198
2 1
2 14
2 17
2 18
2 23
2 28
2 36
2 39
2 42
2 53
2 54
2 56
2 68
2 71
2 76
2 82
2 87
2 91
2 92
2 95
2 111
2 125
2 127
2 136
2 146
2 147
2 149
2 159
2 178
2 180
2 182
2 186
2 189
2 195
3 0
3 8
3 11
3 15
3 21
3 33
3 41
3 55
3 73
3 74
3 79
3 85
3 86
3 90
3 102
3 105
3 134
3 139
3 140
3 143
3 148
3 156
3 161
3 169
3 174
3 185
3 190
4 2
4 4
4 6
4 10
4 12
4 19
4 25
4 27
4 30
4 32
4 45
4 52
4 57
4 77
4 100
4 101
4 106
4 109
4 110
4 116
4 117
4 132
4 141
4 142
4 145
4 150
4 166
4 170
4 175
4 177
4 183
4 192
5 5
5 29
5 38
5 48
5 51
5 59
5 60
5 66
5 75
5 99
5 103
5 107
5 113
5 118
5 119
5 122
5 124
5 126
5 128
5 131
5 153
5 162
5 165
5 167
5 173
5 184
5 187
5 196
6 3
6 34
6 46
6 47
6 50
6 81
6 83
6 84
6 89
6 94
6 96
6 108
6 112
6 120
6 130
6 135
6 137
6 144
6 151
6 157
6 158
6 188
6 191
6 199
