0 20
0 25
0 104
0 105
0 127
0 136
0 161
0 171
0 183
0 189
0 203
0 209
0 210
0 234
0 245
0 284
0 308
0 309
0 311
0 348
0 356
0 385
1 0
1 7
1 33
1 39
1 48
1 66
1 77
1 106
1 110
1 123
1 156
1 170
1 196
1 198
1 229
1 246
1 250
1 258
1 270
1 274
1 296
1 312
1 324
1 330
1 332
1 338
1 339
1 367
1 375
1 377
1 393
1 394
2 2
2 4
2 24
2 43
2 47
2 73
2 91
2 102
2 107
2 117
2 133
2 138
2 143
2 155
2 177
2 178
2 185
2 212
2 218
2 224
2 233
2 256
2 278
2 298
2 300
2 345
2 355
2 366
2 370
2 373
3 18
3 35
3 37
3 38
3 44
3 50
3 51
3 81
3 86
3 87
3 89
3 92
3 125
3 126
3 147
3 152
3 162
3 166
3 169
3 172
3 180
3 181
3 186
3 187
3 192
3 201
3 208
3 213
3 221
3 228
3 241
3 243
3 244
3 247
3 248
3 257
3 261
3 275
3 277
3 280
3 285
3 310
3 318
3 322
3 326
3 334
3 343
3 351
3 357
3 378
3 386
3 390
4 21
4 34
4 36
4 71
4 83
4 94
4 103
4 119
4 124
4 135
4 145
4 146
4 158
4 159
4 160
4 195
4 220
4 225
4 227
4 231
4 238
4 242
4 254
4 259
4 267
4 293
4 297
4 321
4 328
4 342
4 354
4 361
4 382
4 388
4 391
5 1
5 6
5 10
5 27
5 29
5 31
5 56
5 68
5 74
5 111
5 139
5 148
5 150
5 173
5 175
5 188
5 197
5 223
5 251
5 262
5 276
5 282
5 289
5 290
5 299
5 306
5 316
5 327
5 335
5 344
5 349
5 396
6 9
6 62
6 64
6 67
6 72
6 109
6 141
6 157
6 164
6 165
6 174
6 176
6 199
6 204
6 222
6 264
6 266
6 269
6 271
6 281
6 302
6 363
6 364
6 371
6 395
6 399
7 14
7 60
7 63
7 70
7 88
7 90
7 112
7 118
7 120
7 122
7 211
7 215
7 260
7 287
7 292
7 303
7 314
7 337
7 340
7 346
7 352
7 369
7 397
8 3
8 8
8 11
8 16
8 76
8 79
8 80
8 84
8 93
8 96
8 97
8 99
8 130
8 131
8 137
8 149
8 153
8 190
8 200
8 206
8 235
8 252
8 268
8 273
8 286
8 288
8 291
8 305
8 341
8 372
8 379
8 380
8 383
8 384
8 387
9 23
9 26
9 45
9 55
9 58
9 75
9 95
9 98
9 100
9 116
9 134
9 194
9 230
9 232
9 239
9 253
9 272
9 279
9 307
9 331
9 347
10 46
10 52
10 61
10 69
10 82
10 114
10 121
10 140
10 151
10 179
10 193
10 226
10 313
10 325
10 329
10 336
10 353
10 374
10 398
11 5
11 15
11 17
11 28
11 40
11 78
11 85
11 108
11 113
11 128
11 167
11 182
11 202
11 216
11 217
11 263
11 265
11 294
11 295
11 317
11 319
11 320
11 323
11 333
11 360
11 362
11 368
11 376
11 392
12 13
12 19
12 22
12 30
12 42
12 53
12 54
12 57
12 65
12 101
12 144
12 163
12 168
12 184
12 205
12 219
12 236
12 255
12 283
12 304
12 315
12 350
12 365
12 381
13 12
13 32
13 41
13 49
13 59
13 115
13 129
13 132
13 142
13 154
13 191
13 207
13 214
13 237
13 240
13 249
13 301
13 358
13 359
13 389
