0 3
0 8
0 49
0 64
0 76
0 93
0 96
0 109
0 137
0 157
0 174
0 176
0 190
0 199
0 204
0 206
0 252
0 266
0 273
0 281
0 286
0 288
0 302
0 341
0 379
0 383
0 384
0 387
0 399
1 11
1 34
1 36
1 52
1 63
1 88
1 89
1 103
1 122
1 135
1 143
1 145
1 155
1 160
1 162
1 181
1 186
1 195
1 212
1 225
1 232
1 239
1 240
1 257
1 259
1 267
1 270
1 278
1 293
1 303
1 314
1 321
1 337
1 342
1 346
1 352
1 361
1 363
1 382
1 391
2 9
2 21
2 62
2 67
2 72
2 83
2 94
2 99
2 110
2 119
2 124
2 141
2 146
2 153
2 158
2 159
2 164
2 165
2 198
2 222
2 231
2 236
2 238
2 242
2 264
2 269
2 291
2 328
2 332
2 354
2 364
2 371
2 377
2 388
3 18
3 38
3 50
3 51
3 81
3 86
3 87
3 92
3 121
3 126
3 128
3 147
3 166
3 169
3 172
3 192
3 221
3 244
3 248
3 275
3 280
3 285
3 297
3 318
3 322
3 326
3 351
3 357
3 386
4 5
4 15
4 17
4 28
4 40
4 69
4 78
4 108
4 113
4 116
4 127
4 136
4 167
4 189
4 202
4 216
4 245
4 263
4 294
4 295
4 319
4 320
4 323
4 333
4 362
4 368
4 376
4 392
5 7
5 56
5 68
5 73
5 74
5 133
5 200
5 223
5 229
5 250
5 256
5 262
5 268
5 271
5 290
5 296
5 312
5 339
5 349
5 367
5 370
5 395
6 23
6 25
6 26
6 45
6 55
6 58
6 75
6 85
6 95
6 98
6 100
6 130
6 132
6 134
6 194
6 210
6 230
6 249
6 253
6 265
6 272
6 279
6 284
6 307
6 311
6 331
6 347
6 360
6 389
7 2
7 4
7 24
7 35
7 43
7 47
7 71
7 91
7 102
7 105
7 107
7 117
7 138
7 177
7 178
7 185
7 201
7 213
7 218
7 224
7 227
7 233
7 261
7 298
7 300
7 334
7 345
7 355
7 366
7 373
7 378
8 1
8 6
8 10
8 14
8 27
8 29
8 31
8 60
8 61
8 90
8 111
8 118
8 120
8 139
8 148
8 173
8 197
8 211
8 226
8 260
8 276
8 282
8 287
8 289
8 299
8 335
8 340
8 344
8 369
8 397
9 16
9 32
9 79
9 80
9 84
9 97
9 131
9 149
9 182
9 217
9 235
9 305
9 317
9 359
9 372
9 375
9 380
10 12
10 41
10 59
10 115
10 129
10 142
10 154
10 191
10 207
10 214
10 237
10 301
10 358
11 20
11 37
11 44
11 104
11 125
11 152
11 161
11 171
11 180
11 187
11 203
11 208
11 209
11 228
11 234
11 241
11 247
11 277
11 308
11 309
11 310
11 343
11 348
11 356
11 385
11 390
12 13
12 30
12 42
12 53
12 54
12 57
12 65
12 114
12 150
12 151
12 175
12 184
12 188
12 205
12 219
12 220
12 251
12 254
12 255
12 306
12 315
12 316
12 325
12 327
12 396
13 0
13 33
13 39
13 46
13 48
13 66
13 77
13 82
13 106
13 123
13 140
13 156
13 170
13 179
13 183
13 193
13 196
13 246
13 258
13 274
13 292
13 313
13 324
13 329
13 330
13 336
13 338
13 353
13 374
13 393
13 394
13 398
14 19
14 22
14 70
14 101
14 112
14 144
14 163
14 168
14 215
14 243
14 283
14 304
14 350
14 365
14 381
