0 5
0 8
0 11
0 15
0 16
0 28
0 32
0 41
0 46
0 76
0 79
0 80
0 82
0 84
0 85
0 97
0 99
0 108
0 113
0 115
0 119
0 121
0 129
0 130
0 131
0 136
0 149
0 153
0 154
0 182
0 190
0 200
0 202
0 206
0 207
0 214
0 216
0 217
0 227
0 229
0 235
0 237
0 238
0 245
0 263
0 265
0 268
0 271
0 272
0 286
0 291
0 294
0 295
0 296
0 305
0 317
0 323
0 333
0 336
0 339
0 341
0 348
0 354
0 359
0 362
0 364
0 367
0 368
0 372
0 375
0 376
0 379
0 380
0 384
0 392
1 0
1 1
1 2
1 3
1 4
1 6
1 7
1 9
1 10
1 12
1 13
1 14
1 17
1 18
1 19
1 20
1 21
1 22
1 23
1 24
1 25
1 26
1 27
1 29
1 30
1 31
1 33
1 34
1 35
1 36
1 37
1 38
1 39
1 40
1 42
1 43
1 44
1 45
1 47
1 48
1 49
1 50
1 51
1 52
1 53
1 54
1 55
1 56
1 57
1 58
1 59
1 60
1 61
1 62
1 63
1 64
1 65
1 66
1 67
1 68
1 69
1 70
1 71
1 72
1 73
1 74
1 75
1 77
1 78
1 81
1 83
1 86
1 87
1 88
1 89
1 90
1 91
1 92
1 93
1 94
1 95
1 96
1 98
1 100
1 101
1 102
1 103
1 104
1 105
1 106
1 107
1 109
1 110
1 111
1 112
1 114
1 116
1 117
1 118
1 120
1 122
1 123
1 124
1 125
1 126
1 127
1 128
1 132
1 133
1 134
1 135
1 137
1 138
1 139
1 140
1 141
1 142
1 143
1 144
1 145
1 146
1 147
1 148
1 150
1 151
1 152
1 155
1 156
1 157
1 158
1 159
1 160
1 161
1 162
1 163
1 164
1 165
1 166
1 167
1 168
1 169
1 170
1 171
1 172
1 173
1 174
1 175
1 176
1 177
1 178
1 179
1 180
1 181
1 183
1 184
1 185
1 186
1 187
1 188
1 189
1 191
1 192
1 193
1 194
1 195
1 196
1 197
1 198
1 199
1 201
1 203
1 204
1 205
1 208
1 209
1 210
1 211
1 212
1 213
1 215
1 218
1 219
1 220
1 221
1 222
1 223
1 224
1 225
1 226
1 228
1 230
1 231
1 232
1 233
1 234
1 236
1 239
1 240
1 241
1 242
1 243
1 244
1 246
1 247
1 248
1 249
1 250
1 251
1 252
1 253
1 254
1 255
1 256
1 257
1 258
1 259
1 260
1 261
1 262
1 264
1 266
1 267
1 269
1 270
1 273
1 274
1 275
1 276
1 277
1 278
1 279
1 280
1 281
1 282
1 283
1 284
1 285
1 287
1 288
1 289
1 290
1 292
1 293
1 297
1 298
1 299
1 300
1 301
1 302
1 303
1 304
1 306
1 307
1 308
1 309
1 310
1 311
1 312
1 313
1 314
1 315
1 316
1 318
1 319
1 320
1 321
1 322
1 324
1 325
1 326
1 327
1 328
1 329
1 330
1 331
1 332
1 334
1 335
1 337
1 338
1 340
1 342
1 343
1 344
1 345
1 346
1 347
1 349
1 350
1 351
1 352
1 353
1 355
1 356
1 357
1 358
1 360
1 361
1 363
1 365
1 366
1 369
1 370
1 371
1 373
1 374
1 377
1 378
1 381
1 382
1 383
1 385
1 386
1 387
1 388
1 389
1 390
1 391
1 393
1 394
1 395
1 396
1 397
1 398
1 399
