0 0
0 7
0 33
0 34
0 36
0 38
0 39
0 46
0 48
0 52
0 63
0 66
0 69
0 77
0 82
0 86
0 92
0 106
0 121
0 123
0 126
0 140
0 147
0 151
0 156
0 169
0 170
0 179
0 193
0 196
0 229
0 246
0 248
0 250
0 258
0 270
0 274
0 275
0 292
0 296
0 297
0 312
0 313
0 314
0 318
0 324
0 326
0 329
0 330
0 332
0 336
0 338
0 339
0 346
0 352
0 353
0 361
0 367
0 374
0 375
0 377
0 393
0 394
0 398
1 2
1 5
1 15
1 17
1 23
1 24
1 25
1 26
1 40
1 43
1 45
1 55
1 58
1 71
1 75
1 85
1 91
1 95
1 98
1 100
1 103
1 105
1 116
1 117
1 127
1 128
1 132
1 134
1 135
1 136
1 138
1 145
1 160
1 167
1 178
1 183
1 189
1 194
1 195
1 210
1 218
1 224
1 227
1 230
1 232
1 239
1 245
1 249
1 253
1 263
1 265
1 267
1 279
1 284
1 294
1 295
1 298
1 300
1 307
1 311
1 319
1 320
1 323
1 331
1 347
1 348
1 360
1 362
1 366
1 368
1 376
1 389
1 392
2 13
2 18
2 19
2 20
2 22
2 30
2 35
2 37
2 42
2 44
2 50
2 51
2 53
2 54
2 57
2 65
2 70
2 78
2 81
2 87
2 89
2 94
2 101
2 104
2 107
2 112
2 124
2 125
2 144
2 152
2 158
2 159
2 162
2 163
2 166
2 168
2 171
2 172
2 175
2 180
2 184
2 187
2 192
2 201
2 203
2 205
2 208
2 209
2 213
2 215
2 219
2 220
2 221
2 228
2 234
2 236
2 241
2 243
2 244
2 247
2 254
2 255
2 257
2 261
2 277
2 280
2 283
2 285
2 293
2 304
2 308
2 309
2 310
2 315
2 321
2 322
2 334
2 343
2 350
2 351
2 356
2 357
2 365
2 378
2 381
2 382
2 385
2 386
2 390
2 391
3 1
3 3
3 4
3 6
3 8
3 9
3 10
3 11
3 12
3 14
3 16
3 21
3 27
3 28
3 29
3 31
3 32
3 41
3 47
3 49
3 56
3 59
3 60
3 61
3 62
3 64
3 67
3 68
3 72
3 73
3 74
3 76
3 79
3 80
3 83
3 84
3 88
3 90
3 93
3 96
3 97
3 99
3 102
3 108
3 109
3 110
3 111
3 113
3 114
3 115
3 118
3 119
3 120
3 122
3 129
3 130
3 131
3 133
3 137
3 139
3 141
3 142
3 143
3 146
3 148
3 149
3 150
3 153
3 154
3 155
3 157
3 161
3 164
3 165
3 173
3 174
3 176
3 177
3 181
3 182
3 185
3 186
3 188
3 190
3 191
3 197
3 198
3 199
3 200
3 202
3 204
3 206
3 207
3 211
3 212
3 214
3 216
3 217
3 222
3 223
3 225
3 226
3 231
3 233
3 235
3 237
3 238
3 240
3 242
3 251
3 252
3 256
3 259
3 260
3 262
3 264
3 266
3 268
3 269
3 271
3 272
3 273
3 276
3 278
3 281
3 282
3 286
3 287
3 288
3 289
3 290
3 291
3 299
3 301
3 302
3 303
3 305
3 306
3 316
3 317
3 325
3 327
3 328
3 333
3 335
3 337
3 340
3 341
3 342
3 344
3 345
3 349
3 354
3 355
3 358
3 359
3 363
3 364
3 369
3 370
3 371
3 372
3 373
3 379
3 380
3 383
3 384
3 387
3 388
3 395
3 396
3 397
3 399
