0 35
0 37
0 38
0 51
0 73
0 78
0 87
0 89
0 92
0 102
0 107
0 112
0 125
0 143
0 147
0 162
0 166
0 172
0 181
0 186
0 192
0 201
0 208
0 212
0 213
0 225
0 233
0 240
0 243
0 244
0 256
0 257
0 259
0 261
0 285
0 308
0 310
0 318
0 326
0 334
0 337
0 342
0 345
0 357
0 373
0 378
0 386
0 390
1 1
1 6
1 10
1 14
1 19
1 23
1 26
1 27
1 29
1 31
1 45
1 54
1 56
1 57
1 60
1 61
1 63
1 65
1 68
1 70
1 74
1 88
1 90
1 94
1 98
1 101
1 111
1 114
1 118
1 122
1 139
1 144
1 145
1 148
1 150
1 159
1 163
1 168
1 173
1 175
1 184
1 188
1 197
1 205
1 211
1 215
1 219
1 223
1 226
1 230
1 251
1 253
1 260
1 262
1 276
1 282
1 283
1 287
1 289
1 290
1 299
1 303
1 306
1 315
1 316
1 327
1 331
1 335
1 340
1 344
1 346
1 349
1 350
1 365
1 369
1 381
1 396
1 397
2 7
2 9
2 13
2 18
2 20
2 21
2 22
2 30
2 34
2 36
2 42
2 44
2 50
2 53
2 81
2 83
2 96
2 104
2 110
2 120
2 124
2 137
2 141
2 146
2 151
2 152
2 171
2 176
2 180
2 187
2 198
2 203
2 220
2 221
2 228
2 229
2 231
2 234
2 236
2 241
2 242
2 247
2 250
2 254
2 255
2 270
2 273
2 277
2 280
2 293
2 297
2 304
2 309
2 321
2 325
2 328
2 332
2 343
2 351
2 356
2 361
2 377
2 382
2 385
2 388
2 391
3 3
3 11
3 12
3 16
3 24
3 40
3 41
3 43
3 47
3 49
3 58
3 59
3 62
3 64
3 67
3 71
3 72
3 76
3 91
3 93
3 100
3 109
3 115
3 117
3 129
3 130
3 132
3 133
3 134
3 138
3 142
3 154
3 155
3 157
3 160
3 164
3 165
3 174
3 178
3 185
3 190
3 191
3 194
3 195
3 199
3 200
3 204
3 207
3 214
3 222
3 224
3 227
3 237
3 249
3 252
3 264
3 266
3 269
3 271
3 272
3 278
3 281
3 286
3 288
3 298
3 300
3 301
3 302
3 319
3 341
3 358
3 359
3 363
3 364
3 366
3 370
3 371
3 379
3 383
3 384
3 387
3 389
3 395
3 399
4 0
4 25
4 28
4 33
4 39
4 46
4 48
4 52
4 66
4 69
4 77
4 82
4 86
4 106
4 121
4 123
4 126
4 128
4 140
4 156
4 169
4 170
4 179
4 183
4 193
4 196
4 246
4 248
4 258
4 274
4 275
4 292
4 312
4 313
4 314
4 322
4 324
4 329
4 330
4 336
4 338
4 352
4 353
4 367
4 374
4 375
4 393
4 394
4 398
5 2
5 4
5 5
5 8
5 15
5 17
5 32
5 55
5 75
5 79
5 80
5 84
5 85
5 95
5 97
5 99
5 103
5 105
5 108
5 113
5 116
5 119
5 127
5 131
5 135
5 136
5 149
5 153
5 158
5 161
5 167
5 177
5 182
5 189
5 202
5 206
5 209
5 210
5 216
5 217
5 218
5 232
5 235
5 238
5 239
5 245
5 263
5 265
5 267
5 268
5 279
5 284
5 291
5 294
5 295
5 296
5 305
5 307
5 311
5 317
5 320
5 323
5 333
5 339
5 347
5 348
5 354
5 355
5 360
5 362
5 368
5 372
5 376
5 380
5 392
