0 25
0 35
0 53
0 109
0 131
0 136
0 172
0 183
0 215
0 242
0 253
0 259
0 282
0 287
0 314
0 337
0 338
0 350
0 361
0 382
0 390
0 399
1 3
1 22
1 32
1 49
1 54
1 56
1 89
1 94
1 118
1 119
1 161
1 164
1 167
1 179
1 227
1 230
1 261
1 267
1 288
1 334
1 339
1 364
2 2
2 6
2 17
2 18
2 19
2 24
2 59
2 62
2 113
2 115
2 120
2 122
2 134
2 137
2 140
2 143
2 150
2 153
2 176
2 177
2 188
2 201
2 214
2 222
2 231
2 235
2 249
2 252
2 258
2 263
2 268
2 269
2 275
2 276
2 294
2 297
2 304
2 310
2 322
2 348
2 370
2 380
2 381
2 393
3 8
3 52
3 71
3 80
3 93
3 96
3 104
3 106
3 108
3 139
3 148
3 149
3 158
3 193
3 196
3 264
3 296
3 307
3 308
3 318
3 359
3 372
3 391
4 20
4 37
4 45
4 47
4 77
4 79
4 87
4 91
4 92
4 111
4 126
4 128
4 129
4 135
4 142
4 144
4 147
4 156
4 197
4 213
4 218
4 221
4 226
4 247
4 256
4 274
4 279
4 302
4 303
4 333
4 363
4 376
5 0
5 7
5 9
5 30
5 33
5 36
5 51
5 63
5 68
5 70
5 88
5 103
5 117
5 168
5 173
5 175
5 187
5 200
5 219
5 223
5 233
5 243
5 260
5 271
5 285
5 289
5 291
5 298
5 315
5 327
5 329
5 335
5 341
5 346
5 354
5 362
5 365
5 366
5 374
5 398
6 4
6 5
6 10
6 11
6 12
6 13
6 15
6 28
6 29
6 31
6 34
6 39
6 41
6 42
6 44
6 46
6 48
6 50
6 57
6 61
6 67
6 69
6 72
6 73
6 76
6 78
6 81
6 86
6 97
6 101
6 102
6 105
6 107
6 116
6 121
6 138
6 145
6 151
6 154
6 155
6 159
6 165
6 171
6 181
6 191
6 192
6 195
6 199
6 202
6 204
6 206
6 208
6 209
6 210
6 216
6 217
6 228
6 232
6 238
6 240
6 244
6 250
6 251
6 255
6 257
6 273
6 277
6 278
6 286
6 295
6 299
6 301
6 305
6 306
6 309
6 313
6 316
6 319
6 323
6 331
6 332
6 336
6 340
6 342
6 343
6 347
6 352
6 356
6 357
6 367
6 371
6 373
6 375
6 378
6 379
6 384
6 386
6 387
7 38
7 64
7 65
7 90
7 98
7 110
7 114
7 125
7 157
7 186
7 203
7 236
7 245
7 248
7 311
7 320
7 324
7 328
7 349
7 353
7 369
7 392
7 394
8 14
8 16
8 26
8 58
8 75
8 82
8 83
8 100
8 127
8 152
8 163
8 166
8 169
8 170
8 178
8 194
8 207
8 225
8 237
8 241
8 246
8 272
8 280
8 355
8 358
8 360
8 385
8 396
9 1
9 40
9 74
9 84
9 95
9 123
9 133
9 160
9 184
9 190
9 205
9 229
9 284
9 330
9 345
9 351
10 23
10 27
10 60
10 112
10 132
10 141
10 146
10 198
10 212
10 220
10 234
10 262
10 265
10 266
10 270
10 281
10 292
10 293
10 300
10 317
10 321
10 325
10 344
10 368
10 383
10 397
11 21
11 43
11 55
11 66
11 85
11 99
11 124
11 130
11 162
11 174
11 180
11 182
11 185
11 189
11 211
11 224
11 239
11 254
11 283
11 290
11 312
11 326
11 377
11 388
11 389
11 395
