0 17
0 18
0 23
0 24
0 27
0 52
0 62
0 113
0 115
0 120
0 122
0 134
0 137
0 146
0 150
0 153
0 176
0 177
0 188
0 198
0 214
0 222
0 231
0 249
0 252
0 263
0 266
0 268
0 269
0 273
0 275
0 276
0 297
0 300
0 304
0 310
0 321
0 322
0 325
0 348
0 370
0 380
0 381
1 10
1 15
1 28
1 39
1 42
1 57
1 72
1 75
1 78
1 81
1 89
1 93
1 94
1 97
1 121
1 140
1 161
1 178
1 181
1 196
1 199
1 210
1 216
1 225
1 232
1 258
1 261
1 278
1 286
1 299
1 305
1 313
1 319
1 332
1 334
1 342
1 357
1 371
1 382
1 387
2 9
2 21
2 33
2 35
2 36
2 43
2 55
2 63
2 66
2 68
2 70
2 71
2 77
2 88
2 96
2 103
2 104
2 106
2 130
2 156
2 157
2 158
2 174
2 175
2 180
2 197
2 211
2 213
2 219
2 223
2 233
2 238
2 239
2 243
2 254
2 260
2 264
2 265
2 271
2 279
2 285
2 291
2 298
2 307
2 308
2 315
2 326
2 329
2 335
2 388
2 391
2 393
2 398
3 25
3 51
3 53
3 59
3 109
3 117
3 136
3 172
3 187
3 200
3 253
3 337
3 346
3 354
3 361
3 365
3 399
4 0
4 29
4 45
4 85
4 128
4 135
4 183
4 189
4 201
4 242
4 247
4 259
4 314
4 338
4 367
4 378
5 16
5 91
5 100
5 127
5 163
5 166
5 207
5 235
5 237
5 241
5 272
5 280
5 287
5 302
5 355
5 358
5 360
5 385
5 396
6 2
6 99
6 124
6 149
6 162
6 182
6 193
6 224
6 236
6 283
6 290
6 294
6 311
6 312
6 377
6 389
6 395
7 6
7 11
7 12
7 13
7 14
7 20
7 22
7 26
7 31
7 37
7 47
7 58
7 67
7 79
7 82
7 83
7 87
7 92
7 111
7 116
7 126
7 129
7 131
7 142
7 143
7 144
7 147
7 152
7 155
7 170
7 179
7 185
7 194
7 195
7 202
7 206
7 209
7 218
7 221
7 226
7 244
7 246
7 255
7 256
7 274
7 277
7 303
7 333
7 340
7 347
7 350
7 352
7 363
7 364
7 376
7 379
7 390
8 4
8 8
8 50
8 60
8 74
8 80
8 84
8 108
8 112
8 123
8 132
8 133
8 139
8 141
8 148
8 151
8 160
8 164
8 184
8 190
8 191
8 212
8 217
8 220
8 229
8 234
8 250
8 251
8 262
8 267
8 270
8 281
8 284
8 288
8 292
8 293
8 296
8 301
8 306
8 317
8 318
8 339
8 344
8 356
8 359
8 368
8 372
8 383
8 384
8 386
8 397
9 3
9 32
9 49
9 54
9 56
9 118
9 119
9 167
9 169
9 227
9 230
10 34
10 41
10 48
10 86
10 138
10 165
10 171
10 173
10 204
10 257
10 323
10 341
10 343
10 353
11 1
11 7
11 19
11 30
11 40
11 69
11 95
11 101
11 107
11 145
11 154
11 159
11 168
11 192
11 205
11 208
11 215
11 228
11 282
11 289
11 295
11 309
11 330
11 331
11 336
11 345
11 351
11 362
11 366
11 373
11 374
11 375
12 5
12 38
12 44
12 46
12 61
12 64
12 65
12 73
12 76
12 90
12 98
12 102
12 105
12 110
12 114
12 125
12 186
12 203
12 240
12 245
12 248
12 316
12 320
12 324
12 327
12 328
12 349
12 369
12 392
12 394
