0 3
0 4
0 42
0 72
0 81
0 116
0 119
0 121
0 167
0 204
0 216
0 227
0 277
0 323
0 356
1 10
1 15
1 39
1 57
1 78
1 97
1 140
1 181
1 199
1 210
1 217
1 232
1 273
1 286
1 299
1 305
1 313
1 319
1 342
1 357
1 371
1 382
2 0
2 14
2 22
2 26
2 32
2 49
2 54
2 56
2 58
2 67
2 85
2 100
2 127
2 152
2 163
2 169
2 170
2 173
2 178
2 179
2 189
2 191
2 230
2 244
2 267
2 306
2 341
2 355
2 364
2 379
2 386
3 38
3 55
3 64
3 65
3 86
3 98
3 99
3 114
3 125
3 157
3 182
3 203
3 224
3 236
3 245
3 248
3 283
3 290
3 311
3 312
3 320
3 324
3 349
3 353
3 369
3 395
4 30
4 33
4 36
4 43
4 63
4 66
4 68
4 70
4 88
4 130
4 168
4 174
4 175
4 200
4 211
4 219
4 223
4 233
4 243
4 260
4 271
4 285
4 289
4 291
4 298
4 315
4 326
4 329
4 335
4 346
4 354
4 365
4 366
4 374
4 398
5 7
5 34
5 41
5 48
5 69
5 101
5 138
5 159
5 171
5 192
5 208
5 228
5 257
5 309
5 316
5 331
5 336
5 362
5 373
6 5
6 9
6 13
6 29
6 44
6 46
6 61
6 73
6 76
6 90
6 102
6 105
6 110
6 151
6 186
6 218
6 251
6 253
6 255
6 301
6 303
6 327
6 328
6 347
6 352
6 367
6 375
6 387
6 392
6 394
6 399
7 1
7 21
7 40
7 71
7 74
7 84
7 95
7 96
7 104
7 106
7 112
7 123
7 133
7 141
7 154
7 158
7 160
7 162
7 180
7 184
7 185
7 190
7 205
7 220
7 229
7 238
7 239
7 240
7 254
7 262
7 284
7 308
7 317
7 330
7 344
7 345
7 351
7 388
7 389
7 391
7 397
8 16
8 28
8 75
8 83
8 89
8 94
8 118
8 161
8 164
8 194
8 225
8 237
8 258
8 261
8 278
8 280
8 332
8 334
8 339
9 11
9 23
9 24
9 27
9 50
9 60
9 132
9 146
9 155
9 165
9 188
9 195
9 198
9 206
9 209
9 212
9 214
9 234
9 264
9 265
9 266
9 270
9 281
9 288
9 292
9 293
9 295
9 297
9 300
9 321
9 325
9 348
9 368
9 384
10 19
10 25
10 35
10 51
10 53
10 77
10 91
10 103
10 107
10 109
10 111
10 117
10 131
10 136
10 145
10 156
10 166
10 172
10 183
10 187
10 207
10 213
10 215
10 241
10 242
10 259
10 272
10 279
10 282
10 287
10 302
10 314
10 337
10 338
10 340
10 343
10 350
10 358
10 360
10 361
10 378
10 385
10 390
10 396
11 20
11 37
11 45
11 47
11 79
11 82
11 87
11 92
11 126
11 128
11 129
11 135
11 142
11 144
11 147
11 197
11 221
11 226
11 246
11 247
11 256
11 274
11 333
11 363
11 376
12 8
12 12
12 31
12 52
12 80
12 93
12 108
12 139
12 148
12 149
12 193
12 196
12 202
12 250
12 296
12 307
12 318
12 359
12 372
13 2
13 6
13 17
13 18
13 59
13 62
13 113
13 115
13 120
13 122
13 124
13 134
13 137
13 143
13 150
13 153
13 176
13 177
13 201
13 222
13 231
13 235
13 249
13 252
13 263
13 268
13 269
13 275
13 276
13 294
13 304
13 310
13 322
13 370
13 377
13 380
13 381
13 383
13 393
