0 13
0 14
0 20
0 22
0 26
0 47
0 56
0 67
0 82
0 87
0 91
0 92
0 111
0 119
0 129
0 144
0 167
0 179
0 197
0 213
0 218
0 221
0 226
0 244
0 246
0 256
0 274
0 302
0 303
0 333
0 340
0 352
0 358
0 363
0 364
0 376
1 0
1 7
1 11
1 43
1 85
1 99
1 101
1 124
1 174
1 182
1 185
1 189
1 192
1 211
1 224
1 228
1 243
1 255
1 290
1 309
1 312
1 316
1 349
1 362
1 374
1 378
2 8
2 12
2 31
2 46
2 61
2 73
2 76
2 80
2 93
2 102
2 105
2 108
2 110
2 139
2 148
2 149
2 164
2 178
2 193
2 196
2 202
2 250
2 267
2 296
2 307
2 318
2 327
2 359
2 372
2 379
3 1
3 40
3 74
3 84
3 95
3 123
3 133
3 184
3 190
3 205
3 229
3 284
3 330
3 345
3 351
4 9
4 30
4 33
4 36
4 63
4 66
4 68
4 70
4 88
4 103
4 130
4 150
4 156
4 157
4 168
4 175
4 200
4 203
4 219
4 223
4 233
4 260
4 271
4 279
4 285
4 289
4 291
4 298
4 315
4 326
4 329
4 335
4 341
4 346
4 365
4 366
4 393
4 398
5 10
5 15
5 28
5 39
5 42
5 57
5 72
5 78
5 89
5 94
5 97
5 121
5 140
5 161
5 181
5 199
5 216
5 217
5 261
5 278
5 286
5 288
5 305
5 313
5 319
5 332
5 334
5 339
5 342
5 357
5 371
5 382
6 4
6 29
6 34
6 41
6 44
6 48
6 50
6 81
6 86
6 116
6 138
6 151
6 154
6 155
6 165
6 171
6 173
6 191
6 195
6 204
6 206
6 209
6 210
6 232
6 240
6 257
6 277
6 299
6 301
6 323
6 343
6 353
6 356
6 373
6 384
6 386
6 387
6 394
7 23
7 60
7 112
7 132
7 141
7 160
7 198
7 220
7 234
7 262
7 265
7 270
7 281
7 292
7 317
7 321
7 344
7 368
7 383
7 397
8 19
8 35
8 58
8 77
8 107
8 113
8 122
8 131
8 145
8 152
8 170
8 183
8 215
8 241
8 252
8 258
8 259
8 282
8 287
8 295
8 314
8 338
8 347
8 350
8 390
9 2
9 6
9 17
9 18
9 24
9 27
9 52
9 59
9 62
9 115
9 120
9 134
9 137
9 143
9 146
9 153
9 176
9 177
9 188
9 214
9 222
9 231
9 235
9 249
9 263
9 266
9 268
9 269
9 273
9 275
9 276
9 283
9 294
9 297
9 300
9 304
9 310
9 322
9 325
9 348
9 370
9 377
9 380
9 381
10 51
10 69
10 117
10 136
10 159
10 187
10 208
10 331
10 336
10 354
10 375
11 3
11 5
11 25
11 53
11 54
11 109
11 118
11 172
11 201
11 227
11 230
11 242
11 251
11 253
11 306
11 337
11 361
11 367
11 399
12 16
12 32
12 49
12 75
12 83
12 100
12 127
12 163
12 166
12 169
12 194
12 207
12 225
12 237
12 272
12 280
12 355
12 360
12 385
12 396
13 21
13 38
13 55
13 64
13 65
13 71
13 90
13 96
13 98
13 104
13 106
13 114
13 125
13 158
13 162
13 180
13 186
13 212
13 236
13 238
13 239
13 245
13 248
13 254
13 264
13 293
13 308
13 311
13 320
13 324
13 328
13 369
13 388
13 389
13 391
13 392
13 395
14 37
14 45
14 79
14 126
14 128
14 135
14 142
14 147
14 247
