0 2
0 6
0 17
0 18
0 23
0 24
0 27
0 52
0 59
0 62
0 113
0 115
0 120
0 122
0 124
0 134
0 137
0 143
0 146
0 150
0 153
0 176
0 177
0 188
0 198
0 214
0 222
0 231
0 235
0 249
0 252
0 258
0 262
0 263
0 266
0 268
0 269
0 275
0 276
0 283
0 294
0 297
0 300
0 304
0 307
0 310
0 321
0 322
0 325
0 348
0 368
0 370
0 377
0 380
0 381
0 383
0 393
1 0
1 3
1 22
1 25
1 29
1 34
1 37
1 41
1 45
1 47
1 48
1 51
1 53
1 54
1 56
1 67
1 69
1 79
1 85
1 101
1 109
1 117
1 118
1 126
1 128
1 135
1 136
1 138
1 142
1 147
1 159
1 165
1 167
1 171
1 172
1 173
1 179
1 187
1 189
1 192
1 201
1 204
1 208
1 226
1 227
1 228
1 230
1 242
1 244
1 247
1 253
1 257
1 274
1 323
1 331
1 336
1 337
1 341
1 343
1 356
1 361
1 363
1 364
1 365
1 367
1 374
1 375
1 378
1 394
1 399
2 14
2 16
2 32
2 49
2 58
2 75
2 82
2 83
2 91
2 92
2 100
2 111
2 127
2 131
2 152
2 163
2 166
2 169
2 194
2 207
2 225
2 237
2 241
2 246
2 256
2 272
2 280
2 287
2 302
2 303
2 333
2 340
2 350
2 355
2 358
2 360
2 385
2 390
2 396
3 10
3 15
3 19
3 28
3 35
3 39
3 42
3 44
3 57
3 72
3 77
3 78
3 81
3 89
3 94
3 97
3 105
3 107
3 121
3 140
3 145
3 156
3 161
3 181
3 183
3 199
3 210
3 213
3 215
3 216
3 217
3 232
3 259
3 261
3 273
3 278
3 279
3 282
3 286
3 295
3 299
3 305
3 313
3 314
3 319
3 332
3 334
3 338
3 339
3 342
3 357
3 371
3 382
3 387
4 1
4 4
4 5
4 7
4 8
4 9
4 11
4 12
4 13
4 20
4 21
4 26
4 30
4 31
4 33
4 36
4 38
4 40
4 43
4 46
4 50
4 55
4 60
4 61
4 63
4 64
4 65
4 66
4 68
4 70
4 71
4 73
4 74
4 76
4 80
4 84
4 86
4 87
4 88
4 90
4 93
4 95
4 96
4 98
4 99
4 102
4 103
4 104
4 106
4 108
4 110
4 112
4 114
4 116
4 119
4 123
4 125
4 129
4 130
4 132
4 133
4 139
4 141
4 144
4 148
4 149
4 151
4 154
4 155
4 157
4 158
4 160
4 162
4 164
4 168
4 170
4 174
4 175
4 178
4 180
4 182
4 184
4 185
4 186
4 190
4 191
4 193
4 195
4 196
4 197
4 200
4 202
4 203
4 205
4 206
4 209
4 211
4 212
4 218
4 219
4 220
4 221
4 223
4 224
4 229
4 233
4 234
4 236
4 238
4 239
4 240
4 243
4 245
4 248
4 250
4 251
4 254
4 255
4 260
4 264
4 265
4 267
4 270
4 271
4 277
4 281
4 284
4 285
4 288
4 289
4 290
4 291
4 292
4 293
4 296
4 298
4 301
4 306
4 308
4 309
4 311
4 312
4 315
4 316
4 317
4 318
4 320
4 324
4 326
4 327
4 328
4 329
4 330
4 335
4 344
4 345
4 346
4 347
4 349
4 351
4 352
4 353
4 354
4 359
4 362
4 366
4 369
4 372
4 373
4 376
4 379
4 384
4 386
4 388
4 389
4 391
4 392
4 395
4 397
4 398
