0 18
0 23
0 24
0 27
0 46
0 50
0 60
0 61
0 62
0 73
0 76
0 90
0 102
0 105
0 112
0 113
0 115
0 120
0 122
0 132
0 134
0 137
0 141
0 146
0 150
0 151
0 153
0 176
0 177
0 188
0 191
0 198
0 214
0 220
0 222
0 231
0 234
0 249
0 252
0 258
0 262
0 263
0 265
0 266
0 268
0 269
0 270
0 275
0 276
0 281
0 292
0 297
0 300
0 304
0 310
0 317
0 321
0 322
0 325
0 327
0 344
0 348
0 368
0 370
0 373
0 380
0 381
0 383
0 384
0 393
0 397
1 0
1 3
1 19
1 25
1 29
1 34
1 35
1 41
1 48
1 51
1 53
1 69
1 101
1 107
1 109
1 116
1 117
1 136
1 138
1 145
1 154
1 159
1 171
1 172
1 183
1 187
1 192
1 201
1 204
1 208
1 215
1 227
1 228
1 235
1 242
1 253
1 257
1 259
1 277
1 282
1 295
1 309
1 314
1 316
1 323
1 331
1 336
1 337
1 338
1 343
1 356
1 358
1 361
1 367
1 374
1 375
1 378
1 399
2 2
2 4
2 6
2 8
2 17
2 21
2 22
2 31
2 38
2 52
2 55
2 56
2 64
2 65
2 67
2 71
2 80
2 89
2 93
2 96
2 98
2 99
2 104
2 106
2 108
2 110
2 114
2 119
2 124
2 125
2 139
2 148
2 149
2 158
2 162
2 164
2 165
2 167
2 178
2 179
2 180
2 182
2 186
2 193
2 196
2 202
2 212
2 224
2 236
2 239
2 240
2 248
2 250
2 254
2 264
2 267
2 283
2 288
2 290
2 293
2 294
2 296
2 301
2 307
2 308
2 311
2 312
2 318
2 320
2 324
2 328
2 353
2 359
2 364
2 369
2 372
2 377
2 379
2 388
2 389
2 391
2 392
2 394
2 395
3 10
3 15
3 28
3 39
3 42
3 57
3 72
3 75
3 78
3 81
3 97
3 121
3 140
3 181
3 199
3 210
3 216
3 217
3 225
3 232
3 273
3 278
3 286
3 299
3 305
3 313
3 319
3 332
3 339
3 342
3 357
3 371
3 382
3 387
4 1
4 5
4 11
4 12
4 13
4 14
4 16
4 26
4 32
4 37
4 40
4 44
4 45
4 47
4 49
4 58
4 74
4 79
4 82
4 83
4 84
4 85
4 87
4 91
4 92
4 94
4 95
4 100
4 111
4 123
4 126
4 127
4 128
4 129
4 131
4 133
4 135
4 142
4 143
4 144
4 147
4 152
4 155
4 160
4 161
4 163
4 166
4 169
4 170
4 184
4 185
4 189
4 190
4 194
4 195
4 205
4 206
4 207
4 209
4 218
4 221
4 226
4 229
4 237
4 238
4 241
4 244
4 245
4 246
4 247
4 251
4 255
4 256
4 261
4 272
4 274
4 280
4 284
4 287
4 302
4 303
4 306
4 330
4 333
4 340
4 345
4 347
4 349
4 350
4 351
4 352
4 355
4 360
4 363
4 376
4 385
4 386
4 390
4 396
5 7
5 9
5 20
5 30
5 33
5 36
5 43
5 54
5 59
5 63
5 66
5 68
5 70
5 77
5 86
5 88
5 103
5 118
5 130
5 156
5 157
5 168
5 173
5 174
5 175
5 197
5 200
5 203
5 211
5 213
5 219
5 223
5 230
5 233
5 243
5 260
5 271
5 279
5 285
5 289
5 291
5 298
5 315
5 326
5 329
5 334
5 335
5 341
5 346
5 354
5 362
5 365
5 366
5 398
