0 1
0 40
0 41
0 74
0 84
0 95
0 123
0 133
0 141
0 154
0 160
0 184
0 190
0 204
0 205
0 220
0 229
0 262
0 284
0 317
0 330
0 345
0 351
0 383
0 397
1 0
1 4
1 7
1 30
1 33
1 34
1 36
1 43
1 48
1 50
1 51
1 60
1 63
1 66
1 68
1 69
1 70
1 86
1 88
1 99
1 101
1 103
1 112
1 116
1 117
1 138
1 157
1 159
1 168
1 174
1 175
1 182
1 187
1 192
1 195
1 200
1 203
1 208
1 211
1 219
1 223
1 224
1 228
1 233
1 234
1 238
1 243
1 260
1 265
1 270
1 271
1 277
1 281
1 289
1 290
1 291
1 292
1 298
1 312
1 315
1 316
1 326
1 329
1 331
1 335
1 336
1 341
1 344
1 346
1 354
1 356
1 362
1 365
1 366
1 368
1 373
1 374
1 375
1 384
1 398
2 5
2 11
2 13
2 14
2 20
2 22
2 26
2 29
2 32
2 37
2 38
2 44
2 45
2 47
2 49
2 54
2 56
2 58
2 65
2 67
2 79
2 82
2 83
2 85
2 87
2 92
2 98
2 111
2 114
2 119
2 126
2 128
2 129
2 132
2 135
2 142
2 144
2 147
2 151
2 152
2 155
2 165
2 167
2 169
2 170
2 171
2 179
2 185
2 189
2 191
2 197
2 206
2 209
2 218
2 221
2 226
2 230
2 244
2 245
2 246
2 247
2 251
2 255
2 256
2 257
2 274
2 288
2 293
2 295
2 303
2 306
2 323
2 333
2 340
2 347
2 349
2 352
2 363
2 364
2 367
2 376
2 378
2 386
3 21
3 55
3 71
3 96
3 104
3 106
3 130
3 158
3 162
3 180
3 212
3 236
3 239
3 254
3 264
3 307
3 308
3 311
3 388
3 389
3 391
3 395
4 8
4 9
4 12
4 31
4 46
4 61
4 64
4 73
4 76
4 80
4 90
4 93
4 102
4 105
4 108
4 110
4 125
4 139
4 148
4 149
4 164
4 173
4 178
4 186
4 193
4 196
4 202
4 210
4 232
4 240
4 248
4 250
4 267
4 285
4 296
4 299
4 301
4 309
4 318
4 320
4 324
4 327
4 328
4 353
4 359
4 369
4 372
4 379
4 387
4 392
4 394
5 16
5 19
5 25
5 35
5 53
5 77
5 91
5 100
5 107
5 109
5 122
5 127
5 131
5 136
5 145
5 156
5 163
5 166
5 172
5 183
5 201
5 207
5 213
5 215
5 235
5 237
5 241
5 242
5 253
5 259
5 272
5 279
5 282
5 287
5 302
5 314
5 337
5 338
5 343
5 350
5 355
5 358
5 360
5 361
5 380
5 385
5 390
5 396
5 399
6 2
6 6
6 17
6 18
6 23
6 24
6 27
6 52
6 59
6 62
6 113
6 115
6 120
6 124
6 134
6 137
6 143
6 146
6 150
6 153
6 176
6 177
6 188
6 198
6 214
6 222
6 231
6 249
6 252
6 258
6 263
6 266
6 268
6 269
6 273
6 275
6 276
6 283
6 294
6 297
6 300
6 304
6 310
6 321
6 322
6 325
6 348
6 370
6 377
6 381
6 393
7 3
7 10
7 15
7 28
7 39
7 42
7 57
7 72
7 75
7 78
7 81
7 89
7 94
7 97
7 118
7 121
7 140
7 161
7 181
7 194
7 199
7 216
7 217
7 225
7 227
7 261
7 278
7 280
7 286
7 305
7 313
7 319
7 332
7 334
7 339
7 342
7 357
7 371
7 382
