0 0
0 4
0 7
0 11
0 12
0 30
0 33
0 34
0 36
0 38
0 43
0 48
0 50
0 51
0 65
0 68
0 69
0 70
0 85
0 86
0 98
0 99
0 101
0 103
0 107
0 114
0 116
0 117
0 138
0 145
0 151
0 154
0 155
0 157
0 159
0 165
0 168
0 173
0 174
0 175
0 182
0 185
0 187
0 189
0 192
0 195
0 200
0 203
0 206
0 208
0 211
0 215
0 219
0 223
0 224
0 228
0 233
0 238
0 243
0 245
0 255
0 257
0 260
0 271
0 277
0 282
0 289
0 290
0 295
0 298
0 309
0 312
0 315
0 326
0 331
0 335
0 336
0 346
0 349
0 354
0 356
0 362
0 365
0 366
0 367
0 373
0 374
0 375
0 378
0 384
0 386
0 398
1 2
1 6
1 17
1 18
1 19
1 23
1 24
1 27
1 59
1 62
1 66
1 113
1 115
1 120
1 124
1 134
1 137
1 146
1 150
1 153
1 176
1 177
1 188
1 214
1 222
1 231
1 249
1 252
1 258
1 263
1 266
1 268
1 269
1 273
1 275
1 276
1 283
1 294
1 297
1 300
1 304
1 310
1 321
1 322
1 325
1 348
1 370
1 377
1 393
2 1
2 40
2 60
2 74
2 84
2 95
2 112
2 123
2 132
2 133
2 141
2 160
2 184
2 190
2 198
2 205
2 220
2 229
2 234
2 262
2 265
2 270
2 281
2 284
2 292
2 317
2 330
2 344
2 345
2 351
2 368
2 383
2 397
3 5
3 9
3 29
3 44
3 46
3 61
3 63
3 64
3 73
3 76
3 88
3 90
3 102
3 105
3 110
3 125
3 186
3 240
3 248
3 251
3 253
3 285
3 291
3 316
3 324
3 327
3 328
3 329
3 341
3 352
3 353
3 369
3 392
3 399
4 13
4 20
4 37
4 45
4 47
4 77
4 79
4 82
4 87
4 92
4 111
4 126
4 128
4 129
4 135
4 136
4 142
4 144
4 147
4 156
4 197
4 213
4 218
4 221
4 226
4 246
4 247
4 256
4 274
4 279
4 303
4 333
4 363
4 376
5 3
5 10
5 15
5 28
5 39
5 42
5 57
5 72
5 75
5 78
5 81
5 89
5 94
5 97
5 118
5 121
5 140
5 161
5 181
5 194
5 199
5 210
5 216
5 217
5 225
5 227
5 232
5 261
5 278
5 286
5 299
5 305
5 313
5 319
5 332
5 334
5 339
5 342
5 357
5 371
5 382
5 387
6 8
6 21
6 52
6 55
6 71
6 80
6 93
6 96
6 104
6 106
6 108
6 130
6 139
6 148
6 149
6 158
6 162
6 180
6 193
6 196
6 202
6 212
6 236
6 239
6 250
6 254
6 264
6 288
6 293
6 296
6 307
6 308
6 311
6 318
6 320
6 359
6 372
6 388
6 389
6 391
6 395
7 25
7 35
7 53
7 109
7 172
7 183
7 201
7 235
7 242
7 259
7 314
7 337
7 338
7 358
7 361
7 380
7 381
8 14
8 16
8 22
8 26
8 31
8 32
8 41
8 49
8 54
8 56
8 58
8 67
8 83
8 91
8 100
8 119
8 122
8 127
8 131
8 143
8 152
8 163
8 164
8 166
8 167
8 169
8 170
8 171
8 178
8 179
8 191
8 204
8 207
8 209
8 230
8 237
8 241
8 244
8 267
8 272
8 280
8 287
8 301
8 302
8 306
8 323
8 340
8 343
8 347
8 350
8 355
8 360
8 364
8 379
8 385
8 390
8 394
8 396
