0 10
0 22
0 23
0 27
0 29
0 36
0 62
0 76
0 82
0 104
0 122
0 126
0 128
0 145
0 150
0 166
0 172
0 188
1 1
1 34
1 40
1 53
1 87
1 93
1 100
1 102
1 107
1 116
1 123
1 131
1 139
1 147
1 159
1 164
1 169
1 179
1 184
1 185
1 189
1 192
1 193
2 13
2 33
2 43
2 56
2 60
2 78
2 85
2 91
2 111
2 112
2 113
2 124
2 142
2 170
2 178
2 182
2 186
2 198
2 199
3 4
3 50
3 71
3 109
3 117
3 129
3 157
3 162
4 6
4 17
4 65
4 84
4 125
4 135
4 146
4 149
4 152
5 3
5 8
5 19
5 20
5 26
5 31
5 44
5 73
5 75
5 77
5 80
5 94
5 120
5 130
5 156
5 161
5 171
6 0
6 32
6 37
6 38
6 45
6 47
6 54
6 55
6 57
6 63
6 64
6 114
6 134
6 137
6 138
6 144
6 151
6 168
6 176
6 194
7 14
7 21
7 42
7 48
7 66
7 67
7 86
7 99
7 108
7 118
7 121
7 143
7 158
7 165
7 195
7 197
8 9
8 12
8 25
8 46
8 61
8 70
8 79
8 89
8 95
8 115
8 132
8 155
8 167
8 175
8 180
8 181
8 183
9 5
9 7
9 16
9 18
9 49
9 51
9 59
9 69
9 90
9 103
9 105
9 119
9 127
9 133
9 136
9 140
9 141
9 160
9 190
9 191
9 196
10 24
10 28
10 39
10 41
10 52
10 58
10 68
10 83
10 88
10 96
10 98
10 101
10 110
10 153
10 163
10 173
10 174
10 177
11 2
11 11
11 15
11 30
11 35
11 72
11 74
11 81
11 92
11 97
11 106
11 148
11 154
11 187
