0 10
0 22
0 23
0 27
0 29
0 36
0 62
0 76
0 82
0 104
0 122
0 126
0 128
0 150
0 166
0 172
0 188
1 4
1 25
1 50
1 61
1 89
1 92
1 95
1 97
1 132
1 155
1 157
1 175
1 187
2 6
2 17
2 65
2 84
2 111
2 113
2 125
2 146
2 152
3 5
3 16
3 18
3 51
3 56
3 69
3 90
3 105
3 114
3 119
3 127
3 133
3 136
3 140
3 160
3 190
3 196
4 0
4 40
4 53
4 93
4 100
4 107
4 123
4 139
4 159
4 164
4 169
4 179
4 189
5 3
5 7
5 8
5 19
5 20
5 26
5 31
5 44
5 49
5 59
5 73
5 75
5 80
5 94
5 103
5 120
5 130
5 141
5 161
5 171
5 191
6 1
6 14
6 34
6 86
6 116
6 121
6 131
6 135
6 147
6 149
6 158
6 184
6 185
6 192
6 193
7 32
7 37
7 38
7 45
7 47
7 54
7 55
7 57
7 63
7 64
7 134
7 137
7 144
7 151
7 168
7 176
7 194
8 13
8 33
8 43
8 60
8 78
8 85
8 91
8 112
8 124
8 142
8 170
8 182
8 186
8 198
8 199
9 21
9 42
9 71
9 87
9 102
9 108
9 109
9 117
9 118
9 129
9 143
9 162
9 165
9 195
10 9
10 12
10 46
10 70
10 79
10 98
10 115
10 145
10 167
10 180
10 181
10 183
11 48
11 66
11 67
11 99
11 197
12 15
12 30
12 52
12 58
12 68
12 72
12 74
12 77
12 81
12 106
12 148
12 154
12 174
13 2
13 11
13 35
13 138
13 178
14 24
14 28
14 39
14 41
14 83
14 88
14 96
14 101
14 110
14 153
14 156
14 163
14 173
14 177
