0 21
0 30
0 71
0 87
0 97
0 109
0 117
0 118
0 129
0 157
0 162
1 2
1 11
1 35
1 137
1 138
1 184
1 194
2 10
2 22
2 23
2 29
2 36
2 62
2 76
2 82
2 104
2 122
2 126
2 128
2 145
2 150
2 166
2 172
2 181
2 188
3 1
3 34
3 48
3 86
3 116
3 121
3 131
3 147
3 158
3 185
3 192
3 193
4 18
4 56
4 66
4 85
4 90
4 140
4 142
4 190
5 7
5 31
5 59
5 119
5 120
5 127
5 141
5 171
6 15
6 27
6 72
6 74
6 77
6 81
6 88
6 106
6 148
6 153
6 154
6 156
7 6
7 17
7 65
7 84
7 125
7 135
7 146
7 149
7 152
8 4
8 9
8 12
8 25
8 46
8 50
8 61
8 70
8 79
8 89
8 92
8 95
8 115
8 132
8 155
8 167
8 175
8 180
8 183
8 187
9 5
9 16
9 37
9 49
9 51
9 63
9 64
9 69
9 103
9 105
9 114
9 133
9 136
9 160
9 191
9 196
10 13
10 33
10 43
10 60
10 78
10 91
10 111
10 112
10 113
10 124
10 170
10 178
10 182
10 186
10 198
10 199
11 0
11 40
11 53
11 93
11 100
11 107
11 123
11 139
11 159
11 164
11 169
11 179
11 189
12 32
12 38
12 45
12 47
12 54
12 55
12 57
12 134
12 144
12 151
12 168
12 176
13 24
13 28
13 39
13 41
13 52
13 58
13 68
13 83
13 96
13 98
13 101
13 110
13 163
13 173
13 174
13 177
14 14
14 42
14 67
14 99
14 102
14 108
14 143
14 165
14 195
14 197
15 3
15 8
15 19
15 20
15 26
15 44
15 73
15 75
15 80
15 94
15 130
15 161
