0 40
0 53
0 93
0 100
0 107
0 123
0 147
0 159
0 164
0 169
0 179
0 189
1 15
1 50
1 61
1 81
1 92
1 95
1 115
1 180
1 183
1 187
2 13
2 33
2 43
2 60
2 78
2 85
2 91
2 111
2 112
2 113
2 124
2 142
2 146
2 170
2 182
2 186
2 198
2 199
3 0
3 5
3 37
3 49
3 63
3 64
3 69
3 103
3 114
3 160
3 191
3 196
4 22
4 23
4 29
4 36
4 76
4 82
4 104
4 126
4 128
4 145
4 150
4 166
4 172
4 181
4 188
5 9
5 41
5 52
5 58
5 68
5 70
5 72
5 74
5 98
5 106
5 148
5 154
5 174
5 177
6 6
6 17
6 48
6 65
6 84
6 86
6 121
6 125
6 135
6 149
6 152
6 158
7 3
7 7
7 8
7 19
7 20
7 26
7 31
7 44
7 59
7 73
7 75
7 80
7 94
7 120
7 130
7 141
7 161
7 171
8 32
8 38
8 45
8 47
8 54
8 55
8 57
8 134
8 137
8 144
8 151
8 168
8 176
9 16
9 18
9 51
9 56
9 90
9 105
9 119
9 127
9 133
9 136
9 140
9 190
10 24
10 28
10 39
10 77
10 83
10 88
10 96
10 101
10 110
10 153
10 156
10 163
10 173
11 14
11 66
11 67
11 99
11 143
11 165
11 195
11 197
12 1
12 21
12 30
12 34
12 87
12 97
12 102
12 108
12 116
12 118
12 131
12 139
12 184
12 185
12 192
12 193
13 10
13 27
13 62
13 122
14 2
14 11
14 35
14 138
14 178
14 194
15 4
15 12
15 25
15 46
15 79
15 89
15 132
15 155
15 167
15 175
16 42
16 71
16 109
16 117
16 129
16 157
16 162
