0 22
0 23
0 27
0 29
0 36
0 76
0 82
0 104
0 122
0 126
0 128
0 145
0 166
0 172
0 188
1 2
1 11
1 35
1 106
1 137
1 138
1 184
1 194
2 3
2 8
2 19
2 20
2 26
2 31
2 44
2 73
2 75
2 80
2 94
2 130
2 156
2 161
2 171
3 14
3 21
3 42
3 67
3 99
3 102
3 108
3 118
3 143
3 165
3 195
4 32
4 38
4 45
4 47
4 54
4 55
4 57
4 134
4 144
4 151
4 168
4 176
5 33
5 43
5 60
5 78
5 85
5 91
5 112
5 142
5 170
5 182
5 198
5 199
6 10
6 15
6 28
6 52
6 58
6 62
6 68
6 72
6 74
6 77
6 83
6 88
6 110
6 148
6 150
6 154
6 174
6 177
7 4
7 25
7 50
7 132
7 155
7 162
7 175
8 0
8 40
8 53
8 93
8 100
8 107
8 123
8 139
8 159
8 164
8 169
8 179
8 189
9 7
9 18
9 59
9 66
9 90
9 119
9 120
9 127
9 141
9 197
10 5
10 37
10 49
10 63
10 64
10 69
10 103
10 105
10 114
10 133
10 136
10 160
10 191
10 196
11 30
11 71
11 81
11 87
11 92
11 97
11 109
11 117
11 129
11 157
12 16
12 51
12 56
12 124
12 140
12 186
12 190
13 6
13 13
13 17
13 65
13 84
13 111
13 113
13 125
13 146
13 152
13 178
14 9
14 12
14 46
14 61
14 70
14 79
14 89
14 95
14 98
14 115
14 167
14 180
14 181
14 183
14 187
15 1
15 34
15 48
15 116
15 131
15 135
15 147
15 149
15 185
15 192
15 193
16 86
16 121
16 158
17 24
17 39
17 41
17 96
17 101
17 153
17 163
17 173
