0 13
0 111
0 113
0 124
0 146
0 178
0 186
1 2
1 15
1 52
1 58
1 68
1 72
1 74
1 81
1 106
1 115
1 138
1 148
1 154
1 174
1 180
2 0
2 37
2 49
2 63
2 64
2 69
2 103
2 114
2 133
2 160
2 191
2 196
3 7
3 31
3 59
3 119
3 120
3 127
3 141
3 171
4 40
4 93
4 100
4 123
4 159
4 164
4 189
5 11
5 35
5 53
5 107
5 137
5 139
5 169
5 179
5 184
6 14
6 21
6 42
6 67
6 99
6 102
6 108
6 118
6 143
6 165
6 195
6 197
7 9
7 12
7 46
7 70
7 79
7 98
7 167
7 183
8 3
8 8
8 19
8 20
8 26
8 44
8 73
8 75
8 77
8 80
8 94
8 130
8 156
8 161
9 10
9 22
9 23
9 27
9 29
9 36
9 62
9 76
9 82
9 104
9 122
9 126
9 128
9 145
9 150
9 166
9 172
9 181
9 188
10 48
10 66
10 86
10 121
10 135
10 158
11 71
11 109
11 117
11 129
11 157
11 162
12 33
12 43
12 60
12 78
12 85
12 90
12 91
12 112
12 142
12 170
12 182
12 198
12 199
13 32
13 38
13 45
13 47
13 54
13 55
13 57
13 134
13 144
13 151
13 168
13 176
13 194
14 6
14 17
14 65
14 84
14 125
14 149
14 152
15 5
15 16
15 18
15 51
15 56
15 105
15 136
15 140
15 190
16 1
16 30
16 34
16 87
16 97
16 116
16 131
16 147
16 185
16 192
16 193
17 4
17 25
17 50
17 61
17 89
17 92
17 95
17 132
17 155
17 175
17 187
18 24
18 28
18 39
18 41
18 83
18 88
18 96
18 101
18 110
18 153
18 163
18 173
18 177
