0 2
0 3
0 5
0 7
0 8
0 9
0 10
0 11
0 12
0 13
0 15
0 16
0 18
0 19
0 20
0 22
0 23
0 24
0 26
0 27
0 28
0 29
0 31
0 32
0 33
0 35
0 36
0 37
0 38
0 39
0 41
0 43
0 44
0 45
0 46
0 47
0 49
0 51
0 52
0 54
0 55
0 56
0 57
0 58
0 59
0 60
0 61
0 62
0 63
0 64
0 68
0 69
0 70
0 72
0 73
0 74
0 75
0 76
0 77
0 78
0 79
0 80
0 82
0 83
0 85
0 88
0 89
0 90
0 91
0 94
0 96
0 98
0 101
0 103
0 104
0 105
0 106
0 110
0 111
0 112
0 113
0 114
0 115
0 119
0 120
0 122
0 124
0 126
0 127
0 128
0 130
0 133
0 134
0 136
0 137
0 138
0 140
0 141
0 142
0 144
0 145
0 146
0 148
0 150
0 151
0 153
0 154
0 156
0 160
0 161
0 163
0 166
0 167
0 168
0 170
0 171
0 172
0 173
0 174
0 176
0 177
0 178
0 180
0 181
0 182
0 183
0 186
0 188
0 190
0 191
0 194
0 196
0 198
0 199
1 0
1 1
1 4
1 6
1 14
1 17
1 21
1 25
1 30
1 34
1 40
1 42
1 48
1 50
1 53
1 65
1 66
1 67
1 71
1 81
1 84
1 86
1 87
1 92
1 93
1 95
1 97
1 99
1 100
1 102
1 107
1 108
1 109
1 116
1 117
1 118
1 121
1 123
1 125
1 129
1 131
1 132
1 135
1 139
1 143
1 147
1 149
1 152
1 155
1 157
1 158
1 159
1 162
1 164
1 165
1 169
1 175
1 179
1 184
1 185
1 187
1 189
1 192
1 193
1 195
1 197
