0 1
0 6
0 11
0 13
0 14
0 17
0 21
0 30
0 33
0 34
0 35
0 40
0 42
0 43
0 48
0 53
0 60
0 65
0 66
0 67
0 71
0 78
0 84
0 86
0 87
0 91
0 93
0 97
0 99
0 100
0 102
0 107
0 108
0 109
0 111
0 112
0 113
0 116
0 117
0 118
0 121
0 123
0 125
0 129
0 131
0 135
0 137
0 139
0 143
0 146
0 147
0 149
0 152
0 158
0 159
0 162
0 164
0 165
0 169
0 170
0 178
0 179
0 182
0 184
0 185
0 189
0 192
0 193
0 194
0 195
0 197
0 198
0 199
1 2
1 4
1 9
1 10
1 12
1 15
1 22
1 23
1 24
1 25
1 27
1 28
1 29
1 36
1 39
1 41
1 46
1 50
1 52
1 58
1 61
1 62
1 68
1 70
1 72
1 74
1 76
1 77
1 79
1 81
1 82
1 83
1 88
1 89
1 92
1 95
1 96
1 98
1 101
1 104
1 106
1 110
1 115
1 122
1 126
1 128
1 132
1 138
1 145
1 148
1 150
1 153
1 154
1 155
1 156
1 157
1 163
1 166
1 167
1 172
1 173
1 174
1 175
1 177
1 180
1 181
1 183
1 187
1 188
2 0
2 3
2 5
2 7
2 8
2 16
2 18
2 19
2 20
2 26
2 31
2 32
2 37
2 38
2 44
2 45
2 47
2 49
2 51
2 54
2 55
2 56
2 57
2 59
2 63
2 64
2 69
2 73
2 75
2 80
2 85
2 90
2 94
2 103
2 105
2 114
2 119
2 120
2 124
2 127
2 130
2 133
2 134
2 136
2 140
2 141
2 142
2 144
2 151
2 160
2 161
2 168
2 171
2 176
2 186
2 190
2 191
2 196
