0 0
0 3
0 5
0 7
0 8
0 16
0 18
0 19
0 20
0 26
0 31
0 36
0 37
0 38
0 44
0 45
0 47
0 49
0 51
0 54
0 55
0 56
0 57
0 59
0 63
0 64
0 69
0 73
0 75
0 80
0 90
0 94
0 103
0 105
0 114
0 119
0 120
0 127
0 130
0 133
0 134
0 136
0 137
0 140
0 141
0 144
0 151
0 160
0 161
0 166
0 168
0 171
0 176
0 188
0 190
0 191
0 196
1 1
1 14
1 21
1 30
1 34
1 40
1 42
1 48
1 53
1 66
1 67
1 71
1 86
1 87
1 93
1 97
1 99
1 100
1 102
1 107
1 108
1 109
1 116
1 117
1 118
1 121
1 123
1 129
1 131
1 139
1 143
1 147
1 149
1 157
1 158
1 159
1 162
1 164
1 165
1 169
1 179
1 184
1 185
1 189
1 192
1 193
1 195
1 197
2 2
2 4
2 9
2 10
2 12
2 15
2 22
2 23
2 24
2 25
2 27
2 28
2 29
2 35
2 39
2 41
2 46
2 50
2 52
2 58
2 61
2 62
2 68
2 70
2 72
2 74
2 76
2 77
2 79
2 81
2 82
2 83
2 88
2 89
2 92
2 95
2 96
2 98
2 101
2 104
2 106
2 110
2 115
2 122
2 126
2 128
2 132
2 138
2 145
2 148
2 150
2 153
2 154
2 155
2 156
2 163
2 167
2 172
2 173
2 174
2 175
2 177
2 180
2 181
2 183
2 187
3 6
3 11
3 13
3 17
3 32
3 33
3 43
3 60
3 65
3 78
3 84
3 85
3 91
3 111
3 112
3 113
3 124
3 125
3 135
3 142
3 146
3 152
3 170
3 178
3 182
3 186
3 194
3 198
3 199
