0 4
0 9
0 10
0 12
0 15
0 22
0 23
0 25
0 27
0 41
0 46
0 50
0 52
0 58
0 61
0 62
0 68
0 70
0 72
0 74
0 76
0 79
0 81
0 82
0 89
0 92
0 95
0 98
0 104
0 115
0 122
0 126
0 128
0 132
0 145
0 148
0 150
0 154
0 155
0 157
0 167
0 172
0 174
0 175
0 180
0 181
0 183
0 187
1 2
1 6
1 11
1 13
1 17
1 32
1 33
1 35
1 43
1 60
1 65
1 78
1 84
1 85
1 91
1 111
1 112
1 113
1 124
1 125
1 135
1 137
1 142
1 146
1 152
1 170
1 178
1 182
1 186
1 194
1 198
1 199
2 1
2 14
2 21
2 30
2 34
2 40
2 42
2 48
2 53
2 66
2 67
2 71
2 86
2 87
2 93
2 97
2 99
2 100
2 102
2 107
2 108
2 109
2 116
2 117
2 118
2 121
2 123
2 129
2 131
2 139
2 143
2 147
2 149
2 158
2 159
2 162
2 164
2 165
2 169
2 179
2 184
2 185
2 189
2 192
2 193
2 195
2 197
3 0
3 5
3 7
3 16
3 18
3 31
3 37
3 49
3 51
3 56
3 57
3 59
3 63
3 64
3 69
3 90
3 103
3 105
3 114
3 119
3 120
3 127
3 133
3 136
3 140
3 141
3 160
3 171
3 190
3 191
3 196
4 3
4 8
4 19
4 20
4 24
4 26
4 28
4 29
4 36
4 38
4 39
4 44
4 45
4 47
4 54
4 55
4 73
4 75
4 77
4 80
4 83
4 88
4 94
4 96
4 101
4 106
4 110
4 130
4 134
4 138
4 144
4 151
4 153
4 156
4 161
4 163
4 166
4 168
4 173
4 176
4 177
4 188
