0 0
0 11
0 32
0 35
0 37
0 38
0 45
0 47
0 53
0 54
0 55
0 57
0 63
0 64
0 114
0 134
0 137
0 138
0 144
0 151
0 159
0 168
0 176
0 179
0 189
0 194
1 2
1 4
1 9
1 12
1 15
1 23
1 25
1 41
1 46
1 50
1 52
1 61
1 62
1 68
1 70
1 72
1 74
1 79
1 81
1 82
1 89
1 92
1 95
1 98
1 115
1 128
1 132
1 145
1 148
1 155
1 167
1 174
1 175
1 180
1 181
1 183
1 187
2 6
2 13
2 17
2 33
2 43
2 60
2 65
2 78
2 84
2 85
2 91
2 111
2 112
2 113
2 124
2 125
2 135
2 146
2 152
2 170
2 178
2 182
2 186
2 198
2 199
3 5
3 7
3 16
3 18
3 31
3 49
3 51
3 56
3 59
3 66
3 69
3 90
3 94
3 103
3 104
3 105
3 119
3 120
3 127
3 133
3 136
3 140
3 141
3 142
3 160
3 171
3 190
3 191
3 196
3 197
4 3
4 8
4 10
4 19
4 20
4 22
4 24
4 26
4 27
4 28
4 29
4 36
4 39
4 44
4 58
4 73
4 75
4 76
4 77
4 80
4 83
4 88
4 96
4 101
4 106
4 110
4 122
4 126
4 130
4 150
4 153
4 154
4 156
4 161
4 163
4 166
4 172
4 173
4 177
4 188
5 1
5 14
5 21
5 30
5 34
5 40
5 42
5 48
5 67
5 71
5 86
5 87
5 93
5 97
5 99
5 100
5 102
5 107
5 108
5 109
5 116
5 117
5 118
5 121
5 123
5 129
5 131
5 139
5 143
5 147
5 149
5 157
5 158
5 162
5 164
5 165
5 169
5 184
5 185
5 192
5 193
5 195
