0 3
0 8
0 19
0 20
0 24
0 26
0 28
0 31
0 36
0 39
0 44
0 73
0 75
0 77
0 80
0 83
0 88
0 94
0 96
0 101
0 110
0 130
0 153
0 156
0 161
0 163
0 166
0 171
0 173
0 188
1 0
1 2
1 11
1 32
1 35
1 38
1 45
1 47
1 53
1 54
1 55
1 57
1 134
1 137
1 138
1 144
1 151
1 168
1 176
1 179
1 189
1 194
2 4
2 12
2 25
2 46
2 50
2 61
2 71
2 79
2 81
2 89
2 92
2 95
2 109
2 117
2 129
2 132
2 155
2 157
2 162
2 167
2 175
2 187
3 6
3 13
3 17
3 33
3 43
3 60
3 65
3 78
3 84
3 85
3 91
3 111
3 112
3 113
3 124
3 125
3 135
3 142
3 146
3 152
3 170
3 178
3 182
3 186
3 198
3 199
4 9
4 10
4 15
4 22
4 23
4 27
4 29
4 41
4 52
4 58
4 62
4 68
4 70
4 72
4 74
4 76
4 82
4 98
4 104
4 106
4 115
4 122
4 126
4 128
4 145
4 148
4 150
4 154
4 172
4 174
4 177
4 180
4 181
4 183
5 5
5 7
5 16
5 18
5 37
5 49
5 51
5 56
5 59
5 63
5 64
5 69
5 90
5 103
5 105
5 114
5 119
5 120
5 127
5 133
5 136
5 140
5 141
5 160
5 190
5 191
5 196
6 1
6 14
6 21
6 30
6 34
6 40
6 42
6 48
6 66
6 67
6 86
6 87
6 93
6 97
6 99
6 100
6 102
6 107
6 108
6 116
6 118
6 121
6 123
6 131
6 139
6 143
6 147
6 149
6 158
6 159
6 164
6 165
6 169
6 184
6 185
6 192
6 193
6 195
6 197
