0 4
0 9
0 12
0 25
0 46
0 50
0 61
0 70
0 79
0 89
0 92
0 95
0 98
0 115
0 132
0 155
0 167
0 175
0 183
0 187
1 1
1 14
1 30
1 34
1 40
1 48
1 86
1 87
1 93
1 97
1 100
1 102
1 107
1 116
1 121
1 123
1 131
1 139
1 147
1 149
1 158
1 159
1 164
1 169
1 184
1 185
1 192
1 193
2 0
2 2
2 11
2 32
2 35
2 37
2 38
2 45
2 47
2 53
2 54
2 55
2 57
2 63
2 64
2 114
2 134
2 137
2 138
2 144
2 151
2 168
2 176
2 179
2 189
2 194
3 10
3 15
3 22
3 23
3 27
3 29
3 41
3 52
3 58
3 62
3 68
3 72
3 74
3 76
3 81
3 82
3 83
3 104
3 106
3 122
3 126
3 128
3 145
3 148
3 150
3 154
3 172
3 174
3 177
3 180
3 181
3 188
4 6
4 13
4 17
4 33
4 43
4 60
4 65
4 78
4 84
4 85
4 91
4 111
4 112
4 113
4 124
4 125
4 135
4 142
4 146
4 152
4 170
4 178
4 182
4 186
4 198
4 199
5 5
5 7
5 16
5 18
5 49
5 51
5 56
5 59
5 66
5 69
5 90
5 103
5 105
5 119
5 120
5 127
5 133
5 136
5 140
5 141
5 160
5 190
5 191
5 196
6 3
6 8
6 19
6 20
6 24
6 26
6 28
6 31
6 36
6 39
6 44
6 73
6 75
6 77
6 80
6 88
6 94
6 96
6 101
6 110
6 130
6 153
6 156
6 161
6 163
6 166
6 171
6 173
7 21
7 42
7 67
7 71
7 99
7 108
7 109
7 117
7 118
7 129
7 143
7 157
7 162
7 165
7 195
7 197
