0 0
0 11
0 35
0 40
0 47
0 53
0 55
0 93
0 100
0 107
0 123
0 137
0 139
0 159
0 164
0 169
0 179
0 184
0 189
0 194
1 24
1 28
1 39
1 41
1 52
1 58
1 68
1 72
1 74
1 77
1 83
1 88
1 96
1 98
1 101
1 110
1 138
1 148
1 153
1 156
1 163
1 173
1 174
1 177
2 10
2 22
2 23
2 27
2 29
2 36
2 62
2 76
2 82
2 104
2 106
2 122
2 126
2 128
2 145
2 150
2 154
2 166
2 172
2 181
2 188
3 6
3 13
3 17
3 33
3 43
3 60
3 65
3 78
3 84
3 85
3 91
3 111
3 112
3 113
3 124
3 125
3 142
3 146
3 152
3 170
3 178
3 182
3 186
3 198
3 199
4 2
4 4
4 9
4 12
4 15
4 25
4 46
4 50
4 61
4 70
4 79
4 81
4 89
4 92
4 95
4 115
4 132
4 155
4 167
4 175
4 180
4 183
4 187
5 21
5 30
5 42
5 67
5 71
5 87
5 97
5 99
5 102
5 108
5 109
5 117
5 118
5 129
5 143
5 157
5 162
5 165
5 195
5 197
6 3
6 7
6 8
6 19
6 20
6 26
6 31
6 44
6 59
6 73
6 75
6 80
6 94
6 119
6 120
6 127
6 130
6 141
6 161
6 171
7 5
7 16
7 18
7 32
7 37
7 38
7 45
7 49
7 51
7 54
7 56
7 57
7 63
7 64
7 69
7 90
7 103
7 105
7 114
7 133
7 134
7 136
7 140
7 144
7 151
7 160
7 168
7 176
7 190
7 191
7 196
8 1
8 14
8 34
8 48
8 66
8 86
8 116
8 121
8 131
8 135
8 147
8 149
8 158
8 185
8 192
8 193
