0 25
0 27
0 28
0 47
0 50
0 118
0 124
0 128
0 152
0 175
0 176
0 183
0 244
0 250
0 270
0 276
0 280
0 282
0 319
0 327
0 388
1 5
1 16
1 17
1 32
1 41
1 64
1 76
1 85
1 99
1 115
1 121
1 126
1 129
1 142
1 174
1 191
1 199
1 207
1 235
1 291
1 295
1 301
1 302
1 309
1 323
1 333
1 336
1 358
1 360
1 368
1 372
1 374
1 376
1 384
1 392
1 398
2 1
2 14
2 19
2 31
2 57
2 60
2 68
2 70
2 74
2 94
2 112
2 114
2 120
2 133
2 139
2 143
2 155
2 181
2 184
2 185
2 223
2 233
2 236
2 240
2 241
2 254
2 256
2 262
2 277
2 278
2 290
2 300
2 303
2 306
2 318
2 338
2 340
2 342
2 344
2 349
2 350
2 369
2 370
2 385
2 397
3 29
3 33
3 36
3 39
3 44
3 61
3 63
3 65
3 75
3 78
3 87
3 96
3 116
3 146
3 180
3 187
3 201
3 206
3 216
3 226
3 228
3 229
3 232
3 238
3 253
3 271
3 285
3 296
3 313
3 346
3 352
3 357
3 380
3 391
4 18
4 34
4 53
4 54
4 56
4 62
4 67
4 69
4 72
4 97
4 101
4 131
4 144
4 148
4 150
4 151
4 158
4 159
4 163
4 164
4 169
4 188
4 190
4 215
4 217
4 221
4 231
4 242
4 251
4 264
4 269
4 293
4 305
4 315
4 321
4 325
4 341
4 361
4 363
4 365
4 371
4 375
4 381
4 382
4 387
4 396
5 0
5 13
5 59
5 119
5 130
5 157
5 165
5 170
5 204
5 220
5 266
5 281
5 326
5 328
5 354
5 367
5 394
6 15
6 23
6 24
6 55
6 73
6 102
6 117
6 127
6 177
6 195
6 234
6 265
6 289
6 307
6 345
6 348
7 7
7 52
7 86
7 90
7 107
7 111
7 122
7 168
7 178
7 182
7 203
7 210
7 218
7 247
7 248
7 257
7 275
7 283
7 311
7 312
7 330
7 332
7 334
7 390
8 8
8 26
8 38
8 45
8 46
8 48
8 58
8 77
8 80
8 84
8 95
8 98
8 105
8 149
8 153
8 189
8 193
8 194
8 214
8 230
8 239
8 260
8 263
8 294
8 314
8 317
8 329
8 353
8 355
8 373
9 11
9 12
9 49
9 71
9 91
9 93
9 100
9 103
9 104
9 135
9 138
9 145
9 171
9 196
9 208
9 252
9 272
9 279
9 331
9 379
9 383
10 6
10 10
10 20
10 21
10 35
10 37
10 40
10 81
10 88
10 89
10 162
10 167
10 172
10 173
10 192
10 197
10 205
10 209
10 211
10 219
10 225
10 246
10 259
10 284
10 297
10 299
10 324
10 335
10 337
10 356
10 378
10 393
11 2
11 4
11 43
11 66
11 83
11 108
11 109
11 113
11 125
11 132
11 134
11 136
11 140
11 154
11 160
11 161
11 179
11 186
11 200
11 202
11 212
11 224
11 227
11 243
11 245
11 249
11 258
11 261
11 267
11 292
11 298
11 308
11 310
11 320
11 322
11 343
11 347
11 351
11 362
11 364
11 366
11 377
11 389
12 3
12 9
12 22
12 30
12 42
12 51
12 79
12 82
12 92
12 106
12 110
12 123
12 137
12 141
12 147
12 156
12 166
12 198
12 213
12 222
12 237
12 255
12 268
12 273
12 274
12 286
12 287
12 288
12 304
12 316
12 339
12 359
12 386
12 395
12 399
