0 6
0 10
0 20
0 21
0 35
0 37
0 40
0 50
0 81
0 86
0 88
0 89
0 111
0 114
0 162
0 167
0 172
0 173
0 181
0 192
0 197
0 205
0 209
0 211
0 225
0 246
0 247
0 259
0 280
0 284
0 297
0 299
0 312
0 324
0 330
0 332
0 335
0 337
0 356
1 17
1 41
1 49
1 64
1 76
1 85
1 93
1 142
1 174
1 191
1 193
1 196
1 199
1 207
1 214
1 291
1 301
1 302
1 323
1 331
1 333
1 358
1 384
1 392
1 398
2 22
2 30
2 42
2 51
2 82
2 92
2 96
2 106
2 110
2 137
2 141
2 147
2 166
2 198
2 213
2 222
2 237
2 255
2 273
2 274
2 286
2 288
2 304
2 316
2 321
2 352
2 359
2 386
2 395
2 399
3 29
3 33
3 36
3 39
3 44
3 48
3 61
3 63
3 75
3 78
3 87
3 116
3 136
3 146
3 179
3 187
3 201
3 206
3 216
3 226
3 228
3 229
3 232
3 253
3 260
3 271
3 285
3 296
3 313
3 346
3 357
3 377
3 378
3 380
3 393
4 7
4 52
4 66
4 90
4 107
4 113
4 122
4 127
4 161
4 168
4 182
4 186
4 202
4 203
4 210
4 218
4 248
4 257
4 275
4 283
4 311
4 334
4 348
4 351
4 390
5 11
5 12
5 15
5 71
5 91
5 100
5 104
5 108
5 117
5 125
5 132
5 134
5 135
5 138
5 140
5 145
5 160
5 171
5 208
5 224
5 249
5 252
5 258
5 265
5 272
5 279
5 292
5 294
5 307
5 320
5 322
5 343
5 347
5 362
5 379
5 383
5 389
6 19
6 31
6 68
6 70
6 74
6 139
6 185
6 233
6 241
6 277
6 278
6 300
6 303
6 340
6 344
6 349
6 350
6 369
6 385
6 397
7 18
7 56
7 69
7 150
7 151
7 158
7 163
7 188
7 215
7 221
7 223
7 251
7 293
7 325
7 338
7 365
7 375
7 396
8 2
8 8
8 26
8 38
8 43
8 45
8 46
8 58
8 77
8 80
8 84
8 95
8 98
8 103
8 105
8 121
8 149
8 153
8 154
8 189
8 194
8 230
8 235
8 239
8 263
8 314
8 317
8 329
8 353
8 355
8 360
8 373
9 0
9 5
9 13
9 16
9 32
9 59
9 99
9 109
9 115
9 119
9 126
9 129
9 130
9 131
9 157
9 165
9 170
9 204
9 220
9 266
9 281
9 295
9 309
9 326
9 328
9 336
9 354
9 367
9 368
9 372
9 374
9 376
9 394
10 4
10 23
10 24
10 55
10 60
10 73
10 102
10 177
10 178
10 195
10 212
10 227
10 234
10 243
10 245
10 261
10 267
10 289
10 290
10 298
10 308
10 310
10 318
10 345
10 366
11 1
11 14
11 27
11 47
11 57
11 94
11 112
11 120
11 133
11 143
11 148
11 155
11 176
11 184
11 236
11 240
11 254
11 256
11 262
11 270
11 306
11 342
11 370
11 388
12 3
12 9
12 34
12 62
12 67
12 72
12 83
12 97
12 123
12 144
12 156
12 159
12 164
12 200
12 217
12 231
12 242
12 264
12 268
12 269
12 305
12 341
12 361
12 363
12 364
12 371
12 381
12 382
12 387
13 25
13 28
13 53
13 54
13 65
13 79
13 101
13 118
13 124
13 128
13 152
13 169
13 175
13 180
13 183
13 190
13 219
13 238
13 244
13 250
13 276
13 282
13 287
13 315
13 319
13 327
13 339
13 391
