0 29
0 33
0 36
0 39
0 44
0 48
0 61
0 63
0 75
0 78
0 87
0 116
0 136
0 146
0 179
0 187
0 201
0 206
0 216
0 226
0 228
0 229
0 232
0 253
0 260
0 271
0 285
0 296
0 313
0 338
0 346
0 357
0 377
0 378
0 380
0 391
0 393
1 4
1 19
1 31
1 68
1 70
1 74
1 139
1 185
1 233
1 241
1 277
1 278
1 290
1 300
1 303
1 318
1 340
1 344
1 349
1 369
1 385
1 397
2 11
2 12
2 15
2 71
2 91
2 100
2 103
2 104
2 108
2 117
2 125
2 132
2 134
2 135
2 138
2 140
2 145
2 160
2 171
2 208
2 224
2 249
2 252
2 258
2 265
2 272
2 279
2 292
2 294
2 320
2 322
2 343
2 347
2 362
2 379
2 383
2 389
3 1
3 14
3 27
3 47
3 57
3 94
3 112
3 120
3 133
3 143
3 148
3 151
3 155
3 184
3 223
3 236
3 240
3 256
3 262
3 306
3 325
3 342
3 370
3 388
3 396
4 0
4 5
4 16
4 32
4 85
4 99
4 115
4 126
4 129
4 170
4 174
4 220
4 281
4 295
4 309
4 323
4 326
4 336
4 368
4 372
4 374
4 376
4 384
4 398
5 6
5 21
5 25
5 28
5 40
5 50
5 65
5 118
5 124
5 128
5 152
5 167
5 173
5 175
5 176
5 183
5 192
5 197
5 211
5 219
5 238
5 244
5 246
5 250
5 254
5 270
5 276
5 280
5 299
5 327
5 335
5 337
6 7
6 52
6 66
6 90
6 107
6 127
6 161
6 168
6 182
6 186
6 202
6 203
6 210
6 218
6 248
6 257
6 275
6 283
6 311
6 334
6 348
7 17
7 41
7 49
7 76
7 193
7 196
7 199
7 207
7 214
7 302
7 331
7 358
7 392
8 23
8 24
8 55
8 60
8 73
8 102
8 113
8 177
8 178
8 195
8 212
8 227
8 234
8 243
8 245
8 261
8 267
8 289
8 298
8 307
8 308
8 310
8 345
8 351
8 366
9 13
9 59
9 64
9 93
9 109
9 119
9 130
9 131
9 142
9 157
9 165
9 191
9 200
9 204
9 266
9 291
9 301
9 328
9 333
9 354
9 367
9 394
10 18
10 53
10 54
10 56
10 69
10 79
10 101
10 150
10 158
10 163
10 169
10 180
10 188
10 190
10 215
10 221
10 251
10 282
10 287
10 293
10 315
10 319
10 339
10 365
10 375
11 3
11 9
11 34
11 62
11 67
11 72
11 83
11 97
11 123
11 144
11 156
11 159
11 164
11 217
11 231
11 242
11 264
11 268
11 269
11 305
11 341
11 361
11 363
11 364
11 371
11 381
11 382
11 387
12 22
12 30
12 42
12 51
12 82
12 92
12 96
12 106
12 110
12 137
12 141
12 147
12 166
12 198
12 213
12 222
12 237
12 255
12 273
12 274
12 286
12 288
12 304
12 316
12 321
12 352
12 359
12 386
12 395
12 399
13 2
13 8
13 26
13 38
13 43
13 45
13 46
13 58
13 77
13 80
13 84
13 95
13 98
13 105
13 121
13 149
13 153
13 154
13 189
13 194
13 230
13 235
13 239
13 263
13 314
13 317
13 329
13 353
13 355
13 360
13 373
14 10
14 20
14 35
14 37
14 81
14 86
14 88
14 89
14 111
14 114
14 122
14 162
14 172
14 181
14 205
14 209
14 225
14 247
14 259
14 284
14 297
14 312
14 324
14 330
14 332
14 350
14 356
14 390
