0 11
0 12
0 17
0 49
0 64
0 76
0 93
0 142
0 145
0 191
0 196
0 207
0 252
0 291
0 301
0 333
0 360
0 379
0 383
1 6
1 10
1 20
1 28
1 40
1 50
1 65
1 88
1 89
1 124
1 128
1 167
1 173
1 183
1 192
1 197
1 205
1 211
1 219
1 238
1 246
1 280
1 299
1 327
1 335
1 337
1 356
2 3
2 9
2 34
2 62
2 67
2 69
2 72
2 123
2 131
2 144
2 158
2 159
2 164
2 217
2 231
2 242
2 264
2 268
2 269
2 305
2 321
2 341
2 361
2 363
2 371
2 381
2 387
3 7
3 52
3 107
3 122
3 178
3 182
3 202
3 203
3 210
3 247
3 248
3 257
3 275
3 311
3 334
4 15
4 23
4 24
4 55
4 73
4 102
4 127
4 177
4 195
4 234
4 243
4 265
4 267
4 289
4 298
4 307
4 310
4 345
4 348
4 351
4 366
5 2
5 43
5 77
5 95
5 103
5 108
5 125
5 132
5 134
5 136
5 140
5 154
5 160
5 171
5 179
5 224
5 235
5 249
5 258
5 279
5 292
5 294
5 314
5 322
5 343
5 347
5 362
5 389
6 39
6 44
6 63
6 96
6 137
6 146
6 166
6 187
6 206
6 228
6 229
6 237
6 271
6 273
6 274
6 296
6 352
6 359
6 380
6 386
6 395
7 29
7 33
7 48
7 61
7 75
7 78
7 116
7 121
7 216
7 226
7 232
7 253
7 260
7 263
7 285
7 295
7 313
7 320
7 346
7 357
8 21
8 37
8 86
8 111
8 162
8 201
8 218
8 225
8 259
8 297
8 312
8 324
8 330
8 332
8 378
8 393
9 1
9 14
9 18
9 56
9 57
9 94
9 97
9 112
9 113
9 120
9 133
9 143
9 148
9 150
9 151
9 155
9 163
9 184
9 188
9 212
9 221
9 223
9 227
9 236
9 240
9 251
9 254
9 256
9 262
9 278
9 306
9 325
9 338
9 342
9 364
9 370
9 377
9 382
9 396
10 35
10 36
10 66
10 70
10 81
10 87
10 90
10 114
10 161
10 168
10 172
10 181
10 186
10 209
10 283
10 284
10 390
10 391
11 5
11 16
11 32
11 41
11 85
11 99
11 115
11 126
11 129
11 174
11 199
11 220
11 281
11 302
11 309
11 323
11 326
11 336
11 358
11 368
11 372
11 374
11 376
11 384
11 398
12 0
12 13
12 59
12 83
12 109
12 119
12 130
12 157
12 165
12 170
12 200
12 204
12 266
12 328
12 354
12 367
12 394
13 22
13 30
13 42
13 51
13 82
13 92
13 106
13 110
13 141
13 147
13 156
13 198
13 213
13 222
13 255
13 286
13 287
13 288
13 304
13 316
13 399
14 25
14 27
14 47
14 53
14 54
14 79
14 101
14 118
14 152
14 169
14 175
14 176
14 180
14 190
14 215
14 244
14 250
14 270
14 276
14 282
14 293
14 315
14 319
14 339
14 365
14 375
14 388
15 71
15 91
15 100
15 104
15 117
15 135
15 138
15 208
15 239
15 272
15 331
16 4
16 19
16 31
16 60
16 68
16 74
16 139
16 185
16 233
16 241
16 245
16 261
16 277
16 290
16 300
16 303
16 308
16 318
16 340
16 344
16 349
16 350
16 369
16 385
16 397
17 8
17 26
17 38
17 45
17 46
17 58
17 80
17 84
17 98
17 105
17 149
17 153
17 189
17 193
17 194
17 214
17 230
17 317
17 329
17 353
17 355
17 373
17 392
