0 0
0 3
0 5
0 9
0 13
0 16
0 18
0 22
0 30
0 32
0 33
0 34
0 39
0 42
0 44
0 51
0 53
0 54
0 56
0 59
0 62
0 63
0 67
0 69
0 72
0 79
0 82
0 83
0 92
0 96
0 97
0 99
0 101
0 106
0 109
0 110
0 115
0 118
0 119
0 123
0 126
0 129
0 130
0 131
0 137
0 141
0 144
0 146
0 147
0 148
0 150
0 151
0 152
0 156
0 157
0 158
0 159
0 163
0 164
0 165
0 166
0 169
0 170
0 180
0 188
0 190
0 198
0 200
0 204
0 206
0 213
0 215
0 217
0 219
0 220
0 221
0 222
0 223
0 228
0 229
0 231
0 236
0 237
0 238
0 242
0 251
0 255
0 256
0 264
0 266
0 268
0 269
0 271
0 273
0 274
0 281
0 282
0 286
0 287
0 288
0 293
0 304
0 305
0 306
0 315
0 316
0 319
0 321
0 325
0 326
0 328
0 336
0 338
0 339
0 341
0 352
0 354
0 359
0 361
0 363
0 364
0 365
0 367
0 368
0 371
0 375
0 376
0 380
0 381
0 382
0 386
0 387
0 391
0 393
0 394
0 395
0 396
0 399
1 1
1 4
1 6
1 7
1 10
1 14
1 15
1 19
1 20
1 21
1 23
1 24
1 25
1 27
1 28
1 29
1 31
1 35
1 36
1 37
1 40
1 47
1 50
1 52
1 55
1 57
1 60
1 61
1 65
1 66
1 68
1 70
1 73
1 74
1 75
1 78
1 81
1 86
1 87
1 88
1 89
1 90
1 94
1 102
1 107
1 111
1 112
1 113
1 114
1 116
1 120
1 122
1 124
1 127
1 128
1 133
1 136
1 139
1 143
1 155
1 161
1 162
1 167
1 168
1 172
1 173
1 175
1 176
1 177
1 178
1 181
1 182
1 183
1 184
1 185
1 186
1 187
1 192
1 195
1 197
1 201
1 202
1 203
1 205
1 209
1 210
1 211
1 212
1 216
1 218
1 225
1 226
1 227
1 232
1 233
1 234
1 240
1 241
1 243
1 244
1 245
1 246
1 247
1 248
1 250
1 253
1 254
1 257
1 259
1 261
1 262
1 265
1 267
1 270
1 275
1 276
1 277
1 278
1 280
1 283
1 284
1 289
1 290
1 292
1 296
1 297
1 298
1 299
1 300
1 303
1 307
1 308
1 310
1 311
1 312
1 318
1 322
1 324
1 327
1 330
1 332
1 334
1 335
1 337
1 340
1 342
1 344
1 345
1 346
1 347
1 348
1 349
1 350
1 351
1 356
1 366
1 369
1 370
1 377
1 378
1 385
1 388
1 390
1 397
2 2
2 8
2 11
2 12
2 17
2 26
2 38
2 41
2 43
2 45
2 46
2 48
2 49
2 58
2 64
2 71
2 76
2 77
2 80
2 84
2 85
2 91
2 93
2 95
2 98
2 100
2 103
2 104
2 105
2 108
2 117
2 121
2 125
2 132
2 134
2 135
2 138
2 140
2 142
2 145
2 149
2 153
2 154
2 160
2 171
2 174
2 179
2 189
2 191
2 193
2 194
2 196
2 199
2 207
2 208
2 214
2 224
2 230
2 235
2 239
2 249
2 252
2 258
2 260
2 263
2 272
2 279
2 285
2 291
2 294
2 295
2 301
2 302
2 309
2 313
2 314
2 317
2 320
2 323
2 329
2 331
2 333
2 343
2 353
2 355
2 357
2 358
2 360
2 362
2 372
2 373
2 374
2 379
2 383
2 384
2 389
2 392
2 398
