0 4
0 7
0 15
0 19
0 23
0 24
0 31
0 52
0 55
0 60
0 66
0 70
0 73
0 81
0 90
0 102
0 107
0 111
0 113
0 122
0 127
0 136
0 161
0 168
0 177
0 178
0 182
0 185
0 186
0 195
0 202
0 203
0 209
0 210
0 212
0 218
0 227
0 234
0 241
0 243
0 245
0 247
0 248
0 249
0 257
0 261
0 265
0 267
0 275
0 283
0 284
0 289
0 290
0 292
0 298
0 300
0 307
0 308
0 310
0 311
0 318
0 320
0 322
0 330
0 334
0 343
0 345
0 347
0 348
0 350
0 351
0 366
0 390
1 1
1 14
1 18
1 27
1 47
1 56
1 57
1 68
1 74
1 94
1 112
1 120
1 133
1 139
1 143
1 148
1 150
1 151
1 155
1 163
1 176
1 184
1 188
1 215
1 221
1 223
1 233
1 236
1 240
1 244
1 250
1 251
1 254
1 256
1 262
1 270
1 276
1 277
1 278
1 282
1 293
1 303
1 306
1 325
1 327
1 340
1 342
1 344
1 349
1 365
1 369
1 370
1 375
1 385
1 388
1 396
1 397
2 6
2 10
2 20
2 21
2 25
2 28
2 29
2 35
2 36
2 37
2 39
2 40
2 44
2 50
2 61
2 63
2 65
2 75
2 78
2 86
2 87
2 88
2 89
2 114
2 116
2 118
2 124
2 128
2 146
2 152
2 162
2 167
2 169
2 172
2 173
2 175
2 180
2 181
2 183
2 187
2 190
2 192
2 197
2 201
2 205
2 211
2 216
2 219
2 225
2 226
2 228
2 229
2 232
2 238
2 246
2 253
2 259
2 271
2 280
2 296
2 297
2 299
2 312
2 315
2 319
2 324
2 332
2 335
2 337
2 338
2 346
2 356
2 377
2 378
2 380
2 391
2 393
3 0
3 3
3 5
3 9
3 13
3 16
3 22
3 30
3 32
3 34
3 42
3 51
3 53
3 54
3 59
3 62
3 67
3 69
3 72
3 79
3 82
3 83
3 92
3 96
3 97
3 99
3 101
3 106
3 109
3 110
3 115
3 119
3 123
3 126
3 129
3 130
3 131
3 137
3 141
3 144
3 147
3 156
3 157
3 158
3 159
3 164
3 165
3 166
3 170
3 198
3 200
3 204
3 206
3 213
3 217
3 220
3 222
3 231
3 237
3 242
3 255
3 264
3 266
3 268
3 269
3 273
3 274
3 281
3 286
3 287
3 288
3 304
3 305
3 316
3 321
3 326
3 328
3 336
3 339
3 341
3 352
3 354
3 359
3 361
3 363
3 364
3 367
3 368
3 371
3 376
3 381
3 382
3 386
3 387
3 394
3 395
3 399
4 2
4 8
4 11
4 12
4 17
4 26
4 33
4 38
4 41
4 43
4 45
4 46
4 48
4 49
4 58
4 64
4 71
4 76
4 77
4 80
4 84
4 85
4 91
4 93
4 95
4 98
4 100
4 103
4 104
4 105
4 108
4 117
4 121
4 125
4 132
4 134
4 135
4 138
4 140
4 142
4 145
4 149
4 153
4 154
4 160
4 171
4 174
4 179
4 189
4 191
4 193
4 194
4 196
4 199
4 207
4 208
4 214
4 224
4 230
4 235
4 239
4 252
4 258
4 260
4 263
4 272
4 279
4 285
4 291
4 294
4 295
4 301
4 302
4 309
4 313
4 314
4 317
4 323
4 329
4 331
4 333
4 353
4 355
4 357
4 358
4 360
4 362
4 372
4 373
4 374
4 379
4 383
4 384
4 389
4 392
4 398
