0 0
0 3
0 9
0 13
0 34
0 59
0 62
0 67
0 69
0 72
0 83
0 97
0 109
0 115
0 119
0 123
0 126
0 130
0 131
0 144
0 157
0 159
0 164
0 165
0 170
0 200
0 204
0 217
0 220
0 231
0 242
0 264
0 266
0 268
0 269
0 305
0 321
0 328
0 341
0 354
0 361
0 363
0 364
0 367
0 371
0 381
0 387
0 394
1 15
1 23
1 24
1 55
1 66
1 73
1 102
1 108
1 117
1 127
1 136
1 161
1 177
1 178
1 186
1 195
1 202
1 234
1 243
1 245
1 257
1 261
1 265
1 267
1 289
1 298
1 307
1 310
1 322
1 343
1 345
1 348
1 351
1 366
2 22
2 30
2 32
2 33
2 36
2 39
2 42
2 44
2 51
2 54
2 63
2 79
2 82
2 92
2 96
2 101
2 106
2 110
2 129
2 137
2 141
2 146
2 147
2 156
2 166
2 169
2 180
2 187
2 190
2 198
2 206
2 213
2 216
2 222
2 228
2 229
2 232
2 237
2 255
2 273
2 274
2 281
2 286
2 287
2 288
2 295
2 296
2 304
2 315
2 316
2 326
2 336
2 339
2 352
2 357
2 359
2 380
2 386
2 391
2 395
2 399
3 6
3 7
3 10
3 20
3 21
3 25
3 28
3 29
3 35
3 37
3 40
3 50
3 52
3 61
3 65
3 75
3 78
3 81
3 86
3 87
3 88
3 89
3 90
3 107
3 111
3 116
3 118
3 122
3 124
3 128
3 152
3 162
3 167
3 168
3 172
3 173
3 176
3 182
3 183
3 192
3 197
3 201
3 203
3 205
3 209
3 210
3 211
3 218
3 219
3 225
3 226
3 238
3 244
3 246
3 247
3 248
3 250
3 253
3 259
3 271
3 275
3 280
3 283
3 284
3 297
3 299
3 311
3 312
3 319
3 324
3 327
3 330
3 332
3 334
3 335
3 337
3 346
3 356
3 369
3 378
3 390
3 393
4 8
4 26
4 38
4 41
4 45
4 46
4 48
4 58
4 77
4 80
4 84
4 85
4 98
4 105
4 121
4 149
4 153
4 189
4 193
4 194
4 199
4 214
4 230
4 239
4 260
4 263
4 285
4 302
4 309
4 313
4 314
4 317
4 320
4 329
4 353
4 355
4 358
4 368
4 372
4 373
4 374
4 384
4 392
4 398
5 1
5 4
5 14
5 18
5 19
5 27
5 31
5 47
5 53
5 56
5 57
5 60
5 68
5 70
5 74
5 94
5 112
5 113
5 114
5 120
5 133
5 139
5 143
5 148
5 150
5 151
5 155
5 158
5 163
5 175
5 181
5 184
5 185
5 188
5 212
5 215
5 221
5 223
5 227
5 233
5 236
5 240
5 241
5 251
5 254
5 256
5 262
5 270
5 276
5 277
5 278
5 282
5 290
5 293
5 300
5 303
5 306
5 308
5 318
5 325
5 338
5 340
5 342
5 344
5 349
5 350
5 365
5 370
5 375
5 377
5 382
5 385
5 388
5 396
5 397
6 2
6 5
6 11
6 12
6 16
6 17
6 43
6 49
6 64
6 71
6 76
6 91
6 93
6 95
6 99
6 100
6 103
6 104
6 125
6 132
6 134
6 135
6 138
6 140
6 142
6 145
6 154
6 160
6 171
6 174
6 179
6 191
6 196
6 207
6 208
6 224
6 235
6 249
6 252
6 258
6 272
6 279
6 291
6 292
6 294
6 301
6 323
6 331
6 333
6 347
6 360
6 362
6 376
6 379
6 383
6 389
