0 5
0 8
0 16
0 17
0 26
0 33
0 38
0 41
0 45
0 48
0 49
0 58
0 64
0 76
0 80
0 84
0 85
0 93
0 98
0 105
0 121
0 142
0 149
0 153
0 174
0 179
0 189
0 191
0 193
0 196
0 199
0 207
0 214
0 230
0 235
0 252
0 260
0 263
0 285
0 291
0 295
0 301
0 302
0 309
0 313
0 323
0 329
0 331
0 333
0 353
0 355
0 357
0 358
0 360
0 372
0 374
0 376
0 383
0 384
0 392
0 398
1 6
1 10
1 20
1 21
1 25
1 28
1 29
1 36
1 37
1 39
1 40
1 44
1 50
1 61
1 63
1 65
1 75
1 78
1 87
1 88
1 114
1 116
1 118
1 124
1 128
1 146
1 152
1 162
1 167
1 169
1 172
1 173
1 175
1 180
1 181
1 183
1 187
1 190
1 192
1 197
1 201
1 211
1 216
1 219
1 225
1 226
1 229
1 232
1 238
1 246
1 253
1 259
1 271
1 280
1 296
1 297
1 299
1 319
1 324
1 335
1 337
1 338
1 346
1 356
1 377
1 378
1 391
1 393
2 0
2 22
2 30
2 32
2 42
2 51
2 54
2 79
2 82
2 92
2 96
2 99
2 106
2 110
2 115
2 126
2 129
2 137
2 141
2 147
2 166
2 170
2 198
2 206
2 213
2 220
2 222
2 228
2 237
2 255
2 266
2 273
2 274
2 281
2 286
2 287
2 288
2 304
2 316
2 321
2 326
2 328
2 336
2 339
2 352
2 359
2 368
2 380
2 386
2 394
2 395
2 399
3 2
3 11
3 12
3 15
3 43
3 46
3 71
3 77
3 91
3 95
3 100
3 103
3 104
3 108
3 117
3 125
3 132
3 134
3 135
3 138
3 140
3 145
3 154
3 160
3 171
3 194
3 208
3 224
3 239
3 249
3 258
3 265
3 272
3 279
3 292
3 294
3 307
3 314
3 317
3 320
3 343
3 347
3 362
3 373
3 379
3 389
4 4
4 19
4 23
4 31
4 55
4 60
4 68
4 73
4 74
4 113
4 139
4 177
4 178
4 185
4 195
4 212
4 227
4 233
4 234
4 241
4 243
4 245
4 261
4 267
4 277
4 283
4 289
4 290
4 298
4 300
4 303
4 308
4 310
4 318
4 340
4 349
4 366
4 369
4 385
4 397
5 1
5 14
5 18
5 27
5 47
5 53
5 56
5 57
5 94
5 101
5 112
5 120
5 133
5 143
5 148
5 150
5 151
5 155
5 163
5 176
5 184
5 188
5 215
5 221
5 223
5 236
5 240
5 244
5 250
5 251
5 254
5 256
5 262
5 270
5 276
5 278
5 282
5 293
5 306
5 315
5 325
5 327
5 342
5 344
5 365
5 370
5 375
5 388
5 396
6 3
6 9
6 13
6 34
6 59
6 62
6 67
6 69
6 72
6 83
6 97
6 109
6 119
6 123
6 130
6 131
6 144
6 156
6 157
6 158
6 159
6 164
6 165
6 200
6 204
6 217
6 231
6 242
6 264
6 268
6 269
6 305
6 341
6 354
6 361
6 363
6 364
6 367
6 371
6 381
6 382
6 387
7 7
7 24
7 35
7 52
7 66
7 70
7 81
7 86
7 89
7 90
7 102
7 107
7 111
7 122
7 127
7 136
7 161
7 168
7 182
7 186
7 202
7 203
7 205
7 209
7 210
7 218
7 247
7 248
7 257
7 275
7 284
7 311
7 312
7 322
7 330
7 332
7 334
7 345
7 348
7 350
7 351
7 390
