0 5
0 13
0 24
0 29
0 36
0 67
0 87
0 91
0 117
0 122
0 129
0 135
0 142
0 167
0 172
0 179
0 189
0 194
0 218
0 221
0 246
0 249
0 251
0 256
0 295
0 303
0 306
0 309
0 340
0 350
0 352
0 358
0 361
0 364
0 374
0 390
0 399
1 21
1 34
1 63
1 69
1 102
1 103
1 105
1 110
1 120
1 138
1 150
1 157
1 175
1 182
1 185
1 200
1 213
1 219
1 220
1 223
1 228
1 238
1 243
1 245
1 276
1 279
1 285
1 287
1 290
1 300
1 311
1 327
1 331
1 343
1 349
1 354
1 365
1 373
1 388
1 395
1 398
2 3
2 15
2 81
2 96
2 113
2 119
2 121
2 153
2 163
2 166
2 184
2 199
2 227
2 230
2 252
2 258
2 261
2 272
2 280
2 297
2 308
2 319
2 325
2 334
2 356
2 382
2 384
3 9
3 41
3 64
3 70
3 73
3 88
3 90
3 125
3 156
3 165
3 173
3 174
3 186
3 202
3 203
3 204
3 233
3 241
3 248
3 268
3 271
3 301
3 315
3 316
3 320
3 323
3 324
3 329
3 341
3 369
4 6
4 10
4 16
4 22
4 32
4 42
4 49
4 53
4 56
4 72
4 84
4 89
4 92
4 118
4 126
4 140
4 144
4 151
4 161
4 164
4 191
4 197
4 207
4 210
4 216
4 225
4 267
4 274
4 277
4 286
4 299
4 322
4 355
4 360
4 376
5 20
5 23
5 27
5 33
5 37
5 45
5 47
5 52
5 66
5 75
5 77
5 79
5 107
5 111
5 137
5 147
5 169
5 183
5 187
5 192
5 208
5 226
5 235
5 244
5 259
5 262
5 302
5 310
5 338
5 346
5 348
5 363
5 370
5 377
5 378
5 380
5 385
5 396
6 1
6 8
6 11
6 12
6 14
6 17
6 30
6 31
6 38
6 40
6 43
6 98
6 99
6 106
6 114
6 123
6 124
6 130
6 139
6 170
6 188
6 222
6 224
6 229
6 231
6 236
6 264
6 266
6 270
6 281
6 283
6 288
6 293
6 296
6 304
6 312
6 326
6 328
6 339
6 353
6 379
6 389
6 392
6 394
7 28
7 50
7 55
7 71
7 74
7 80
7 94
7 95
7 97
7 112
7 115
7 116
7 132
7 134
7 148
7 158
7 178
7 181
7 201
7 206
7 212
7 254
7 263
7 294
7 307
7 314
7 317
7 321
7 344
7 381
7 391
8 7
8 18
8 19
8 35
8 46
8 48
8 61
8 68
8 76
8 85
8 86
8 101
8 127
8 128
8 136
8 159
8 168
8 171
8 176
8 211
8 215
8 237
8 247
8 255
8 257
8 265
8 269
8 275
8 282
8 289
8 291
8 298
8 362
8 366
8 375
8 386
9 4
9 39
9 44
9 58
9 60
9 78
9 93
9 108
9 131
9 133
9 141
9 149
9 154
9 155
9 160
9 190
9 193
9 195
9 196
9 198
9 205
9 209
9 214
9 217
9 232
9 250
9 284
9 305
9 318
9 330
9 332
9 337
9 345
9 351
9 359
9 368
9 372
9 383
9 387
10 0
10 2
10 25
10 26
10 51
10 54
10 57
10 59
10 62
10 65
10 82
10 83
10 100
10 104
10 109
10 143
10 145
10 146
10 152
10 162
10 177
10 180
10 234
10 239
10 240
10 242
10 253
10 260
10 273
10 278
10 292
10 313
10 333
10 335
10 336
10 342
10 347
10 357
10 367
10 371
10 393
10 397
