0 1
0 8
0 11
0 12
0 30
0 38
0 40
0 63
0 73
0 99
0 105
0 106
0 110
0 114
0 124
0 139
0 150
0 157
0 175
0 185
0 188
0 222
0 224
0 229
0 245
0 264
0 279
0 293
0 296
0 304
0 312
0 326
0 327
0 339
0 392
0 394
0 395
1 2
1 55
1 58
1 60
1 71
1 94
1 104
1 109
1 111
1 112
1 131
1 143
1 145
1 146
1 152
1 212
1 214
1 220
1 234
1 254
1 276
1 286
1 287
1 290
1 300
1 344
1 349
1 354
1 381
1 391
1 397
1 398
2 7
2 35
2 37
2 46
2 61
2 68
2 69
2 85
2 86
2 101
2 128
2 138
2 159
2 168
2 171
2 176
2 182
2 211
2 215
2 223
2 243
2 247
2 257
2 285
2 298
2 331
2 343
2 365
2 366
2 373
2 386
3 4
3 21
3 34
3 39
3 44
3 78
3 93
3 102
3 108
3 118
3 133
3 141
3 149
3 151
3 154
3 155
3 160
3 190
3 193
3 195
3 196
3 198
3 205
3 209
3 213
3 216
3 217
3 219
3 232
3 250
3 277
3 284
3 305
3 311
3 318
3 330
3 332
3 337
3 345
3 351
3 359
3 368
3 372
3 383
3 387
4 20
4 23
4 27
4 33
4 45
4 47
4 52
4 53
4 66
4 75
4 77
4 79
4 137
4 147
4 169
4 187
4 192
4 226
4 235
4 244
4 259
4 262
4 292
4 302
4 310
4 338
4 346
4 348
4 363
4 370
4 377
4 378
4 396
5 10
5 15
5 16
5 22
5 32
5 42
5 49
5 72
5 84
5 89
5 92
5 113
5 119
5 126
5 140
5 144
5 161
5 163
5 164
5 191
5 197
5 199
5 207
5 210
5 225
5 227
5 230
5 261
5 267
5 272
5 274
5 280
5 299
5 322
5 355
5 360
5 376
6 0
6 25
6 26
6 51
6 54
6 57
6 62
6 65
6 82
6 83
6 100
6 162
6 180
6 239
6 240
6 242
6 253
6 260
6 273
6 278
6 313
6 333
6 335
6 336
6 342
6 347
6 357
6 367
6 371
6 393
7 5
7 6
7 13
7 24
7 29
7 36
7 56
7 67
7 87
7 91
7 107
7 117
7 122
7 129
7 135
7 142
7 167
7 172
7 179
7 189
7 194
7 208
7 218
7 221
7 246
7 249
7 251
7 256
7 295
7 303
7 306
7 309
7 340
7 350
7 352
7 358
7 361
7 364
7 374
7 380
7 390
7 399
8 9
8 48
8 88
8 90
8 120
8 136
8 174
8 186
8 200
8 202
8 238
8 241
8 268
8 269
8 329
8 341
8 388
9 3
9 28
9 59
9 81
9 95
9 96
9 121
9 134
9 153
9 166
9 177
9 178
9 184
9 206
9 252
9 258
9 294
9 297
9 308
9 314
9 319
9 325
9 334
9 356
9 382
9 384
10 41
10 64
10 70
10 103
10 125
10 156
10 165
10 173
10 203
10 204
10 228
10 233
10 248
10 271
10 301
10 315
10 316
10 320
10 323
10 324
10 369
11 18
11 19
11 76
11 127
11 183
11 237
11 255
11 265
11 275
11 282
11 289
11 291
11 362
11 375
11 385
12 14
12 17
12 31
12 43
12 50
12 74
12 80
12 97
12 98
12 115
12 116
12 123
12 130
12 132
12 148
12 158
12 170
12 181
12 201
12 231
12 236
12 263
12 266
12 270
12 281
12 283
12 288
12 307
12 317
12 321
12 328
12 353
12 379
12 389
