0 4
0 39
0 44
0 78
0 93
0 102
0 118
0 133
0 141
0 149
0 151
0 154
0 155
0 160
0 190
0 193
0 195
0 196
0 198
0 205
0 209
0 216
0 217
0 232
0 250
0 277
0 284
0 305
0 318
0 330
0 332
0 345
0 351
0 368
0 372
0 383
0 387
1 20
1 33
1 47
1 53
1 58
1 60
1 66
1 107
1 111
1 112
1 131
1 137
1 145
1 147
1 187
1 213
1 214
1 220
1 226
1 234
1 235
1 259
1 276
1 285
1 286
1 287
1 290
1 300
1 302
1 310
1 331
1 337
1 344
1 346
1 349
1 354
1 370
1 396
1 398
2 3
2 28
2 55
2 81
2 95
2 96
2 121
2 134
2 153
2 166
2 177
2 178
2 184
2 206
2 252
2 258
2 294
2 297
2 308
2 314
2 319
2 325
2 334
2 356
2 382
2 384
3 18
3 19
3 76
3 127
3 183
3 237
3 255
3 265
3 275
3 282
3 289
3 291
3 362
3 375
3 385
4 1
4 8
4 11
4 12
4 30
4 38
4 40
4 73
4 99
4 106
4 108
4 114
4 124
4 139
4 188
4 222
4 224
4 229
4 264
4 288
4 293
4 296
4 304
4 312
4 326
4 339
4 359
4 379
4 389
4 392
5 14
5 17
5 31
5 43
5 50
5 74
5 80
5 97
5 98
5 115
5 116
5 123
5 130
5 132
5 148
5 158
5 170
5 181
5 201
5 231
5 236
5 263
5 266
5 270
5 281
5 283
5 307
5 317
5 321
5 328
5 353
5 381
5 391
6 9
6 48
6 88
6 90
6 120
6 136
6 174
6 186
6 200
6 238
6 241
6 268
6 269
6 329
6 341
7 10
7 15
7 16
7 22
7 32
7 42
7 49
7 72
7 84
7 89
7 92
7 113
7 119
7 126
7 140
7 144
7 161
7 163
7 164
7 191
7 197
7 199
7 207
7 210
7 225
7 227
7 230
7 261
7 267
7 272
7 274
7 280
7 299
7 322
7 355
7 360
7 376
8 41
8 64
8 70
8 125
8 156
8 165
8 173
8 203
8 204
8 233
8 248
8 271
8 301
8 315
8 320
8 323
8 324
8 369
9 7
9 35
9 37
9 46
9 61
9 68
9 69
9 85
9 86
9 101
9 128
9 138
9 159
9 168
9 171
9 176
9 182
9 211
9 215
9 223
9 243
9 247
9 257
9 298
9 343
9 365
9 366
9 386
10 0
10 2
10 25
10 26
10 51
10 54
10 57
10 59
10 62
10 65
10 71
10 82
10 83
10 94
10 100
10 104
10 109
10 143
10 146
10 152
10 180
10 212
10 239
10 240
10 242
10 254
10 260
10 273
10 278
10 313
10 335
10 342
10 347
10 357
10 371
10 393
10 397
11 5
11 6
11 13
11 24
11 29
11 36
11 56
11 67
11 87
11 91
11 117
11 122
11 129
11 135
11 142
11 167
11 172
11 179
11 189
11 194
11 208
11 218
11 221
11 246
11 249
11 251
11 256
11 295
11 303
11 306
11 309
11 340
11 350
11 352
11 358
11 361
11 364
11 374
11 380
11 390
11 399
12 21
12 34
12 63
12 103
12 105
12 110
12 150
12 157
12 175
12 185
12 202
12 219
12 228
12 245
12 279
12 311
12 316
12 327
12 373
12 388
12 394
12 395
13 23
13 27
13 45
13 52
13 75
13 77
13 79
13 162
13 169
13 192
13 244
13 253
13 262
13 292
13 333
13 336
13 338
13 348
13 363
13 367
13 377
13 378
