0 15
0 16
0 32
0 42
0 49
0 72
0 89
0 113
0 119
0 126
0 140
0 144
0 161
0 163
0 191
0 197
0 199
0 227
0 230
0 258
0 261
0 267
0 272
0 274
0 280
0 299
0 322
0 355
0 360
0 376
1 1
1 21
1 30
1 63
1 73
1 103
1 105
1 110
1 114
1 124
1 139
1 150
1 157
1 175
1 185
1 202
1 220
1 245
1 279
1 316
1 326
1 327
1 328
1 339
1 388
1 394
1 395
2 20
2 33
2 35
2 37
2 47
2 66
2 107
2 138
2 168
2 213
2 235
2 247
2 257
2 276
2 285
2 298
2 309
2 331
2 337
2 366
2 370
2 396
3 0
3 26
3 57
3 62
3 65
3 82
3 83
3 162
3 239
3 240
3 242
3 253
3 260
3 273
3 278
3 292
3 313
3 333
3 335
3 336
3 342
3 367
3 371
4 7
4 34
4 46
4 61
4 68
4 69
4 85
4 86
4 101
4 159
4 171
4 182
4 211
4 215
4 219
4 223
4 228
4 243
4 343
4 365
4 373
4 386
5 14
5 31
5 50
5 74
5 80
5 97
5 98
5 115
5 116
5 123
5 132
5 148
5 158
5 170
5 181
5 201
5 231
5 236
5 263
5 270
5 281
5 283
5 307
5 317
5 321
5 353
5 391
6 2
6 25
6 51
6 54
6 58
6 60
6 71
6 94
6 104
6 109
6 111
6 112
6 131
6 143
6 145
6 146
6 152
6 180
6 212
6 234
6 254
6 286
6 287
6 290
6 300
6 344
6 347
6 349
6 354
6 357
6 381
6 393
6 397
6 398
7 41
7 64
7 70
7 125
7 156
7 165
7 173
7 203
7 204
7 233
7 248
7 271
7 301
7 315
7 320
7 323
7 324
7 369
8 24
8 117
8 129
8 167
8 189
8 194
8 249
8 251
8 295
8 303
8 306
8 340
8 350
8 361
8 374
8 380
8 385
8 399
9 5
9 6
9 13
9 29
9 36
9 53
9 56
9 67
9 87
9 91
9 122
9 135
9 142
9 147
9 172
9 179
9 207
9 218
9 221
9 246
9 256
9 352
9 358
9 364
9 390
10 8
10 11
10 12
10 17
10 38
10 40
10 43
10 99
10 106
10 108
10 130
10 188
10 222
10 224
10 229
10 264
10 266
10 288
10 293
10 296
10 304
10 312
10 359
10 379
10 389
10 392
11 4
11 10
11 22
11 39
11 44
11 78
11 84
11 92
11 93
11 102
11 118
11 133
11 141
11 149
11 151
11 154
11 155
11 160
11 164
11 190
11 193
11 195
11 196
11 198
11 205
11 209
11 210
11 214
11 216
11 217
11 225
11 232
11 250
11 277
11 284
11 305
11 311
11 318
11 330
11 332
11 345
11 351
11 368
11 372
11 383
11 387
12 18
12 19
12 76
12 127
12 128
12 176
12 183
12 237
12 255
12 265
12 275
12 282
12 289
12 291
12 362
12 375
13 23
13 27
13 45
13 52
13 75
13 77
13 79
13 137
13 169
13 187
13 192
13 208
13 226
13 244
13 259
13 262
13 302
13 310
13 338
13 346
13 348
13 363
13 377
13 378
14 9
14 48
14 88
14 90
14 120
14 136
14 174
14 186
14 200
14 238
14 241
14 268
14 269
14 329
14 341
15 3
15 28
15 55
15 59
15 81
15 95
15 96
15 100
15 121
15 134
15 153
15 166
15 177
15 178
15 184
15 206
15 252
15 294
15 297
15 308
15 314
15 319
15 325
15 334
15 356
15 382
15 384
