0 10
0 15
0 16
0 22
0 32
0 42
0 49
0 72
0 84
0 89
0 92
0 113
0 119
0 140
0 144
0 161
0 163
0 164
0 197
0 199
0 210
0 225
0 227
0 230
0 258
0 261
0 272
0 274
0 280
0 299
0 322
0 355
0 376
1 7
1 34
1 46
1 61
1 68
1 69
1 85
1 86
1 101
1 128
1 159
1 168
1 171
1 182
1 211
1 215
1 219
1 223
1 228
1 243
1 343
1 365
1 373
1 386
2 20
2 33
2 35
2 37
2 47
2 66
2 107
2 138
2 208
2 226
2 247
2 257
2 285
2 298
2 309
2 331
2 338
2 366
2 370
2 396
3 50
3 74
3 97
3 115
3 116
3 132
3 148
3 158
3 181
3 201
3 263
3 317
3 321
4 23
4 27
4 45
4 52
4 75
4 77
4 79
4 137
4 162
4 169
4 187
4 192
4 244
4 259
4 262
4 292
4 302
4 310
4 346
4 348
4 363
4 377
4 378
5 14
5 30
5 31
5 80
5 98
5 114
5 123
5 124
5 170
5 231
5 236
5 270
5 281
5 283
5 288
5 307
5 326
5 328
5 339
5 353
5 389
6 0
6 25
6 26
6 51
6 54
6 57
6 62
6 65
6 82
6 83
6 100
6 180
6 239
6 240
6 242
6 253
6 260
6 273
6 278
6 313
6 333
6 335
6 336
6 342
6 347
6 357
6 367
6 371
6 393
7 41
7 64
7 70
7 165
7 173
7 203
7 204
7 233
7 248
7 271
7 301
7 315
7 320
7 323
7 324
7 369
8 18
8 19
8 76
8 127
8 183
8 237
8 255
8 265
8 275
8 282
8 289
8 291
8 362
8 375
8 385
9 3
9 28
9 55
9 59
9 81
9 95
9 96
9 121
9 134
9 153
9 166
9 177
9 178
9 184
9 206
9 252
9 294
9 297
9 308
9 314
9 319
9 325
9 334
9 356
9 382
9 384
10 24
10 29
10 36
10 87
10 117
10 129
10 167
10 189
10 194
10 246
10 249
10 251
10 295
10 303
10 306
10 340
10 350
10 361
10 374
10 380
10 399
11 4
11 39
11 44
11 78
11 93
11 102
11 118
11 133
11 141
11 149
11 154
11 155
11 160
11 190
11 193
11 195
11 196
11 198
11 205
11 209
11 213
11 216
11 217
11 232
11 250
11 277
11 284
11 305
11 311
11 318
11 330
11 332
11 337
11 345
11 351
11 368
11 372
11 383
11 387
12 5
12 6
12 13
12 53
12 56
12 67
12 91
12 122
12 126
12 135
12 142
12 147
12 151
12 172
12 179
12 191
12 207
12 218
12 221
12 235
12 256
12 267
12 286
12 352
12 358
12 360
12 364
12 390
13 1
13 21
13 63
13 73
13 103
13 105
13 110
13 125
13 139
13 150
13 156
13 157
13 175
13 185
13 202
13 245
13 279
13 316
13 327
13 388
13 394
13 395
14 8
14 11
14 12
14 17
14 38
14 40
14 43
14 99
14 106
14 108
14 130
14 188
14 222
14 224
14 229
14 264
14 266
14 293
14 296
14 304
14 312
14 359
14 379
14 392
15 9
15 48
15 88
15 90
15 120
15 136
15 174
15 176
15 186
15 200
15 238
15 241
15 268
15 269
15 329
15 341
16 2
16 58
16 60
16 71
16 94
16 104
16 109
16 111
16 112
16 131
16 143
16 145
16 146
16 152
16 212
16 214
16 220
16 234
16 254
16 276
16 287
16 290
16 300
16 344
16 349
16 354
16 381
16 391
16 397
16 398
