0 5
0 6
0 13
0 24
0 27
0 29
0 33
0 36
0 37
0 45
0 47
0 53
0 56
0 67
0 75
0 77
0 79
0 87
0 91
0 107
0 117
0 122
0 129
0 135
0 137
0 142
0 147
0 167
0 172
0 179
0 187
0 189
0 194
0 208
0 218
0 221
0 226
0 235
0 244
0 246
0 249
0 251
0 256
0 259
0 267
0 295
0 302
0 303
0 306
0 309
0 310
0 340
0 346
0 350
0 352
0 358
0 361
0 364
0 374
0 377
0 378
0 380
0 385
0 390
0 396
0 399
1 2
1 3
1 4
1 10
1 15
1 16
1 22
1 25
1 26
1 28
1 32
1 39
1 42
1 44
1 49
1 50
1 51
1 54
1 55
1 58
1 59
1 60
1 71
1 72
1 74
1 78
1 80
1 81
1 84
1 89
1 92
1 93
1 94
1 95
1 96
1 97
1 100
1 102
1 104
1 109
1 111
1 112
1 113
1 115
1 116
1 118
1 119
1 121
1 126
1 131
1 132
1 133
1 134
1 140
1 141
1 143
1 144
1 145
1 146
1 148
1 149
1 151
1 152
1 153
1 154
1 155
1 158
1 160
1 161
1 163
1 164
1 166
1 177
1 178
1 180
1 181
1 184
1 190
1 191
1 193
1 195
1 196
1 197
1 198
1 199
1 201
1 205
1 206
1 207
1 209
1 210
1 212
1 213
1 214
1 216
1 217
1 225
1 227
1 230
1 232
1 234
1 239
1 242
1 250
1 252
1 254
1 258
1 260
1 261
1 263
1 272
1 274
1 277
1 278
1 280
1 284
1 286
1 287
1 290
1 294
1 297
1 299
1 300
1 305
1 307
1 308
1 314
1 317
1 318
1 319
1 321
1 322
1 325
1 330
1 332
1 334
1 337
1 344
1 345
1 347
1 349
1 351
1 354
1 355
1 356
1 357
1 360
1 368
1 372
1 376
1 381
1 382
1 383
1 384
1 387
1 391
1 393
1 397
1 398
2 0
2 7
2 9
2 18
2 19
2 20
2 23
2 35
2 46
2 48
2 52
2 57
2 61
2 62
2 65
2 66
2 68
2 76
2 82
2 83
2 85
2 86
2 88
2 90
2 101
2 127
2 128
2 136
2 138
2 159
2 162
2 168
2 169
2 171
2 176
2 183
2 192
2 211
2 215
2 237
2 240
2 241
2 247
2 253
2 255
2 257
2 262
2 265
2 268
2 269
2 273
2 275
2 282
2 285
2 289
2 291
2 292
2 298
2 313
2 331
2 333
2 335
2 336
2 338
2 342
2 348
2 362
2 363
2 366
2 367
2 370
2 371
2 375
2 386
3 1
3 8
3 11
3 12
3 14
3 17
3 21
3 30
3 31
3 34
3 38
3 40
3 41
3 43
3 63
3 64
3 69
3 70
3 73
3 98
3 99
3 103
3 105
3 106
3 108
3 110
3 114
3 120
3 123
3 124
3 125
3 130
3 139
3 150
3 156
3 157
3 165
3 170
3 173
3 174
3 175
3 182
3 185
3 186
3 188
3 200
3 202
3 203
3 204
3 219
3 220
3 222
3 223
3 224
3 228
3 229
3 231
3 233
3 236
3 238
3 243
3 245
3 248
3 264
3 266
3 270
3 271
3 276
3 279
3 281
3 283
3 288
3 293
3 296
3 301
3 304
3 311
3 312
3 315
3 316
3 320
3 323
3 324
3 326
3 327
3 328
3 329
3 339
3 341
3 343
3 353
3 359
3 365
3 369
3 373
3 379
3 388
3 389
3 392
3 394
3 395
