0 0
0 2
0 23
0 25
0 26
0 27
0 28
0 51
0 54
0 55
0 57
0 58
0 59
0 60
0 62
0 65
0 71
0 77
0 82
0 83
0 94
0 100
0 104
0 109
0 111
0 112
0 121
0 131
0 134
0 137
0 143
0 145
0 146
0 152
0 162
0 177
0 178
0 180
0 201
0 206
0 212
0 234
0 239
0 240
0 242
0 253
0 254
0 260
0 273
0 278
0 286
0 287
0 290
0 292
0 294
0 300
0 310
0 313
0 314
0 325
0 333
0 335
0 336
0 342
0 344
0 347
0 349
0 354
0 357
0 367
0 371
0 377
0 381
0 393
0 397
0 398
1 18
1 19
1 20
1 24
1 33
1 35
1 37
1 45
1 47
1 52
1 66
1 75
1 76
1 79
1 122
1 127
1 136
1 138
1 168
1 169
1 183
1 187
1 192
1 208
1 226
1 237
1 244
1 247
1 249
1 255
1 257
1 259
1 262
1 265
1 275
1 282
1 285
1 289
1 291
1 295
1 298
1 302
1 309
1 331
1 338
1 346
1 348
1 361
1 362
1 363
1 366
1 370
1 375
1 378
1 380
1 385
1 386
1 396
2 1
2 8
2 11
2 12
2 14
2 17
2 30
2 31
2 38
2 40
2 43
2 50
2 74
2 80
2 97
2 98
2 99
2 106
2 108
2 114
2 115
2 116
2 123
2 124
2 130
2 132
2 133
2 148
2 154
2 157
2 158
2 170
2 181
2 188
2 198
2 217
2 220
2 222
2 224
2 229
2 231
2 236
2 245
2 263
2 264
2 266
2 270
2 281
2 283
2 288
2 293
2 296
2 304
2 307
2 312
2 317
2 321
2 326
2 328
2 339
2 351
2 353
2 359
2 372
2 379
2 389
2 391
2 392
2 394
3 7
3 9
3 21
3 34
3 41
3 46
3 48
3 61
3 63
3 64
3 68
3 69
3 70
3 73
3 85
3 86
3 88
3 90
3 101
3 103
3 105
3 110
3 120
3 125
3 128
3 139
3 150
3 156
3 159
3 165
3 171
3 173
3 174
3 175
3 176
3 182
3 185
3 186
3 200
3 202
3 203
3 204
3 211
3 215
3 219
3 223
3 228
3 233
3 238
3 241
3 243
3 248
3 268
3 269
3 271
3 276
3 279
3 301
3 315
3 316
3 320
3 323
3 324
3 327
3 329
3 341
3 343
3 365
3 369
3 373
3 388
3 395
4 3
4 4
4 5
4 6
4 10
4 13
4 15
4 16
4 22
4 29
4 32
4 36
4 39
4 42
4 44
4 49
4 53
4 56
4 67
4 72
4 78
4 81
4 84
4 87
4 89
4 91
4 92
4 93
4 95
4 96
4 102
4 107
4 113
4 117
4 118
4 119
4 126
4 129
4 135
4 140
4 141
4 142
4 144
4 147
4 149
4 151
4 153
4 155
4 160
4 161
4 163
4 164
4 166
4 167
4 172
4 179
4 184
4 189
4 190
4 191
4 193
4 194
4 195
4 196
4 197
4 199
4 205
4 207
4 209
4 210
4 213
4 214
4 216
4 218
4 221
4 225
4 227
4 230
4 232
4 235
4 246
4 250
4 251
4 252
4 256
4 258
4 261
4 267
4 272
4 274
4 277
4 280
4 284
4 297
4 299
4 303
4 305
4 306
4 308
4 311
4 318
4 319
4 322
4 330
4 332
4 334
4 337
4 340
4 345
4 350
4 352
4 355
4 356
4 358
4 360
4 364
4 368
4 374
4 376
4 382
4 383
4 384
4 387
4 390
4 399
