0 4
0 6
0 21
0 34
0 39
0 44
0 56
0 63
0 78
0 93
0 102
0 105
0 108
0 110
0 118
0 131
0 133
0 137
0 141
0 149
0 151
0 154
0 155
0 157
0 160
0 190
0 193
0 195
0 196
0 198
0 205
0 207
0 209
0 213
0 214
0 216
0 217
0 219
0 232
0 235
0 250
0 277
0 279
0 284
0 305
0 311
0 318
0 330
0 332
0 337
0 345
0 351
0 359
0 368
0 372
0 383
0 387
0 390
1 50
1 55
1 58
1 60
1 71
1 74
1 80
1 94
1 97
1 104
1 112
1 115
1 116
1 123
1 132
1 158
1 175
1 181
1 201
1 212
1 220
1 231
1 254
1 263
1 276
1 281
1 287
1 290
1 300
1 307
1 317
1 321
1 328
1 344
1 349
1 354
1 381
1 391
1 398
2 7
2 18
2 19
2 20
2 35
2 46
2 48
2 61
2 66
2 68
2 69
2 76
2 85
2 86
2 101
2 127
2 128
2 136
2 138
2 159
2 168
2 171
2 176
2 182
2 211
2 215
2 223
2 237
2 243
2 247
2 255
2 257
2 265
2 269
2 275
2 282
2 285
2 289
2 291
2 298
2 331
2 343
2 362
2 365
2 366
2 370
2 373
2 386
3 0
3 2
3 23
3 25
3 26
3 27
3 51
3 52
3 54
3 57
3 62
3 65
3 77
3 82
3 83
3 109
3 111
3 143
3 145
3 146
3 152
3 162
3 169
3 180
3 192
3 234
3 239
3 240
3 242
3 244
3 253
3 260
3 262
3 273
3 278
3 292
3 302
3 310
3 313
3 333
3 335
3 336
3 342
3 346
3 347
3 357
3 363
3 367
3 371
3 377
3 378
3 397
4 10
4 15
4 16
4 22
4 32
4 42
4 49
4 72
4 84
4 89
4 92
4 113
4 119
4 126
4 140
4 144
4 161
4 163
4 164
4 191
4 197
4 199
4 210
4 225
4 227
4 230
4 261
4 267
4 272
4 274
4 280
4 299
4 322
4 355
4 360
4 376
5 5
5 13
5 24
5 29
5 33
5 36
5 37
5 45
5 47
5 53
5 67
5 75
5 79
5 87
5 91
5 107
5 117
5 122
5 129
5 135
5 142
5 147
5 167
5 172
5 179
5 183
5 187
5 189
5 194
5 208
5 218
5 221
5 226
5 246
5 249
5 251
5 256
5 259
5 295
5 303
5 306
5 309
5 338
5 340
5 348
5 350
5 352
5 358
5 361
5 364
5 374
5 375
5 380
5 385
5 396
5 399
6 3
6 28
6 59
6 81
6 95
6 96
6 100
6 121
6 134
6 148
6 153
6 166
6 177
6 178
6 184
6 206
6 252
6 258
6 286
6 294
6 297
6 308
6 314
6 319
6 325
6 334
6 356
6 382
6 384
6 393
7 1
7 8
7 11
7 12
7 14
7 17
7 30
7 31
7 38
7 40
7 43
7 98
7 99
7 106
7 114
7 124
7 130
7 139
7 170
7 185
7 188
7 222
7 224
7 229
7 236
7 245
7 264
7 266
7 270
7 283
7 288
7 293
7 296
7 304
7 312
7 326
7 339
7 353
7 379
7 389
7 392
7 394
8 9
8 41
8 64
8 70
8 73
8 88
8 90
8 103
8 120
8 125
8 150
8 156
8 165
8 173
8 174
8 186
8 200
8 202
8 203
8 204
8 228
8 233
8 238
8 241
8 248
8 268
8 271
8 301
8 315
8 316
8 320
8 323
8 324
8 327
8 329
8 341
8 369
8 388
8 395
