0 5
0 6
0 13
0 24
0 29
0 36
0 56
0 67
0 87
0 91
0 135
0 142
0 167
0 179
0 194
0 218
0 221
0 246
0 295
0 303
0 306
0 350
0 358
0 390
1 48
1 57
1 82
1 90
1 120
1 176
1 200
1 220
1 241
1 268
1 269
1 273
1 276
1 313
1 329
1 342
1 363
1 398
2 0
2 23
2 25
2 52
2 83
2 109
2 112
2 127
2 131
2 145
2 169
2 192
2 234
2 235
2 237
2 242
2 244
2 253
2 262
2 275
2 291
2 292
2 302
2 333
2 344
2 346
2 357
2 367
3 2
3 26
3 51
3 54
3 58
3 59
3 60
3 62
3 65
3 104
3 143
3 146
3 152
3 175
3 180
3 212
3 214
3 254
3 260
3 278
3 287
3 290
3 300
3 328
3 335
3 336
3 347
3 349
3 354
3 371
3 393
3 397
4 3
4 10
4 15
4 39
4 55
4 81
4 92
4 95
4 96
4 121
4 134
4 153
4 166
4 177
4 178
4 184
4 205
4 206
4 210
4 252
4 280
4 294
4 297
4 305
4 308
4 314
4 319
4 325
4 356
4 382
4 384
4 387
5 9
5 27
5 63
5 64
5 75
5 77
5 79
5 88
5 93
5 103
5 105
5 110
5 111
5 117
5 122
5 125
5 129
5 137
5 150
5 151
5 156
5 162
5 172
5 186
5 187
5 190
5 202
5 228
5 249
5 251
5 259
5 279
5 310
5 316
5 324
5 327
5 334
5 340
5 348
5 361
5 364
5 369
5 372
5 374
5 377
5 378
5 395
5 396
5 399
6 16
6 17
6 22
6 28
6 32
6 43
6 49
6 50
6 71
6 74
6 80
6 97
6 108
6 113
6 115
6 141
6 148
6 149
6 158
6 161
6 164
6 188
6 193
6 198
6 199
6 201
6 239
6 240
6 261
6 263
6 266
6 267
6 274
6 283
6 317
6 321
6 359
6 360
6 368
6 381
7 1
7 8
7 11
7 12
7 38
7 40
7 73
7 106
7 133
7 139
7 154
7 157
7 224
7 296
7 312
7 323
7 379
7 392
8 4
8 30
8 37
8 44
8 45
8 53
8 68
8 76
8 78
8 94
8 100
8 101
8 116
8 126
8 128
8 132
8 147
8 155
8 159
8 160
8 171
8 181
8 183
8 185
8 189
8 195
8 196
8 207
8 209
8 211
8 213
8 215
8 216
8 232
8 245
8 250
8 264
8 277
8 284
8 286
8 309
8 318
8 330
8 332
8 343
8 345
8 351
8 375
8 380
8 383
8 385
8 386
9 14
9 31
9 98
9 99
9 114
9 123
9 124
9 130
9 170
9 217
9 222
9 229
9 231
9 236
9 270
9 281
9 288
9 293
9 304
9 307
9 326
9 339
9 353
9 389
9 391
9 394
10 18
10 19
10 168
10 247
10 255
10 257
10 265
10 282
10 289
10 298
10 362
10 366
11 20
11 33
11 35
11 47
11 66
11 107
11 136
11 138
11 174
11 208
11 226
11 256
11 285
11 331
11 337
11 338
11 352
11 370
11 373
12 7
12 21
12 34
12 41
12 46
12 61
12 69
12 70
12 85
12 86
12 102
12 165
12 173
12 182
12 203
12 204
12 219
12 223
12 233
12 238
12 243
12 248
12 271
12 301
12 311
12 315
12 320
12 341
12 365
12 388
13 42
13 72
13 84
13 89
13 118
13 119
13 140
13 144
13 163
13 191
13 197
13 225
13 227
13 230
13 258
13 272
13 299
13 322
13 355
13 376
