0 169
0 192
0 244
0 302
0 346
0 363
1 7
1 34
1 46
1 48
1 61
1 68
1 69
1 70
1 76
1 85
1 86
1 101
1 102
1 127
1 128
1 159
1 165
1 171
1 173
1 176
1 223
1 228
1 233
1 237
1 243
1 248
1 269
1 271
1 275
1 291
1 301
1 311
1 365
2 20
2 33
2 35
2 47
2 66
2 79
2 107
2 117
2 122
2 129
2 136
2 138
2 172
2 187
2 208
2 213
2 226
2 235
2 249
2 256
2 285
2 331
2 337
2 338
2 348
2 352
2 361
2 370
2 375
2 396
3 1
3 8
3 11
3 12
3 14
3 17
3 30
3 31
3 38
3 40
3 106
3 108
3 123
3 130
3 133
3 139
3 149
3 154
3 170
3 188
3 193
3 222
3 224
3 264
3 266
3 288
3 293
3 296
3 304
3 312
3 323
3 359
3 372
3 379
3 392
4 21
4 41
4 45
4 53
4 56
4 75
4 126
4 137
4 147
4 182
4 183
4 189
4 199
4 203
4 204
4 207
4 216
4 217
4 219
4 220
4 238
4 267
4 281
4 309
4 315
4 324
4 332
4 343
4 360
4 369
4 373
4 374
4 377
4 378
4 380
4 385
4 388
4 399
5 16
5 89
5 113
5 119
5 140
5 144
5 161
5 163
5 191
5 197
5 227
5 258
5 272
5 355
5 376
6 9
6 63
6 64
6 73
6 88
6 90
6 103
6 105
6 110
6 118
6 120
6 125
6 150
6 156
6 157
6 174
6 175
6 186
6 200
6 202
6 268
6 276
6 279
6 316
6 327
6 341
7 15
7 42
7 72
7 81
7 84
7 92
7 121
7 166
7 184
7 210
7 225
7 230
7 252
7 280
7 299
7 319
7 322
7 325
7 356
7 382
7 384
8 0
8 23
8 25
8 27
8 28
8 52
8 59
8 60
8 83
8 109
8 111
8 112
8 131
8 134
8 145
8 162
8 177
8 212
8 234
8 242
8 253
8 259
8 262
8 292
8 294
8 310
8 333
8 344
8 357
8 367
8 371
9 4
9 43
9 50
9 74
9 78
9 93
9 115
9 116
9 132
9 141
9 160
9 181
9 190
9 195
9 196
9 198
9 201
9 232
9 263
9 284
9 317
9 318
9 320
9 321
9 330
9 345
9 351
9 368
9 383
10 3
10 10
10 22
10 32
10 39
10 44
10 49
10 55
10 94
10 95
10 96
10 97
10 100
10 148
10 151
10 153
10 155
10 158
10 164
10 178
10 205
10 206
10 209
10 211
10 215
10 239
10 241
10 250
10 261
10 274
10 277
10 297
10 305
10 308
10 314
10 329
10 334
10 381
10 386
10 387
10 395
11 5
11 6
11 13
11 24
11 29
11 36
11 67
11 77
11 87
11 91
11 135
11 142
11 167
11 179
11 194
11 218
11 221
11 246
11 251
11 286
11 295
11 303
11 306
11 340
11 350
11 358
11 364
11 390
12 18
12 19
12 37
12 168
12 247
12 255
12 257
12 265
12 282
12 289
12 298
12 362
12 366
13 98
13 99
13 114
13 124
13 185
13 229
13 236
13 245
13 270
13 283
13 326
13 339
13 353
13 389
13 394
14 2
14 26
14 51
14 54
14 57
14 58
14 62
14 65
14 71
14 80
14 82
14 104
14 143
14 146
14 152
14 180
14 214
14 231
14 240
14 254
14 260
14 273
14 278
14 287
14 290
14 300
14 307
14 313
14 328
14 335
14 336
14 342
14 347
14 349
14 354
14 391
14 393
14 397
14 398
