0 25
0 26
0 27
0 60
0 71
0 80
0 83
0 104
0 109
0 111
0 112
0 131
0 137
0 145
0 146
0 158
0 180
0 234
0 239
0 242
0 253
0 310
0 333
0 344
0 381
0 397
1 5
1 6
1 13
1 24
1 29
1 36
1 37
1 56
1 67
1 73
1 87
1 91
1 94
1 105
1 110
1 117
1 122
1 125
1 126
1 129
1 135
1 139
1 142
1 147
1 151
1 156
1 167
1 172
1 179
1 185
1 189
1 194
1 199
1 207
1 218
1 220
1 221
1 245
1 246
1 249
1 251
1 256
1 264
1 295
1 303
1 306
1 309
1 316
1 324
1 327
1 332
1 340
1 350
1 358
1 361
1 363
1 364
1 369
1 374
1 375
1 377
1 390
1 395
1 399
2 3
2 10
2 39
2 55
2 81
2 92
2 95
2 96
2 153
2 164
2 177
2 178
2 184
2 205
2 206
2 210
2 228
2 297
2 299
2 305
2 308
2 314
2 319
2 320
2 356
2 382
2 384
2 387
3 16
3 51
3 53
3 54
3 77
3 100
3 113
3 119
3 163
3 267
3 272
3 278
3 286
3 334
3 347
3 360
3 393
4 4
4 43
4 44
4 50
4 64
4 74
4 78
4 115
4 116
4 132
4 141
4 155
4 160
4 165
4 181
4 195
4 196
4 198
4 201
4 209
4 213
4 216
4 232
4 233
4 240
4 263
4 276
4 277
4 284
4 317
4 318
4 321
4 330
4 345
4 368
4 383
5 2
5 57
5 58
5 62
5 65
5 82
5 134
5 143
5 152
5 175
5 212
5 214
5 241
5 254
5 260
5 268
5 273
5 287
5 290
5 300
5 313
5 328
5 329
5 335
5 336
5 342
5 349
5 354
5 371
5 398
6 21
6 41
6 102
6 182
6 202
6 203
6 204
6 219
6 238
6 311
6 315
6 341
6 373
6 388
7 0
7 127
7 169
7 192
7 237
7 244
7 265
7 275
7 291
7 302
7 346
7 357
8 22
8 32
8 49
8 89
8 93
8 133
8 140
8 144
8 149
8 154
8 161
8 188
8 190
8 191
8 193
8 197
8 227
8 250
8 261
8 274
8 351
8 355
8 372
8 376
9 31
9 98
9 99
9 114
9 123
9 124
9 217
9 222
9 231
9 236
9 270
9 281
9 288
9 304
9 307
9 326
9 339
9 353
9 389
9 391
9 394
10 23
10 45
10 47
10 75
10 79
10 162
10 183
10 187
10 229
10 235
10 259
10 282
10 348
10 367
10 378
10 380
10 385
10 396
11 15
11 28
11 42
11 59
11 72
11 84
11 118
11 121
11 166
11 225
11 230
11 252
11 258
11 280
11 294
11 322
11 325
12 9
12 63
12 88
12 90
12 103
12 120
12 150
12 174
12 186
12 200
12 279
13 20
13 33
13 35
13 52
13 66
13 107
13 136
13 138
13 208
13 226
13 257
13 262
13 285
13 289
13 292
13 331
13 337
13 338
13 352
13 362
13 370
14 7
14 18
14 19
14 34
14 46
14 48
14 61
14 68
14 69
14 70
14 76
14 85
14 86
14 101
14 128
14 159
14 168
14 171
14 173
14 176
14 211
14 215
14 223
14 243
14 247
14 248
14 255
14 269
14 271
14 298
14 301
14 343
14 365
14 366
14 386
15 1
15 8
15 11
15 12
15 14
15 17
15 30
15 38
15 40
15 97
15 106
15 108
15 130
15 148
15 157
15 170
15 224
15 266
15 283
15 293
15 296
15 312
15 323
15 359
15 379
15 392
