0 2
0 26
0 51
0 54
0 57
0 58
0 59
0 62
0 65
0 82
0 143
0 152
0 214
0 240
0 254
0 260
0 268
0 273
0 278
0 287
0 290
0 300
0 313
0 328
0 335
0 336
0 342
0 347
0 349
0 354
0 371
0 393
0 398
1 18
1 19
1 168
1 247
1 255
1 257
1 265
1 282
1 289
1 298
1 362
1 366
2 14
2 31
2 98
2 99
2 114
2 123
2 124
2 130
2 170
2 217
2 220
2 222
2 231
2 236
2 264
2 270
2 281
2 288
2 293
2 304
2 307
2 326
2 339
2 353
2 379
2 389
2 391
2 394
3 4
3 25
3 50
3 60
3 71
3 74
3 80
3 104
3 109
3 112
3 115
3 116
3 131
3 132
3 146
3 158
3 160
3 180
3 181
3 195
3 196
3 201
3 232
3 234
3 239
3 242
3 253
3 263
3 317
3 318
3 330
3 333
3 344
3 345
3 381
3 397
4 7
4 21
4 41
4 46
4 48
4 61
4 69
4 85
4 101
4 102
4 128
4 159
4 173
4 175
4 182
4 185
4 198
4 202
4 203
4 204
4 211
4 215
4 219
4 228
4 238
4 241
4 243
4 271
4 315
4 329
4 341
4 343
4 365
4 373
4 385
4 386
4 388
5 23
5 27
5 45
5 53
5 75
5 77
5 79
5 83
5 111
5 122
5 137
5 147
5 162
5 169
5 183
5 187
5 192
5 244
5 259
5 267
5 302
5 310
5 346
5 348
5 361
5 363
5 377
5 378
5 396
6 12
6 16
6 17
6 22
6 30
6 32
6 49
6 97
6 108
6 113
6 126
6 148
6 149
6 151
6 154
6 161
6 164
6 166
6 188
6 191
6 193
6 207
6 224
6 261
6 266
6 274
6 283
6 312
6 323
6 324
6 334
6 359
6 360
6 369
6 395
7 37
7 43
7 44
7 76
7 93
7 105
7 117
7 125
7 129
7 133
7 141
7 155
7 172
7 189
7 190
7 209
7 229
7 249
7 250
7 251
7 256
7 284
7 309
7 320
7 321
7 327
7 340
7 351
7 364
7 368
7 372
7 374
7 375
7 380
7 383
7 399
8 15
8 42
8 72
8 84
8 89
8 92
8 118
8 119
8 140
8 144
8 163
8 197
8 199
8 216
8 225
8 227
8 230
8 258
8 272
8 277
8 280
8 299
8 322
8 355
8 376
9 9
9 63
9 64
9 88
9 90
9 103
9 110
9 120
9 150
9 156
9 174
9 186
9 200
9 276
9 279
9 316
10 1
10 8
10 11
10 38
10 40
10 73
10 106
10 139
10 157
10 296
10 392
11 5
11 6
11 13
11 24
11 29
11 36
11 67
11 87
11 91
11 135
11 142
11 167
11 179
11 194
11 218
11 221
11 245
11 246
11 295
11 303
11 306
11 332
11 350
11 352
11 358
11 390
12 3
12 28
12 55
12 56
12 94
12 100
12 121
12 134
12 177
12 178
12 206
12 212
12 252
12 286
12 294
12 319
12 325
12 367
13 20
13 33
13 35
13 47
13 66
13 68
13 107
13 127
13 136
13 138
13 171
13 208
13 213
13 226
13 235
13 237
13 275
13 285
13 291
13 331
13 337
13 338
13 370
14 0
14 52
14 145
14 262
14 292
14 357
15 34
15 70
15 86
15 165
15 176
15 223
15 233
15 248
15 269
15 301
15 311
16 10
16 39
16 78
16 81
16 95
16 96
16 153
16 184
16 205
16 210
16 297
16 305
16 308
16 314
16 356
16 382
16 384
16 387
