0 0
0 3
0 10
0 28
0 39
0 55
0 59
0 78
0 81
0 83
0 94
0 95
0 96
0 121
0 134
0 153
0 156
0 164
0 177
0 178
0 184
0 205
0 206
0 210
0 230
0 252
0 258
0 260
0 294
0 297
0 305
0 308
0 314
0 319
0 325
0 356
0 357
0 367
0 371
0 382
0 384
0 387
1 14
1 25
1 31
1 60
1 71
1 80
1 98
1 99
1 104
1 109
1 111
1 112
1 114
1 116
1 123
1 124
1 130
1 131
1 132
1 145
1 146
1 158
1 162
1 170
1 180
1 181
1 201
1 217
1 222
1 229
1 231
1 234
1 236
1 239
1 242
1 253
1 263
1 270
1 281
1 283
1 288
1 292
1 304
1 307
1 326
1 333
1 339
1 344
1 353
1 378
1 381
1 389
1 391
1 394
1 397
2 2
2 9
2 16
2 26
2 51
2 54
2 57
2 58
2 62
2 65
2 66
2 77
2 82
2 88
2 100
2 113
2 119
2 120
2 143
2 152
2 163
2 175
2 186
2 212
2 214
2 240
2 241
2 254
2 262
2 268
2 272
2 273
2 278
2 279
2 286
2 287
2 290
2 300
2 313
2 328
2 335
2 336
2 341
2 342
2 347
2 349
2 354
2 360
2 363
2 370
2 393
2 398
3 1
3 4
3 5
3 6
3 7
3 8
3 11
3 12
3 13
3 15
3 17
3 18
3 19
3 20
3 21
3 22
3 23
3 24
3 27
3 29
3 30
3 32
3 33
3 34
3 35
3 36
3 37
3 38
3 40
3 41
3 42
3 43
3 44
3 45
3 46
3 47
3 48
3 49
3 50
3 52
3 53
3 56
3 61
3 63
3 64
3 67
3 68
3 69
3 70
3 72
3 73
3 74
3 75
3 76
3 79
3 84
3 85
3 86
3 87
3 89
3 90
3 91
3 92
3 93
3 97
3 101
3 102
3 103
3 105
3 106
3 107
3 108
3 110
3 115
3 117
3 118
3 122
3 125
3 126
3 127
3 128
3 129
3 133
3 135
3 136
3 137
3 138
3 139
3 140
3 141
3 142
3 144
3 147
3 148
3 149
3 150
3 151
3 154
3 155
3 157
3 159
3 160
3 161
3 165
3 166
3 167
3 168
3 169
3 171
3 172
3 173
3 174
3 176
3 179
3 182
3 183
3 185
3 187
3 188
3 189
3 190
3 191
3 192
3 193
3 194
3 195
3 196
3 197
3 198
3 199
3 200
3 202
3 203
3 204
3 207
3 208
3 209
3 211
3 213
3 215
3 216
3 218
3 219
3 220
3 221
3 223
3 224
3 225
3 226
3 227
3 228
3 232
3 233
3 235
3 237
3 238
3 243
3 244
3 245
3 246
3 247
3 248
3 249
3 250
3 251
3 255
3 256
3 257
3 259
3 261
3 264
3 265
3 266
3 267
3 269
3 271
3 274
3 275
3 276
3 277
3 280
3 282
3 284
3 285
3 289
3 291
3 293
3 295
3 296
3 298
3 299
3 301
3 302
3 303
3 306
3 309
3 310
3 311
3 312
3 315
3 316
3 317
3 318
3 320
3 321
3 322
3 323
3 324
3 327
3 329
3 330
3 331
3 332
3 334
3 337
3 338
3 340
3 343
3 345
3 346
3 348
3 350
3 351
3 352
3 355
3 358
3 359
3 361
3 362
3 364
3 365
3 366
3 368
3 369
3 372
3 373
3 374
3 375
3 376
3 377
3 379
3 380
3 383
3 385
3 386
3 388
3 390
3 392
3 395
3 396
3 399
