0 1
0 8
0 11
0 12
0 14
0 17
0 22
0 30
0 31
0 32
0 38
0 40
0 49
0 73
0 80
0 97
0 98
0 99
0 105
0 106
0 108
0 110
0 114
0 118
0 123
0 124
0 125
0 126
0 130
0 139
0 148
0 149
0 154
0 156
0 157
0 158
0 161
0 164
0 170
0 185
0 191
0 202
0 217
0 220
0 222
0 224
0 229
0 231
0 236
0 239
0 245
0 261
0 264
0 266
0 270
0 274
0 281
0 283
0 288
0 293
0 296
0 304
0 307
0 312
0 316
0 323
0 324
0 326
0 327
0 339
0 353
0 359
0 369
0 379
0 381
0 389
0 391
0 392
0 394
0 395
1 0
1 7
1 18
1 19
1 20
1 23
1 25
1 33
1 37
1 52
1 61
1 66
1 68
1 69
1 76
1 79
1 85
1 101
1 107
1 109
1 112
1 127
1 128
1 131
1 136
1 138
1 145
1 151
1 159
1 168
1 171
1 183
1 187
1 211
1 213
1 215
1 226
1 234
1 235
1 237
1 247
1 253
1 255
1 257
1 262
1 265
1 275
1 282
1 285
1 289
1 291
1 292
1 298
1 302
1 309
1 331
1 334
1 337
1 338
1 344
1 348
1 357
1 362
1 366
1 367
1 370
1 375
1 386
1 396
2 2
2 9
2 26
2 48
2 51
2 54
2 57
2 58
2 60
2 62
2 65
2 71
2 82
2 88
2 90
2 100
2 104
2 120
2 143
2 146
2 152
2 175
2 176
2 180
2 186
2 200
2 212
2 214
2 240
2 241
2 254
2 260
2 268
2 269
2 273
2 276
2 278
2 279
2 286
2 287
2 290
2 300
2 313
2 328
2 329
2 335
2 336
2 341
2 342
2 347
2 349
2 354
2 363
2 371
2 393
2 397
2 398
3 16
3 21
3 27
3 34
3 35
3 41
3 45
3 46
3 53
3 56
3 70
3 75
3 77
3 86
3 89
3 102
3 111
3 113
3 119
3 137
3 140
3 144
3 147
3 162
3 163
3 165
3 169
3 173
3 174
3 182
3 192
3 197
3 199
3 203
3 204
3 207
3 219
3 223
3 227
3 233
3 243
3 244
3 248
3 259
3 267
3 272
3 301
3 310
3 311
3 315
3 332
3 343
3 346
3 355
3 360
3 365
3 373
3 376
3 378
3 380
3 385
4 5
4 6
4 13
4 24
4 29
4 36
4 47
4 67
4 83
4 87
4 91
4 122
4 129
4 135
4 142
4 167
4 179
4 189
4 194
4 208
4 218
4 221
4 246
4 249
4 251
4 256
4 295
4 303
4 306
4 333
4 340
4 350
4 352
4 358
4 361
4 364
4 377
4 390
5 3
5 10
5 15
5 28
5 39
5 42
5 55
5 59
5 72
5 81
5 84
5 92
5 94
5 95
5 96
5 121
5 134
5 153
5 166
5 177
5 178
5 184
5 205
5 206
5 210
5 225
5 228
5 230
5 252
5 258
5 271
5 280
5 294
5 297
5 299
5 305
5 308
5 314
5 319
5 322
5 325
5 356
5 382
5 384
5 387
6 4
6 43
6 44
6 50
6 63
6 64
6 74
6 78
6 93
6 103
6 115
6 116
6 117
6 132
6 133
6 141
6 150
6 155
6 160
6 172
6 181
6 188
6 190
6 193
6 195
6 196
6 198
6 201
6 209
6 216
6 232
6 238
6 242
6 250
6 263
6 277
6 284
6 317
6 318
6 320
6 321
6 330
6 345
6 351
6 368
6 372
6 374
6 383
6 388
6 399
