0 3
0 10
0 28
0 39
0 55
0 59
0 81
0 92
0 95
0 96
0 121
0 134
0 148
0 153
0 164
0 166
0 177
0 178
0 184
0 205
0 206
0 210
0 228
0 252
0 280
0 294
0 297
0 299
0 305
0 308
0 314
0 319
0 320
0 325
0 356
0 382
0 384
0 387
1 14
1 17
1 31
1 43
1 98
1 99
1 108
1 114
1 123
1 124
1 130
1 170
1 217
1 220
1 222
1 229
1 236
1 264
1 270
1 281
1 283
1 288
1 293
1 304
1 307
1 326
1 339
1 353
1 379
1 389
1 391
1 394
2 9
2 33
2 63
2 64
2 73
2 88
2 103
2 105
2 107
2 117
2 120
2 122
2 125
2 129
2 139
2 150
2 156
2 172
2 174
2 186
2 189
2 208
2 249
2 256
2 279
2 296
2 306
2 316
2 327
2 348
2 361
2 374
2 375
2 399
3 2
3 51
3 54
3 57
3 58
3 62
3 65
3 66
3 82
3 143
3 152
3 175
3 214
3 240
3 241
3 254
3 260
3 268
3 273
3 278
3 287
3 290
3 300
3 313
3 328
3 336
3 341
3 342
3 349
3 354
3 363
3 370
3 371
3 393
3 398
4 0
4 4
4 23
4 25
4 26
4 27
4 50
4 52
4 60
4 71
4 74
4 80
4 83
4 104
4 109
4 111
4 112
4 115
4 116
4 131
4 132
4 137
4 145
4 146
4 158
4 160
4 162
4 180
4 181
4 195
4 196
4 201
4 212
4 231
4 232
4 234
4 239
4 242
4 253
4 262
4 263
4 292
4 310
4 317
4 318
4 330
4 333
4 335
4 344
4 345
4 357
4 367
4 381
4 397
5 1
5 5
5 6
5 12
5 13
5 24
5 29
5 30
5 36
5 37
5 38
5 44
5 45
5 47
5 53
5 56
5 67
5 75
5 77
5 79
5 87
5 90
5 91
5 94
5 100
5 110
5 126
5 135
5 142
5 147
5 151
5 155
5 157
5 167
5 179
5 183
5 185
5 187
5 194
5 200
5 202
5 207
5 218
5 221
5 226
5 235
5 244
5 245
5 246
5 251
5 259
5 282
5 286
5 295
5 303
5 323
5 324
5 329
5 332
5 338
5 340
5 347
5 350
5 352
5 358
5 364
5 368
5 369
5 377
5 378
5 380
5 383
5 390
5 395
5 396
6 7
6 11
6 18
6 19
6 20
6 21
6 34
6 35
6 40
6 41
6 46
6 48
6 61
6 68
6 69
6 70
6 76
6 85
6 86
6 97
6 101
6 102
6 127
6 128
6 136
6 138
6 159
6 165
6 168
6 171
6 173
6 176
6 182
6 198
6 203
6 204
6 211
6 213
6 215
6 219
6 223
6 233
6 237
6 238
6 243
6 247
6 248
6 255
6 257
6 265
6 266
6 269
6 271
6 275
6 276
6 285
6 289
6 291
6 298
6 301
6 309
6 311
6 315
6 331
6 337
6 343
6 362
6 365
6 366
6 373
6 385
6 386
6 388
7 8
7 15
7 16
7 22
7 32
7 42
7 49
7 72
7 78
7 84
7 89
7 93
7 106
7 113
7 118
7 119
7 133
7 140
7 141
7 144
7 149
7 154
7 161
7 163
7 169
7 188
7 190
7 191
7 192
7 193
7 197
7 199
7 209
7 216
7 224
7 225
7 227
7 230
7 250
7 258
7 261
7 267
7 272
7 274
7 277
7 284
7 302
7 312
7 321
7 322
7 334
7 346
7 351
7 355
7 359
7 360
7 372
7 376
7 392
