0 3
0 7
0 10
0 21
0 34
0 39
0 41
0 46
0 48
0 61
0 69
0 70
0 76
0 81
0 85
0 86
0 95
0 96
0 101
0 102
0 128
0 159
0 165
0 173
0 176
0 182
0 184
0 198
0 202
0 203
0 204
0 205
0 210
0 211
0 215
0 219
0 223
0 228
0 232
0 233
0 238
0 243
0 248
0 269
0 271
0 299
0 301
0 308
0 311
0 315
0 319
0 320
0 341
0 343
0 356
0 365
0 368
0 369
0 373
0 382
0 384
0 385
0 386
0 387
0 388
1 13
1 27
1 45
1 53
1 56
1 75
1 77
1 111
1 122
1 137
1 147
1 162
1 169
1 187
1 192
1 207
1 244
1 249
1 259
1 267
1 286
1 302
1 310
1 332
1 346
1 358
1 360
1 361
1 363
1 377
1 378
1 380
1 396
2 8
2 11
2 38
2 40
2 93
2 106
2 133
2 149
2 154
2 188
2 190
2 193
2 224
2 266
2 296
2 312
2 351
2 359
2 372
2 392
3 4
3 5
3 6
3 24
3 29
3 36
3 37
3 47
3 67
3 73
3 79
3 87
3 91
3 105
3 107
3 116
3 117
3 125
3 129
3 132
3 135
3 142
3 156
3 160
3 167
3 172
3 179
3 181
3 183
3 185
3 189
3 194
3 195
3 208
3 218
3 221
3 226
3 235
3 246
3 251
3 256
3 263
3 282
3 295
3 303
3 306
3 327
3 340
3 345
3 348
3 350
3 352
3 364
3 375
3 383
3 390
4 9
4 15
4 16
4 22
4 32
4 42
4 44
4 49
4 50
4 55
4 63
4 64
4 72
4 74
4 78
4 84
4 88
4 89
4 90
4 92
4 94
4 103
4 110
4 113
4 115
4 118
4 119
4 120
4 121
4 126
4 139
4 140
4 141
4 144
4 150
4 151
4 153
4 155
4 161
4 163
4 164
4 166
4 174
4 178
4 186
4 191
4 196
4 197
4 199
4 200
4 206
4 209
4 216
4 225
4 227
4 230
4 250
4 252
4 258
4 261
4 272
4 274
4 277
4 279
4 280
4 284
4 297
4 305
4 314
4 316
4 317
4 318
4 321
4 322
4 324
4 325
4 330
4 334
4 355
4 374
4 376
4 395
4 399
5 2
5 26
5 51
5 54
5 57
5 58
5 59
5 62
5 65
5 71
5 82
5 100
5 104
5 143
5 146
5 152
5 175
5 180
5 201
5 212
5 214
5 241
5 254
5 260
5 268
5 273
5 278
5 287
5 290
5 300
5 313
5 328
5 335
5 336
5 342
5 347
5 349
5 354
5 371
5 393
5 397
5 398
6 18
6 19
6 20
6 33
6 35
6 66
6 68
6 127
6 136
6 138
6 168
6 171
6 213
6 237
6 240
6 247
6 255
6 257
6 265
6 275
6 276
6 285
6 289
6 291
6 298
6 331
6 337
6 338
6 362
6 366
6 370
7 0
7 23
7 25
7 28
7 52
7 60
7 83
7 109
7 112
7 131
7 134
7 145
7 177
7 234
7 242
7 253
7 262
7 292
7 294
7 333
7 344
7 357
7 367
8 1
8 12
8 14
8 17
8 30
8 31
8 43
8 80
8 97
8 98
8 99
8 108
8 114
8 123
8 124
8 130
8 148
8 157
8 158
8 170
8 217
8 220
8 222
8 229
8 231
8 236
8 239
8 245
8 264
8 270
8 281
8 283
8 288
8 293
8 304
8 307
8 309
8 323
8 326
8 329
8 339
8 353
8 379
8 381
8 389
8 391
8 394
