0 3
0 19
0 24
0 28
0 36
0 39
0 75
0 80
0 83
0 96
0 101
0 130
0 151
0 156
0 163
0 166
0 173
0 177
1 46
1 48
1 66
1 67
1 74
1 76
1 81
1 104
1 106
1 115
1 116
1 126
1 150
1 154
1 172
1 180
1 181
1 183
1 184
1 187
1 197
2 1
2 14
2 21
2 30
2 34
2 97
2 99
2 102
2 107
2 118
2 131
2 139
2 143
2 147
2 165
2 169
2 185
2 192
2 193
3 86
3 121
3 135
3 149
3 158
4 9
4 10
4 12
4 15
4 22
4 23
4 25
4 27
4 29
4 50
4 52
4 58
4 61
4 62
4 68
4 70
4 72
4 77
4 79
4 82
4 89
4 92
4 122
4 128
4 129
4 132
4 145
4 148
4 155
4 157
4 167
4 174
4 175
5 4
5 40
5 41
5 42
5 71
5 87
5 93
5 95
5 98
5 100
5 108
5 109
5 117
5 123
5 153
5 162
5 164
5 195
6 0
6 2
6 5
6 16
6 32
6 37
6 38
6 47
6 49
6 51
6 53
6 54
6 55
6 63
6 64
6 69
6 103
6 105
6 114
6 134
6 136
6 138
6 144
6 159
6 168
6 171
6 176
6 179
6 191
6 194
7 17
7 65
7 84
7 111
7 113
7 124
7 125
7 146
7 152
7 178
7 186
7 189
8 6
8 11
8 13
8 33
8 43
8 56
8 60
8 78
8 85
8 91
8 112
8 137
8 142
8 170
8 182
8 198
8 199
9 7
9 8
9 18
9 20
9 26
9 31
9 35
9 44
9 45
9 57
9 59
9 73
9 88
9 90
9 94
9 110
9 119
9 120
9 127
9 133
9 140
9 141
9 160
9 161
9 188
9 190
9 196
