0 46
0 67
0 74
0 76
0 81
0 89
0 104
0 106
0 110
0 115
0 116
0 126
0 128
0 150
0 154
0 172
0 180
0 181
0 183
0 187
0 197
1 3
1 5
1 8
1 16
1 37
1 38
1 44
1 49
1 51
1 55
1 63
1 64
1 69
1 80
1 103
1 105
1 130
1 136
1 151
1 160
1 171
1 191
1 196
2 4
2 9
2 12
2 23
2 25
2 50
2 61
2 62
2 70
2 79
2 82
2 92
2 95
2 129
2 132
2 145
2 155
2 157
2 167
2 175
3 40
3 42
3 71
3 86
3 87
3 93
3 100
3 108
3 109
3 117
3 121
3 123
3 147
3 162
3 164
3 195
4 11
4 33
4 43
4 56
4 60
4 78
4 85
4 91
4 112
4 142
4 170
4 182
4 198
4 199
5 17
5 65
5 84
5 111
5 113
5 124
5 125
5 146
5 149
5 152
5 178
5 186
5 189
6 0
6 2
6 6
6 13
6 32
6 47
6 53
6 54
6 114
6 134
6 135
6 137
6 138
6 144
6 159
6 168
6 176
6 179
6 194
7 1
7 14
7 21
7 30
7 34
7 97
7 99
7 102
7 107
7 118
7 131
7 139
7 143
7 158
7 165
7 169
7 185
7 192
7 193
8 10
8 15
8 19
8 22
8 27
8 28
8 29
8 36
8 52
8 58
8 68
8 72
8 75
8 77
8 83
8 88
8 122
8 148
8 156
8 161
8 166
8 174
8 177
8 188
9 7
9 18
9 20
9 26
9 31
9 35
9 45
9 48
9 57
9 59
9 66
9 73
9 90
9 94
9 119
9 120
9 127
9 133
9 140
9 141
9 184
9 190
10 24
10 39
10 41
10 96
10 98
10 101
10 153
10 163
10 173
