0 40
0 86
0 87
0 93
0 99
0 100
0 108
0 121
0 123
0 131
0 147
0 149
0 158
0 164
0 195
1 3
1 5
1 8
1 16
1 19
1 37
1 38
1 44
1 49
1 51
1 55
1 63
1 75
1 80
1 103
1 105
1 130
1 136
1 151
1 160
1 171
1 191
1 196
2 10
2 15
2 22
2 27
2 28
2 29
2 36
2 52
2 58
2 68
2 72
2 77
2 83
2 88
2 110
2 122
2 128
2 156
2 161
2 166
2 174
2 177
2 188
3 17
3 65
3 84
3 111
3 113
3 124
3 125
3 146
3 152
3 178
3 186
3 189
4 1
4 14
4 21
4 30
4 34
4 97
4 102
4 107
4 118
4 139
4 143
4 165
4 169
4 185
4 192
4 193
5 0
5 2
5 6
5 13
5 32
5 47
5 53
5 54
5 64
5 69
5 114
5 134
5 135
5 137
5 138
5 144
5 159
5 168
5 176
5 179
5 194
6 46
6 48
6 66
6 67
6 74
6 76
6 81
6 104
6 106
6 115
6 116
6 126
6 150
6 154
6 172
6 180
6 181
6 183
6 184
6 187
6 197
7 4
7 42
7 71
7 109
7 117
7 162
8 24
8 39
8 41
8 96
8 98
8 101
8 153
8 163
8 173
9 7
9 18
9 20
9 26
9 31
9 35
9 45
9 57
9 59
9 73
9 90
9 94
9 119
9 120
9 127
9 133
9 140
9 141
9 190
10 11
10 33
10 43
10 56
10 60
10 78
10 85
10 91
10 112
10 142
10 170
10 182
10 198
10 199
11 9
11 12
11 23
11 25
11 50
11 61
11 62
11 70
11 79
11 82
11 89
11 92
11 95
11 129
11 132
11 145
11 148
11 155
11 157
11 167
11 175
