0 2
0 6
0 11
0 13
0 32
0 47
0 53
0 55
0 135
0 137
0 138
0 168
0 176
0 179
0 194
0 199
1 15
1 29
1 46
1 50
1 76
1 81
1 89
1 106
1 115
1 128
1 150
1 172
1 180
1 183
1 187
2 3
2 10
2 19
2 24
2 28
2 36
2 58
2 75
2 77
2 83
2 130
2 151
2 156
2 166
2 177
2 188
3 4
3 42
3 71
3 109
3 117
3 162
3 195
4 0
4 5
4 16
4 37
4 38
4 49
4 51
4 54
4 63
4 64
4 69
4 80
4 103
4 105
4 114
4 134
4 136
4 144
4 171
4 191
5 9
5 12
5 22
5 23
5 25
5 27
5 52
5 61
5 62
5 68
5 70
5 72
5 79
5 82
5 92
5 95
5 122
5 129
5 132
5 145
5 148
5 155
5 157
5 167
5 174
5 175
6 7
6 8
6 20
6 26
6 31
6 35
6 44
6 45
6 57
6 73
6 88
6 94
6 110
6 120
6 127
6 133
6 140
6 141
6 160
6 161
6 190
6 196
7 18
7 48
7 59
7 66
7 67
7 74
7 90
7 104
7 116
7 119
7 126
7 154
7 181
7 184
7 197
8 17
8 65
8 84
8 111
8 113
8 124
8 125
8 146
8 152
8 178
8 186
8 189
9 40
9 86
9 93
9 100
9 108
9 121
9 123
9 147
9 149
9 158
9 159
9 164
10 39
10 41
10 96
10 98
10 101
10 153
10 163
10 173
11 33
11 43
11 56
11 60
11 78
11 85
11 91
11 112
11 142
11 170
11 182
11 198
12 1
12 14
12 21
12 30
12 34
12 87
12 97
12 99
12 102
12 107
12 118
12 131
12 139
12 143
12 165
12 169
12 185
12 192
12 193
