0 40
0 42
0 71
0 87
0 93
0 99
0 100
0 108
0 109
0 117
0 118
0 123
0 147
0 162
0 164
0 195
1 5
1 16
1 37
1 51
1 63
1 103
1 105
1 127
1 136
1 160
1 171
1 196
2 46
2 50
2 67
2 74
2 76
2 81
2 89
2 115
2 126
2 128
2 150
2 172
2 180
2 181
2 183
2 187
2 197
3 17
3 125
3 152
4 10
4 15
4 22
4 23
4 27
4 28
4 29
4 36
4 52
4 58
4 62
4 68
4 72
4 77
4 83
4 122
4 148
4 156
4 166
4 174
4 177
5 33
5 43
5 56
5 60
5 78
5 85
5 91
5 112
5 142
5 170
5 182
5 198
5 199
6 1
6 14
6 21
6 30
6 34
6 92
6 97
6 102
6 107
6 116
6 129
6 131
6 139
6 143
6 165
6 169
6 185
6 192
6 193
7 2
7 3
7 19
7 47
7 53
7 54
7 55
7 75
7 80
7 137
7 138
7 151
7 176
7 179
7 194
8 24
8 39
8 41
8 96
8 101
8 153
8 163
8 173
9 7
9 18
9 48
9 59
9 66
9 90
9 94
9 104
9 119
9 120
9 140
9 141
9 154
9 184
9 190
10 4
10 9
10 12
10 25
10 61
10 70
10 79
10 82
10 95
10 98
10 132
10 145
10 155
10 157
10 167
10 175
11 0
11 32
11 38
11 49
11 64
11 69
11 114
11 134
11 144
11 159
11 168
11 191
12 8
12 11
12 20
12 26
12 31
12 35
12 44
12 45
12 57
12 73
12 88
12 106
12 110
12 130
12 133
12 161
12 188
13 13
13 84
13 111
13 113
13 124
13 146
13 178
13 186
13 189
14 6
14 65
14 86
14 121
14 135
14 149
14 158
