0 1
0 21
0 30
0 34
0 97
0 107
0 116
0 139
0 169
0 192
0 193
1 8
1 19
1 20
1 29
1 36
1 44
1 75
1 88
1 106
1 110
1 130
1 161
1 166
1 188
2 33
2 43
2 60
2 78
2 85
2 91
2 142
2 170
2 182
2 198
2 199
3 40
3 86
3 93
3 100
3 121
3 123
3 159
3 164
4 6
4 17
4 65
4 84
4 111
4 113
4 125
4 135
4 146
4 149
4 152
5 11
5 35
5 45
5 55
5 56
5 57
5 127
5 133
5 137
5 140
5 160
5 190
5 196
6 9
6 12
6 25
6 50
6 61
6 70
6 79
6 82
6 89
6 92
6 129
6 132
6 145
6 155
6 157
6 167
6 175
7 24
7 39
7 41
7 96
7 98
7 101
7 153
7 163
7 173
8 0
8 2
8 47
8 53
8 54
8 138
8 144
8 151
8 168
8 176
8 179
8 194
9 4
9 42
9 71
9 95
9 109
9 117
9 162
10 46
10 74
10 76
10 81
10 104
10 115
10 126
10 128
10 150
10 154
10 172
10 180
10 181
10 183
10 187
11 13
11 32
11 124
11 134
11 178
11 186
11 189
12 10
12 15
12 22
12 23
12 27
12 28
12 52
12 58
12 62
12 68
12 72
12 77
12 83
12 122
12 148
12 156
12 174
12 177
13 14
13 87
13 99
13 102
13 108
13 118
13 131
13 143
13 147
13 158
13 165
13 185
13 195
14 3
14 5
14 16
14 37
14 38
14 49
14 51
14 63
14 64
14 69
14 80
14 103
14 105
14 114
14 136
14 171
14 191
15 7
15 18
15 26
15 31
15 59
15 73
15 94
15 119
15 120
15 141
16 48
16 66
16 67
16 90
16 112
16 184
16 197
