0 1
0 4
0 9
0 10
0 12
0 14
0 15
0 21
0 22
0 23
0 24
0 25
0 27
0 28
0 29
0 30
0 34
0 36
0 39
0 40
0 41
0 42
0 46
0 50
0 52
0 58
0 61
0 62
0 67
0 68
0 70
0 71
0 72
0 74
0 76
0 77
0 79
0 81
0 82
0 83
0 86
0 87
0 88
0 89
0 92
0 93
0 95
0 96
0 97
0 98
0 99
0 100
0 101
0 102
0 104
0 106
0 107
0 108
0 109
0 110
0 115
0 116
0 117
0 118
0 121
0 122
0 123
0 126
0 128
0 129
0 131
0 132
0 139
0 143
0 145
0 147
0 148
0 150
0 153
0 154
0 155
0 156
0 157
0 158
0 162
0 163
0 164
0 165
0 166
0 167
0 169
0 172
0 173
0 174
0 175
0 177
0 180
0 181
0 183
0 185
0 187
0 188
0 192
0 193
0 195
0 197
1 0
1 2
1 3
1 5
1 6
1 7
1 8
1 11
1 13
1 16
1 17
1 18
1 19
1 20
1 26
1 31
1 32
1 33
1 35
1 37
1 38
1 43
1 44
1 45
1 47
1 48
1 49
1 51
1 53
1 54
1 55
1 56
1 57
1 59
1 60
1 63
1 64
1 65
1 66
1 69
1 73
1 75
1 78
1 80
1 84
1 85
1 90
1 91
1 94
1 103
1 105
1 111
1 112
1 113
1 114
1 119
1 120
1 124
1 125
1 127
1 130
1 133
1 134
1 135
1 136
1 137
1 138
1 140
1 141
1 142
1 144
1 146
1 149
1 151
1 152
1 159
1 160
1 161
1 168
1 170
1 171
1 176
1 178
1 179
1 182
1 184
1 186
1 189
1 190
1 191
1 194
1 196
1 198
1 199
