0 0
0 2
0 3
0 5
0 6
0 13
0 16
0 17
0 32
0 33
0 37
0 38
0 47
0 49
0 51
0 53
0 54
0 63
0 64
0 65
0 69
0 78
0 80
0 84
0 91
0 103
0 105
0 111
0 113
0 114
0 124
0 125
0 134
0 135
0 136
0 137
0 138
0 144
0 146
0 149
0 151
0 152
0 158
0 159
0 168
0 176
0 178
0 179
0 182
0 186
0 189
0 191
0 194
0 198
0 199
1 1
1 4
1 9
1 10
1 12
1 14
1 15
1 21
1 22
1 23
1 24
1 25
1 27
1 28
1 30
1 39
1 40
1 41
1 42
1 50
1 52
1 58
1 61
1 62
1 68
1 70
1 71
1 72
1 75
1 77
1 79
1 82
1 83
1 86
1 87
1 92
1 93
1 95
1 96
1 97
1 98
1 99
1 100
1 101
1 102
1 107
1 108
1 109
1 117
1 118
1 121
1 122
1 123
1 129
1 131
1 132
1 139
1 143
1 145
1 147
1 148
1 153
1 155
1 156
1 157
1 162
1 163
1 164
1 165
1 166
1 167
1 169
1 173
1 174
1 175
1 177
1 185
1 193
1 195
2 7
2 8
2 11
2 18
2 19
2 20
2 26
2 29
2 31
2 34
2 35
2 36
2 43
2 44
2 45
2 46
2 48
2 55
2 56
2 57
2 59
2 60
2 66
2 67
2 73
2 74
2 76
2 81
2 85
2 88
2 89
2 90
2 94
2 104
2 106
2 110
2 112
2 115
2 116
2 119
2 120
2 126
2 127
2 128
2 130
2 133
2 140
2 141
2 142
2 150
2 154
2 160
2 161
2 170
2 171
2 172
2 180
2 181
2 183
2 184
2 187
2 188
2 190
2 192
2 196
2 197
