0 10
0 15
0 19
0 21
0 22
0 27
0 28
0 29
0 30
0 34
0 36
0 52
0 58
0 68
0 72
0 75
0 77
0 83
0 88
0 97
0 106
0 107
0 110
0 122
0 128
0 156
0 161
0 166
0 174
0 177
0 188
0 193
1 7
1 11
1 18
1 20
1 26
1 31
1 33
1 35
1 43
1 45
1 48
1 56
1 57
1 59
1 60
1 66
1 73
1 78
1 85
1 90
1 91
1 94
1 112
1 119
1 120
1 127
1 133
1 140
1 141
1 142
1 170
1 182
1 184
1 190
1 198
2 6
2 13
2 17
2 65
2 84
2 111
2 113
2 124
2 125
2 135
2 146
2 149
2 152
2 178
2 186
2 189
3 4
3 9
3 12
3 23
3 25
3 50
3 61
3 62
3 70
3 79
3 82
3 92
3 95
3 98
3 129
3 132
3 145
3 148
3 155
3 157
3 167
3 175
4 0
4 2
4 5
4 8
4 16
4 32
4 37
4 38
4 44
4 47
4 49
4 51
4 53
4 54
4 55
4 63
4 64
4 69
4 80
4 103
4 105
4 114
4 130
4 134
4 136
4 137
4 138
4 144
4 151
4 159
4 160
4 168
4 171
4 176
4 179
4 191
4 194
4 196
4 199
5 3
5 24
5 39
5 41
5 96
5 101
5 153
5 163
5 173
6 1
6 14
6 40
6 42
6 71
6 86
6 87
6 93
6 99
6 100
6 102
6 108
6 109
6 117
6 118
6 121
6 123
6 131
6 139
6 143
6 147
6 158
6 162
6 164
6 165
6 169
6 185
6 195
7 46
7 67
7 74
7 76
7 81
7 89
7 104
7 115
7 116
7 126
7 150
7 154
7 172
7 180
7 181
7 183
7 187
7 192
7 197
