0 7
0 18
0 20
0 26
0 31
0 35
0 46
0 48
0 59
0 66
0 67
0 73
0 74
0 76
0 81
0 90
0 94
0 104
0 106
0 110
0 115
0 116
0 119
0 120
0 126
0 141
0 150
0 154
0 172
0 180
0 181
0 183
0 184
0 197
1 6
1 13
1 17
1 65
1 84
1 111
1 113
1 124
1 125
1 135
1 146
1 149
1 152
1 178
1 186
1 189
2 0
2 3
2 5
2 24
2 32
2 38
2 47
2 49
2 53
2 54
2 63
2 64
2 69
2 80
2 114
2 134
2 144
2 151
2 159
2 163
2 168
2 173
2 176
2 179
2 191
2 194
3 4
3 39
3 41
3 71
3 95
3 96
3 98
3 101
3 109
3 117
3 153
3 162
4 1
4 14
4 40
4 42
4 86
4 87
4 93
4 99
4 100
4 102
4 108
4 118
4 121
4 123
4 131
4 139
4 143
4 147
4 158
4 164
4 165
4 169
4 185
4 195
5 11
5 33
5 43
5 56
5 60
5 78
5 85
5 91
5 112
5 140
5 142
5 170
5 182
5 190
5 198
5 199
6 8
6 16
6 19
6 37
6 44
6 45
6 51
6 55
6 57
6 75
6 103
6 105
6 127
6 130
6 133
6 136
6 137
6 138
6 160
6 161
6 171
6 196
7 9
7 12
7 23
7 25
7 50
7 61
7 62
7 70
7 79
7 82
7 89
7 129
7 132
7 145
7 155
7 157
7 167
7 175
8 2
8 10
8 15
8 21
8 22
8 27
8 28
8 29
8 30
8 34
8 36
8 52
8 58
8 68
8 72
8 77
8 83
8 88
8 92
8 97
8 107
8 122
8 128
8 148
8 156
8 166
8 174
8 177
8 187
8 188
8 192
8 193
