0 5
0 15
0 28
0 40
0 95
0 113
0 116
0 167
0 202
0 216
0 232
0 239
0 253
0 263
0 265
0 294
0 295
0 319
0 323
0 333
0 362
0 368
0 376
1 9
1 21
1 34
1 62
1 64
1 67
1 72
1 83
1 93
1 96
1 97
1 99
1 109
1 119
1 124
1 141
1 146
1 153
1 157
1 158
1 164
1 165
1 174
1 176
1 190
1 195
1 198
1 199
1 200
1 206
1 222
1 231
1 238
1 242
1 252
1 264
1 266
1 269
1 271
1 281
1 291
1 296
1 302
1 321
1 328
1 332
1 338
1 341
1 354
1 358
1 363
1 364
1 371
1 372
1 388
1 391
1 395
1 399
2 33
2 35
2 38
2 51
2 52
2 63
2 86
2 87
2 89
2 92
2 112
2 126
2 140
2 143
2 147
2 162
2 166
2 169
2 172
2 179
2 186
2 192
2 225
2 243
2 244
2 257
2 259
2 274
2 275
2 277
2 285
2 292
2 314
2 318
2 326
2 337
2 342
2 343
2 346
2 351
2 352
2 353
2 357
2 373
2 374
2 378
2 386
3 2
3 4
3 17
3 24
3 25
3 43
3 47
3 55
3 71
3 91
3 102
3 103
3 105
3 107
3 117
3 127
3 135
3 136
3 138
3 160
3 161
3 171
3 177
3 178
3 183
3 185
3 189
3 209
3 210
3 212
3 218
3 224
3 227
3 233
3 241
3 267
3 284
3 298
3 300
3 307
3 311
3 345
3 347
3 348
3 355
3 356
3 360
3 366
3 392
4 1
4 6
4 10
4 14
4 18
4 27
4 29
4 31
4 56
4 60
4 68
4 73
4 74
4 88
4 111
4 114
4 118
4 122
4 133
4 139
4 144
4 148
4 150
4 155
4 173
4 175
4 181
4 188
4 197
4 211
4 219
4 223
4 240
4 251
4 256
4 260
4 262
4 276
4 278
4 282
4 289
4 290
4 299
4 303
4 306
4 327
4 335
4 340
4 344
4 349
4 369
4 370
4 396
4 397
5 12
5 23
5 26
5 45
5 58
5 75
5 85
5 98
5 100
5 132
5 134
5 142
5 145
5 154
5 191
5 194
5 230
5 249
5 268
5 272
5 279
5 331
5 389
6 20
6 37
6 44
6 50
6 78
6 81
6 104
6 121
6 125
6 128
6 152
6 180
6 187
6 201
6 203
6 208
6 213
6 221
6 228
6 234
6 245
6 247
6 248
6 261
6 280
6 308
6 309
6 310
6 320
6 322
6 334
6 385
6 390
7 3
7 8
7 11
7 16
7 32
7 41
7 49
7 59
7 76
7 79
7 80
7 108
7 115
7 129
7 130
7 131
7 137
7 149
7 182
7 204
7 207
7 214
7 217
7 235
7 237
7 273
7 286
7 288
7 301
7 305
7 317
7 359
7 379
7 383
7 384
7 387
8 0
8 7
8 36
8 39
8 46
8 48
8 66
8 69
8 77
8 82
8 84
8 106
8 110
8 123
8 156
8 170
8 193
8 196
8 229
8 246
8 250
8 258
8 270
8 293
8 297
8 312
8 324
8 329
8 330
8 336
8 339
8 361
8 367
8 375
8 377
8 380
8 393
8 394
8 398
9 13
9 19
9 22
9 30
9 42
9 53
9 54
9 57
9 61
9 65
9 70
9 90
9 94
9 101
9 120
9 151
9 159
9 163
9 168
9 184
9 205
9 215
9 220
9 226
9 236
9 254
9 255
9 283
9 287
9 304
9 313
9 315
9 316
9 325
9 350
9 365
9 381
9 382
