0 33
0 37
0 38
0 50
0 51
0 81
0 86
0 87
0 92
0 104
0 112
0 126
0 147
0 152
0 166
0 169
0 172
0 180
0 192
0 201
0 208
0 213
0 228
0 234
0 243
0 244
0 248
0 257
0 261
0 275
0 277
0 280
0 310
0 318
0 322
0 326
0 334
0 343
0 351
0 378
0 385
0 386
1 19
1 52
1 61
1 63
1 70
1 90
1 114
1 118
1 120
1 140
1 151
1 168
1 205
1 215
1 220
1 226
1 254
1 255
1 260
1 274
1 283
1 287
1 292
1 313
1 314
1 316
1 325
1 346
1 350
1 352
1 353
1 361
1 374
1 382
2 1
2 6
2 10
2 13
2 14
2 18
2 22
2 27
2 29
2 30
2 31
2 42
2 53
2 54
2 56
2 57
2 60
2 65
2 68
2 73
2 74
2 88
2 89
2 101
2 111
2 122
2 133
2 139
2 143
2 144
2 148
2 150
2 155
2 158
2 162
2 163
2 173
2 175
2 181
2 184
2 185
2 186
2 188
2 197
2 211
2 212
2 219
2 223
2 225
2 236
2 240
2 251
2 256
2 259
2 262
2 276
2 278
2 282
2 289
2 290
2 299
2 303
2 304
2 306
2 311
2 315
2 327
2 335
2 337
2 340
2 342
2 344
2 345
2 349
2 365
2 369
2 370
2 381
2 391
2 396
2 397
3 2
3 44
3 55
3 71
3 91
3 105
3 135
3 138
3 160
3 177
3 187
3 218
3 227
3 245
3 247
3 267
4 5
4 15
4 25
4 28
4 40
4 45
4 95
4 108
4 113
4 116
4 136
4 167
4 182
4 202
4 216
4 232
4 239
4 253
4 263
4 265
4 268
4 294
4 295
4 319
4 320
4 323
4 333
4 362
4 368
4 376
5 3
5 8
5 11
5 16
5 32
5 49
5 59
5 76
5 79
5 96
5 131
5 137
5 204
5 252
5 273
5 286
5 288
5 302
5 379
5 383
5 384
5 387
6 0
6 7
6 46
6 66
6 69
6 82
6 83
6 106
6 121
6 123
6 170
6 179
6 193
6 196
6 221
6 250
6 258
6 270
6 297
6 329
6 330
6 336
6 375
6 393
6 394
6 398
7 12
7 23
7 26
7 41
7 58
7 75
7 85
7 98
7 100
7 115
7 129
7 130
7 132
7 134
7 142
7 145
7 154
7 191
7 194
7 207
7 214
7 230
7 237
7 249
7 272
7 279
7 301
7 331
7 358
7 389
8 9
8 21
8 34
8 36
8 39
8 48
8 77
8 84
8 94
8 99
8 110
8 119
8 124
8 141
8 146
8 153
8 156
8 159
8 165
8 198
8 222
8 231
8 238
8 242
8 246
8 269
8 293
8 296
8 321
8 324
8 328
8 332
8 338
8 339
8 354
8 367
8 371
8 377
8 388
9 62
9 64
9 67
9 72
9 80
9 93
9 97
9 109
9 149
9 157
9 164
9 174
9 176
9 190
9 199
9 200
9 206
9 217
9 229
9 235
9 264
9 266
9 271
9 281
9 291
9 305
9 312
9 317
9 341
9 359
9 363
9 364
9 372
9 380
9 395
9 399
10 4
10 17
10 20
10 24
10 35
10 43
10 47
10 78
10 102
10 103
10 107
10 117
10 125
10 127
10 128
10 161
10 171
10 178
10 183
10 189
10 195
10 203
10 209
10 210
10 224
10 233
10 241
10 284
10 285
10 298
10 300
10 307
10 308
10 309
10 347
10 348
10 355
10 356
10 357
10 360
10 366
10 373
10 390
10 392
