0 1
0 6
0 10
0 13
0 14
0 22
0 27
0 29
0 30
0 31
0 42
0 53
0 54
0 56
0 57
0 60
0 65
0 68
0 70
0 74
0 88
0 101
0 111
0 118
0 122
0 139
0 144
0 148
0 150
0 158
0 163
0 173
0 175
0 184
0 188
0 197
0 211
0 219
0 223
0 236
0 251
0 262
0 282
0 289
0 299
0 304
0 306
0 315
0 327
0 335
0 340
0 344
0 349
0 365
0 369
0 381
0 391
0 396
0 397
1 19
1 46
1 61
1 63
1 69
1 82
1 83
1 90
1 114
1 120
1 140
1 151
1 168
1 179
1 193
1 205
1 215
1 220
1 226
1 254
1 255
1 260
1 283
1 287
1 297
1 313
1 316
1 325
1 329
1 336
1 350
1 353
1 361
1 374
1 382
1 398
2 2
2 20
2 55
2 71
2 91
2 105
2 135
2 138
2 160
2 161
2 177
2 218
2 227
2 245
2 247
2 267
2 348
2 356
3 5
3 15
3 25
3 28
3 40
3 45
3 95
3 116
3 167
3 232
3 239
3 253
3 263
3 265
3 294
3 295
3 319
3 320
3 323
3 333
3 362
3 368
3 376
4 12
4 17
4 26
4 32
4 78
4 79
4 80
4 103
4 108
4 113
4 121
4 128
4 136
4 145
4 149
4 154
4 182
4 189
4 202
4 216
4 217
4 235
4 237
4 268
4 272
4 284
4 307
4 317
4 331
4 347
4 358
4 359
4 360
4 380
4 392
5 33
5 38
5 51
5 52
5 86
5 87
5 92
5 112
5 123
5 126
5 147
5 166
5 169
5 170
5 172
5 192
5 243
5 244
5 248
5 257
5 274
5 275
5 292
5 314
5 318
5 326
5 343
5 346
5 352
5 378
5 386
6 7
6 77
6 84
6 99
6 106
6 110
6 153
6 156
6 176
6 196
6 198
6 229
6 250
6 258
6 270
6 293
6 296
6 312
6 330
6 332
6 339
6 367
6 375
6 377
6 393
7 4
7 18
7 24
7 35
7 43
7 47
7 62
7 73
7 89
7 97
7 102
7 107
7 109
7 117
7 125
7 127
7 133
7 143
7 155
7 157
7 162
7 164
7 171
7 178
7 181
7 185
7 186
7 195
7 200
7 203
7 206
7 209
7 210
7 212
7 224
7 225
7 233
7 240
7 241
7 256
7 259
7 271
7 276
7 278
7 285
7 290
7 298
7 300
7 303
7 308
7 311
7 337
7 342
7 345
7 351
7 355
7 357
7 363
7 366
7 370
7 372
7 373
7 390
7 395
8 3
8 8
8 11
8 16
8 49
8 59
8 64
8 76
8 93
8 96
8 131
8 137
8 174
8 190
8 199
8 204
8 252
8 266
8 273
8 281
8 286
8 288
8 302
8 341
8 379
8 383
8 384
8 387
8 399
9 23
9 41
9 58
9 75
9 85
9 98
9 100
9 115
9 129
9 130
9 132
9 134
9 142
9 191
9 194
9 207
9 214
9 230
9 249
9 279
9 301
9 389
10 0
10 37
10 44
10 50
10 66
10 81
10 104
10 152
10 180
10 187
10 201
10 208
10 213
10 221
10 228
10 234
10 261
10 277
10 280
10 309
10 310
10 322
10 334
10 385
10 394
11 9
11 21
11 34
11 36
11 39
11 48
11 67
11 72
11 94
11 119
11 124
11 141
11 146
11 159
11 165
11 183
11 222
11 231
11 238
11 242
11 246
11 264
11 269
11 291
11 305
11 321
11 324
11 328
11 338
11 354
11 364
11 371
11 388
