0 19
0 61
0 63
0 70
0 90
0 114
0 118
0 120
0 168
0 197
0 205
0 215
0 226
0 260
0 283
0 287
0 325
0 350
0 382
1 17
1 20
1 26
1 78
1 103
1 128
1 136
1 145
1 161
1 183
1 189
1 209
1 245
1 267
1 284
1 307
1 309
1 331
1 347
1 348
1 356
1 360
1 380
1 392
2 2
2 37
2 44
2 55
2 71
2 91
2 104
2 105
2 135
2 138
2 160
2 177
2 180
2 187
2 201
2 208
2 213
2 218
2 227
2 234
2 247
2 261
2 310
2 334
2 385
3 22
3 30
3 34
3 36
3 42
3 53
3 54
3 57
3 65
3 94
3 101
3 151
3 159
3 184
3 219
3 220
3 236
3 254
3 255
3 304
3 306
3 315
3 316
3 321
3 361
3 365
3 381
3 388
4 3
4 8
4 11
4 16
4 32
4 49
4 59
4 76
4 79
4 80
4 93
4 129
4 131
4 149
4 204
4 235
4 237
4 252
4 273
4 286
4 288
4 359
4 379
4 383
4 384
4 387
5 64
5 67
5 72
5 96
5 109
5 137
5 157
5 164
5 174
5 176
5 190
5 199
5 200
5 217
5 229
5 264
5 266
5 271
5 281
5 291
5 302
5 305
5 312
5 317
5 341
5 364
5 371
5 395
5 399
6 5
6 15
6 25
6 28
6 40
6 45
6 95
6 108
6 113
6 116
6 167
6 182
6 202
6 216
6 232
6 239
6 253
6 263
6 265
6 268
6 294
6 295
6 319
6 320
6 323
6 333
6 362
6 368
6 376
7 18
7 33
7 38
7 50
7 51
7 81
7 86
7 87
7 92
7 112
7 126
7 147
7 152
7 166
7 169
7 172
7 192
7 228
7 243
7 244
7 248
7 257
7 275
7 277
7 280
7 322
7 326
7 343
7 346
7 351
7 378
7 386
8 1
8 6
8 10
8 12
8 13
8 14
8 27
8 29
8 31
8 56
8 60
8 62
8 68
8 74
8 88
8 97
8 119
8 122
8 127
8 139
8 144
8 148
8 150
8 154
8 158
8 163
8 173
8 175
8 181
8 185
8 188
8 195
8 206
8 210
8 211
8 223
8 251
8 262
8 276
8 278
8 282
8 289
8 290
8 299
8 311
8 327
8 328
8 335
8 340
8 344
8 349
8 358
8 363
8 369
8 372
8 391
8 396
8 397
9 23
9 41
9 58
9 75
9 85
9 98
9 100
9 115
9 130
9 132
9 134
9 142
9 191
9 194
9 207
9 214
9 230
9 249
9 272
9 279
9 301
9 389
10 0
10 7
10 46
10 52
10 66
10 69
10 82
10 123
10 140
10 170
10 179
10 193
10 221
10 274
10 292
10 297
10 313
10 314
10 318
10 329
10 336
10 352
10 353
10 374
10 393
10 394
10 398
11 9
11 21
11 39
11 48
11 77
11 83
11 84
11 99
11 106
11 110
11 121
11 124
11 141
11 146
11 153
11 156
11 165
11 196
11 198
11 222
11 231
11 238
11 242
11 246
11 250
11 258
11 269
11 270
11 293
11 296
11 324
11 330
11 332
11 338
11 339
11 354
11 367
11 375
11 377
12 4
12 24
12 35
12 43
12 47
12 73
12 89
12 102
12 107
12 111
12 117
12 125
12 133
12 143
12 155
12 162
12 171
12 178
12 186
12 203
12 212
12 224
12 225
12 233
12 240
12 241
12 256
12 259
12 285
12 298
12 300
12 303
12 308
12 337
12 342
12 345
12 355
12 357
12 366
12 370
12 373
12 390
