0 5
0 15
0 40
0 45
0 95
0 116
0 167
0 232
0 239
0 253
0 265
0 295
0 319
0 362
0 376
1 18
1 35
1 63
1 86
1 107
1 121
1 125
1 126
1 128
1 169
1 181
1 183
1 241
1 248
1 275
1 277
1 338
1 343
1 345
1 351
2 13
2 22
2 30
2 42
2 53
2 54
2 57
2 65
2 94
2 101
2 159
2 163
2 184
2 236
2 255
2 304
2 315
2 365
2 381
3 3
3 8
3 11
3 12
3 16
3 49
3 76
3 80
3 93
3 97
3 108
3 131
3 149
3 154
3 182
3 204
3 206
3 217
3 235
3 252
3 268
3 273
3 286
3 288
3 305
3 317
3 358
3 359
3 380
3 383
3 384
3 387
4 47
4 73
4 89
4 102
4 133
4 143
4 155
4 185
4 186
4 212
4 225
4 233
4 240
4 256
4 259
4 278
4 300
4 342
4 355
4 370
4 373
5 21
5 34
5 36
5 83
5 119
5 124
5 146
5 158
5 220
5 242
5 254
5 270
5 293
5 297
5 321
5 328
5 388
5 391
6 6
6 10
6 27
6 29
6 56
6 74
6 139
6 144
6 150
6 151
6 173
6 175
6 188
6 197
6 219
6 251
6 262
6 276
6 282
6 290
6 299
6 306
6 316
6 327
6 335
6 344
6 349
6 369
6 396
7 0
7 7
7 39
7 46
7 48
7 66
7 77
7 82
7 84
7 106
7 123
7 156
7 176
7 196
7 229
7 246
7 250
7 258
7 296
7 312
7 324
7 330
7 336
7 339
7 367
7 375
7 377
7 394
8 20
8 37
8 44
8 50
8 78
8 81
8 104
8 152
8 180
8 187
8 201
8 203
8 208
8 213
8 228
8 234
8 245
8 261
8 280
8 308
8 309
8 310
8 320
8 322
8 334
8 385
8 390
9 2
9 24
9 43
9 55
9 71
9 91
9 105
9 117
9 135
9 138
9 160
9 177
9 178
9 218
9 224
9 227
9 247
9 298
9 366
10 23
10 26
10 58
10 75
10 85
10 98
10 100
10 132
10 134
10 142
10 191
10 194
10 230
10 249
10 279
10 331
10 389
11 19
11 61
11 70
11 90
11 114
11 120
11 168
11 205
11 215
11 226
11 283
11 287
11 313
11 325
11 350
11 382
12 62
12 64
12 96
12 109
12 137
12 157
12 164
12 174
12 190
12 199
12 200
12 264
12 266
12 271
12 281
12 302
12 341
12 363
12 372
12 395
12 399
13 32
13 41
13 59
13 79
13 115
13 129
13 130
13 207
13 214
13 237
13 272
13 301
13 379
14 4
14 17
14 25
14 103
14 127
14 136
14 145
14 161
14 171
14 189
14 195
14 209
14 210
14 267
14 284
14 307
14 311
14 347
14 348
14 356
14 360
14 392
15 52
15 69
15 140
15 170
15 179
15 193
15 221
15 274
15 292
15 314
15 318
15 329
15 352
15 353
15 361
15 374
15 393
15 398
16 1
16 14
16 31
16 60
16 68
16 88
16 111
16 118
16 122
16 148
16 211
16 223
16 260
16 289
16 303
16 340
16 346
16 397
17 33
17 38
17 51
17 87
17 92
17 112
17 147
17 162
17 166
17 172
17 192
17 243
17 244
17 257
17 285
17 326
17 337
17 357
17 378
17 386
18 28
18 113
18 202
18 216
18 263
18 294
18 323
18 333
18 368
19 9
19 67
19 72
19 99
19 110
19 141
19 153
19 165
19 198
19 222
19 231
19 238
19 269
19 291
19 332
19 354
19 364
19 371
