0 3
0 8
0 9
0 11
0 16
0 32
0 49
0 59
0 64
0 67
0 72
0 76
0 79
0 80
0 84
0 93
0 96
0 97
0 99
0 109
0 131
0 137
0 149
0 153
0 157
0 164
0 165
0 174
0 176
0 190
0 199
0 200
0 204
0 206
0 217
0 222
0 229
0 235
0 252
0 264
0 266
0 269
0 271
0 273
0 281
0 286
0 288
0 291
0 296
0 302
0 305
0 312
0 317
0 341
0 354
0 359
0 364
0 367
0 371
0 379
0 380
0 383
0 384
0 387
0 395
0 399
1 0
1 7
1 19
1 28
1 33
1 36
1 37
1 38
1 39
1 44
1 46
1 48
1 50
1 51
1 52
1 61
1 63
1 66
1 69
1 77
1 81
1 82
1 83
1 86
1 87
1 90
1 92
1 104
1 106
1 110
1 112
1 114
1 120
1 121
1 123
1 126
1 128
1 140
1 147
1 151
1 152
1 156
1 166
1 168
1 169
1 170
1 172
1 179
1 180
1 183
1 187
1 192
1 193
1 196
1 198
1 201
1 205
1 208
1 213
1 215
1 220
1 221
1 226
1 228
1 234
1 243
1 244
1 246
1 248
1 250
1 254
1 257
1 258
1 260
1 261
1 270
1 274
1 275
1 277
1 280
1 283
1 287
1 292
1 297
1 309
1 310
1 313
1 314
1 316
1 318
1 322
1 324
1 325
1 326
1 329
1 330
1 332
1 334
1 336
1 338
1 339
1 343
1 346
1 350
1 352
1 353
1 361
1 374
1 375
1 377
1 378
1 382
1 385
1 386
1 388
1 393
1 394
1 398
2 1
2 4
2 6
2 10
2 12
2 13
2 14
2 17
2 18
2 20
2 21
2 22
2 24
2 27
2 29
2 30
2 31
2 34
2 35
2 42
2 43
2 47
2 53
2 54
2 56
2 57
2 60
2 62
2 65
2 68
2 70
2 73
2 74
2 88
2 89
2 94
2 101
2 102
2 107
2 111
2 117
2 118
2 119
2 122
2 124
2 125
2 127
2 133
2 134
2 139
2 141
2 143
2 144
2 146
2 148
2 150
2 154
2 155
2 158
2 159
2 161
2 162
2 163
2 171
2 173
2 175
2 178
2 181
2 184
2 185
2 186
2 188
2 195
2 197
2 203
2 209
2 210
2 211
2 212
2 219
2 223
2 224
2 225
2 231
2 233
2 236
2 238
2 240
2 241
2 242
2 251
2 255
2 256
2 259
2 262
2 276
2 278
2 282
2 285
2 289
2 290
2 293
2 298
2 299
2 300
2 303
2 304
2 306
2 307
2 308
2 311
2 315
2 321
2 327
2 328
2 335
2 337
2 340
2 342
2 344
2 345
2 349
2 351
2 355
2 356
2 357
2 358
2 363
2 365
2 366
2 369
2 370
2 372
2 373
2 381
2 390
2 391
2 392
2 396
2 397
3 2
3 5
3 15
3 23
3 25
3 26
3 40
3 41
3 45
3 55
3 58
3 71
3 75
3 78
3 85
3 91
3 95
3 98
3 100
3 103
3 105
3 108
3 113
3 115
3 116
3 129
3 130
3 132
3 135
3 136
3 138
3 142
3 145
3 160
3 167
3 177
3 182
3 189
3 191
3 194
3 202
3 207
3 214
3 216
3 218
3 227
3 230
3 232
3 237
3 239
3 245
3 247
3 249
3 253
3 263
3 265
3 267
3 268
3 272
3 279
3 284
3 294
3 295
3 301
3 319
3 320
3 323
3 331
3 333
3 347
3 348
3 360
3 362
3 368
3 376
3 389
