0 2
0 20
0 24
0 37
0 38
0 44
0 50
0 51
0 55
0 71
0 78
0 87
0 91
0 104
0 105
0 128
0 138
0 147
0 152
0 160
0 166
0 169
0 172
0 177
0 180
0 187
0 192
0 201
0 203
0 208
0 213
0 218
0 227
0 228
0 234
0 243
0 244
0 245
0 247
0 248
0 257
0 261
0 275
0 277
0 280
0 308
0 309
0 310
0 322
0 334
0 343
0 348
0 356
0 378
0 385
0 386
0 390
1 0
1 7
1 19
1 28
1 33
1 36
1 39
1 46
1 48
1 52
1 61
1 63
1 66
1 69
1 77
1 81
1 82
1 83
1 86
1 90
1 92
1 106
1 110
1 112
1 114
1 120
1 121
1 123
1 126
1 140
1 151
1 156
1 168
1 170
1 179
1 183
1 193
1 196
1 198
1 205
1 215
1 220
1 221
1 226
1 250
1 254
1 258
1 260
1 270
1 274
1 283
1 287
1 292
1 297
1 313
1 314
1 316
1 318
1 325
1 326
1 329
1 330
1 332
1 336
1 346
1 350
1 352
1 353
1 361
1 374
1 377
1 382
1 388
1 393
1 394
1 398
2 1
2 4
2 6
2 10
2 12
2 13
2 14
2 17
2 18
2 21
2 22
2 27
2 29
2 30
2 31
2 34
2 35
2 42
2 43
2 47
2 53
2 54
2 56
2 57
2 60
2 62
2 65
2 68
2 70
2 73
2 74
2 88
2 89
2 94
2 101
2 102
2 107
2 111
2 117
2 118
2 119
2 122
2 124
2 125
2 127
2 133
2 134
2 139
2 141
2 143
2 144
2 146
2 148
2 150
2 154
2 155
2 158
2 159
2 161
2 162
2 163
2 171
2 173
2 175
2 178
2 181
2 184
2 185
2 186
2 188
2 195
2 197
2 209
2 210
2 211
2 212
2 219
2 223
2 224
2 225
2 231
2 233
2 236
2 238
2 240
2 241
2 242
2 246
2 251
2 255
2 256
2 259
2 262
2 276
2 278
2 282
2 284
2 285
2 289
2 290
2 293
2 298
2 299
2 300
2 303
2 304
2 306
2 307
2 311
2 315
2 321
2 324
2 327
2 328
2 335
2 337
2 338
2 340
2 342
2 344
2 345
2 349
2 351
2 355
2 357
2 358
2 363
2 365
2 366
2 369
2 370
2 372
2 373
2 381
2 391
2 392
2 396
2 397
3 5
3 15
3 23
3 25
3 26
3 40
3 41
3 45
3 58
3 75
3 85
3 95
3 98
3 100
3 103
3 108
3 113
3 115
3 116
3 129
3 130
3 132
3 135
3 136
3 142
3 145
3 167
3 182
3 189
3 191
3 194
3 202
3 207
3 214
3 216
3 230
3 232
3 237
3 239
3 249
3 253
3 263
3 265
3 267
3 268
3 272
3 279
3 294
3 295
3 301
3 319
3 320
3 323
3 331
3 333
3 347
3 360
3 362
3 368
3 376
3 389
4 3
4 8
4 9
4 11
4 16
4 32
4 49
4 59
4 64
4 67
4 72
4 76
4 79
4 80
4 84
4 93
4 96
4 97
4 99
4 109
4 131
4 137
4 149
4 153
4 157
4 164
4 165
4 174
4 176
4 190
4 199
4 200
4 204
4 206
4 217
4 222
4 229
4 235
4 252
4 264
4 266
4 269
4 271
4 273
4 281
4 286
4 288
4 291
4 296
4 302
4 305
4 312
4 317
4 339
4 341
4 354
4 359
4 364
4 367
4 371
4 375
4 379
4 380
4 383
4 384
4 387
4 395
4 399
