0 3
0 5
0 8
0 11
0 12
0 15
0 16
0 23
0 26
0 28
0 32
0 40
0 41
0 45
0 49
0 58
0 59
0 75
0 76
0 79
0 80
0 85
0 95
0 98
0 100
0 108
0 113
0 115
0 116
0 129
0 130
0 131
0 132
0 142
0 149
0 154
0 167
0 182
0 191
0 202
0 204
0 207
0 214
0 216
0 217
0 230
0 232
0 235
0 237
0 239
0 249
0 253
0 263
0 265
0 268
0 272
0 273
0 286
0 288
0 294
0 295
0 301
0 317
0 319
0 323
0 331
0 333
0 359
0 360
0 362
0 368
0 375
0 376
0 379
0 380
0 383
0 384
0 387
0 389
1 13
1 19
1 22
1 30
1 42
1 53
1 54
1 57
1 61
1 65
1 70
1 90
1 94
1 101
1 120
1 151
1 159
1 163
1 168
1 184
1 205
1 215
1 220
1 226
1 236
1 254
1 255
1 283
1 287
1 304
1 306
1 313
1 315
1 316
1 325
1 349
1 350
1 365
1 381
1 382
2 0
2 7
2 33
2 36
2 38
2 39
2 46
2 48
2 51
2 52
2 66
2 69
2 77
2 81
2 82
2 86
2 92
2 106
2 112
2 123
2 126
2 140
2 147
2 156
2 166
2 169
2 170
2 172
2 179
2 192
2 193
2 196
2 221
2 243
2 244
2 246
2 250
2 257
2 258
2 270
2 274
2 275
2 292
2 297
2 314
2 318
2 324
2 326
2 329
2 330
2 336
2 343
2 352
2 353
2 361
2 374
2 377
2 386
2 393
2 394
2 398
3 2
3 4
3 17
3 20
3 24
3 25
3 35
3 37
3 43
3 44
3 47
3 50
3 55
3 71
3 78
3 91
3 102
3 104
3 105
3 107
3 117
3 121
3 125
3 128
3 135
3 136
3 138
3 152
3 160
3 161
3 171
3 177
3 178
3 180
3 183
3 187
3 189
3 201
3 203
3 208
3 209
3 213
3 218
3 224
3 227
3 228
3 233
3 234
3 241
3 245
3 247
3 248
3 261
3 267
3 277
3 280
3 284
3 298
3 300
3 308
3 309
3 310
3 320
3 322
3 334
3 348
3 355
3 356
3 366
3 373
3 378
3 385
3 390
3 392
4 9
4 21
4 34
4 62
4 64
4 67
4 72
4 83
4 84
4 93
4 96
4 97
4 99
4 109
4 110
4 119
4 124
4 134
4 137
4 141
4 145
4 146
4 153
4 157
4 158
4 164
4 165
4 174
4 176
4 190
4 194
4 195
4 198
4 199
4 200
4 206
4 222
4 229
4 231
4 238
4 242
4 252
4 264
4 266
4 269
4 271
4 279
4 281
4 291
4 293
4 296
4 302
4 305
4 312
4 321
4 328
4 332
4 338
4 339
4 341
4 354
4 358
4 363
4 364
4 367
4 371
4 372
4 388
4 391
4 395
4 399
5 1
5 6
5 10
5 14
5 18
5 27
5 29
5 31
5 56
5 60
5 63
5 68
5 73
5 74
5 87
5 88
5 89
5 103
5 111
5 114
5 118
5 122
5 127
5 133
5 139
5 143
5 144
5 148
5 150
5 155
5 162
5 173
5 175
5 181
5 185
5 186
5 188
5 197
5 210
5 211
5 212
5 219
5 223
5 225
5 240
5 251
5 256
5 259
5 260
5 262
5 276
5 278
5 282
5 285
5 289
5 290
5 299
5 303
5 307
5 311
5 327
5 335
5 337
5 340
5 342
5 344
5 345
5 346
5 347
5 351
5 357
5 369
5 370
5 396
5 397
