0 5
0 15
0 23
0 25
0 26
0 40
0 41
0 45
0 58
0 75
0 85
0 95
0 98
0 100
0 103
0 108
0 113
0 115
0 116
0 129
0 130
0 132
0 135
0 136
0 142
0 145
0 167
0 182
0 191
0 194
0 202
0 207
0 214
0 216
0 230
0 232
0 237
0 239
0 249
0 253
0 263
0 265
0 267
0 268
0 272
0 279
0 294
0 295
0 301
0 319
0 320
0 323
0 331
0 333
0 347
0 360
0 362
0 368
0 376
0 389
1 10
1 19
1 22
1 30
1 34
1 36
1 42
1 53
1 54
1 57
1 61
1 63
1 65
1 70
1 90
1 94
1 101
1 114
1 118
1 120
1 151
1 159
1 168
1 184
1 197
1 205
1 215
1 219
1 220
1 226
1 236
1 254
1 255
1 260
1 283
1 287
1 304
1 306
1 315
1 316
1 321
1 325
1 346
1 350
1 361
1 365
1 381
1 382
1 388
2 2
2 20
2 24
2 37
2 38
2 44
2 50
2 51
2 55
2 71
2 78
2 87
2 91
2 104
2 105
2 128
2 138
2 147
2 152
2 160
2 161
2 166
2 169
2 172
2 177
2 180
2 187
2 189
2 192
2 201
2 203
2 208
2 213
2 218
2 227
2 228
2 234
2 243
2 244
2 245
2 247
2 248
2 257
2 261
2 275
2 277
2 280
2 308
2 309
2 310
2 322
2 334
2 343
2 348
2 356
2 378
2 385
2 386
2 390
3 9
3 21
3 39
3 48
3 67
3 72
3 77
3 83
3 84
3 99
3 106
3 110
3 124
3 141
3 146
3 153
3 156
3 165
3 176
3 183
3 198
3 222
3 229
3 231
3 238
3 242
3 246
3 250
3 258
3 264
3 269
3 270
3 291
3 293
3 296
3 312
3 324
3 330
3 332
3 338
3 339
3 354
3 364
3 367
3 371
3 375
3 377
4 3
4 8
4 11
4 16
4 32
4 49
4 59
4 64
4 76
4 79
4 80
4 93
4 96
4 109
4 131
4 137
4 149
4 157
4 174
4 190
4 199
4 204
4 217
4 235
4 252
4 266
4 271
4 273
4 281
4 286
4 288
4 302
4 305
4 317
4 341
4 359
4 379
4 380
4 383
4 384
4 387
4 395
4 399
5 0
5 7
5 28
5 33
5 46
5 52
5 66
5 69
5 81
5 82
5 86
5 92
5 112
5 121
5 123
5 126
5 140
5 170
5 179
5 193
5 196
5 221
5 274
5 292
5 297
5 313
5 314
5 318
5 326
5 329
5 336
5 352
5 353
5 374
5 393
5 394
5 398
6 1
6 4
6 6
6 12
6 13
6 14
6 17
6 18
6 27
6 29
6 31
6 35
6 43
6 47
6 56
6 60
6 62
6 68
6 73
6 74
6 88
6 89
6 97
6 102
6 107
6 111
6 117
6 119
6 122
6 125
6 127
6 133
6 134
6 139
6 143
6 144
6 148
6 150
6 154
6 155
6 158
6 162
6 163
6 164
6 171
6 173
6 175
6 178
6 181
6 185
6 186
6 188
6 195
6 200
6 206
6 209
6 210
6 211
6 212
6 223
6 224
6 225
6 233
6 240
6 241
6 251
6 256
6 259
6 262
6 276
6 278
6 282
6 284
6 285
6 289
6 290
6 298
6 299
6 300
6 303
6 307
6 311
6 327
6 328
6 335
6 337
6 340
6 342
6 344
6 345
6 349
6 351
6 355
6 357
6 358
6 363
6 366
6 369
6 370
6 372
6 373
6 391
6 392
6 396
6 397
