0 2
0 20
0 37
0 44
0 50
0 55
0 71
0 78
0 91
0 104
0 105
0 135
0 138
0 152
0 160
0 177
0 180
0 187
0 201
0 208
0 213
0 218
0 227
0 228
0 234
0 245
0 247
0 261
0 277
0 308
0 309
0 310
0 322
0 334
0 348
0 385
1 3
1 8
1 9
1 64
1 67
1 72
1 76
1 80
1 84
1 93
1 96
1 109
1 131
1 137
1 157
1 164
1 165
1 174
1 176
1 190
1 199
1 200
1 204
1 217
1 222
1 229
1 264
1 266
1 269
1 271
1 273
1 281
1 286
1 288
1 291
1 296
1 302
1 305
1 312
1 317
1 341
1 354
1 364
1 371
1 380
1 387
1 395
1 399
2 1
2 6
2 10
2 13
2 14
2 22
2 27
2 29
2 30
2 31
2 34
2 42
2 53
2 54
2 56
2 57
2 60
2 65
2 68
2 70
2 74
2 88
2 94
2 101
2 111
2 118
2 139
2 144
2 148
2 150
2 158
2 159
2 163
2 173
2 175
2 184
2 188
2 197
2 211
2 219
2 223
2 236
2 242
2 251
2 255
2 262
2 282
2 289
2 299
2 304
2 306
2 315
2 316
2 321
2 327
2 335
2 344
2 349
2 350
2 365
2 369
2 381
2 391
2 396
2 397
3 11
3 12
3 16
3 32
3 41
3 49
3 58
3 59
3 79
3 85
3 100
3 115
3 129
3 130
3 132
3 134
3 142
3 145
3 154
3 191
3 194
3 207
3 214
3 230
3 237
3 249
3 252
3 272
3 279
3 301
3 358
3 359
3 379
3 383
3 384
3 389
4 19
4 33
4 38
4 51
4 52
4 61
4 63
4 86
4 90
4 92
4 112
4 114
4 120
4 126
4 140
4 147
4 151
4 166
4 168
4 169
4 172
4 179
4 192
4 205
4 215
4 226
4 243
4 244
4 257
4 260
4 274
4 280
4 283
4 287
4 292
4 313
4 314
4 318
4 325
4 326
4 343
4 346
4 352
4 353
4 374
4 382
4 386
5 5
5 15
5 23
5 25
5 26
5 28
5 40
5 45
5 75
5 95
5 98
5 108
5 113
5 116
5 136
5 167
5 182
5 189
5 202
5 216
5 232
5 239
5 253
5 263
5 265
5 267
5 268
5 294
5 295
5 319
5 320
5 323
5 331
5 333
5 347
5 360
5 362
5 368
5 376
6 0
6 7
6 36
6 39
6 46
6 48
6 66
6 69
6 77
6 81
6 82
6 83
6 99
6 106
6 110
6 121
6 123
6 146
6 153
6 156
6 170
6 183
6 193
6 196
6 198
6 220
6 221
6 246
6 250
6 254
6 258
6 270
6 293
6 297
6 324
6 329
6 330
6 332
6 336
6 339
6 361
6 367
6 375
6 377
6 388
6 393
6 394
6 398
7 4
7 17
7 18
7 21
7 24
7 35
7 43
7 47
7 62
7 73
7 87
7 89
7 97
7 102
7 103
7 107
7 117
7 119
7 122
7 124
7 125
7 127
7 128
7 133
7 141
7 143
7 149
7 155
7 161
7 162
7 171
7 178
7 181
7 185
7 186
7 195
7 203
7 206
7 209
7 210
7 212
7 224
7 225
7 231
7 233
7 235
7 238
7 240
7 241
7 248
7 256
7 259
7 275
7 276
7 278
7 284
7 285
7 290
7 298
7 300
7 303
7 307
7 311
7 328
7 337
7 338
7 340
7 342
7 345
7 351
7 355
7 356
7 357
7 363
7 366
7 370
7 372
7 373
7 378
7 390
7 392
