0 7
0 18
0 21
0 23
0 34
0 37
0 52
0 66
0 68
0 90
0 101
0 135
0 159
0 168
0 172
0 173
0 176
0 179
0 182
0 194
0 211
0 226
0 233
0 237
0 238
0 240
0 241
0 248
0 257
0 259
0 265
0 269
0 291
0 298
0 301
0 302
0 311
0 320
0 340
0 346
0 366
0 380
0 385
0 386
0 388
0 396
1 0
1 4
1 11
1 12
1 25
1 30
1 98
1 106
1 114
1 133
1 141
1 145
1 190
1 198
1 201
1 224
1 227
1 230
1 232
1 236
1 242
1 264
1 299
1 314
1 323
1 333
1 345
1 347
1 359
1 368
1 372
1 382
1 387
1 392
1 394
2 28
2 35
2 43
2 44
2 50
2 55
2 60
2 69
2 74
2 99
2 100
2 108
2 109
2 110
2 111
2 115
2 120
2 130
2 131
2 149
2 154
2 160
2 164
2 193
2 195
2 212
2 213
2 215
2 217
2 220
2 229
2 245
2 253
2 263
2 266
2 281
2 307
2 312
2 317
2 321
2 324
2 334
2 351
2 353
2 356
2 369
2 379
3 8
3 70
3 102
3 103
3 127
3 128
3 139
3 156
3 165
3 203
3 268
3 270
3 271
3 315
3 316
3 343
3 365
3 389
3 395
4 6
4 27
4 80
4 117
4 129
4 137
4 142
4 199
4 218
4 246
4 249
4 251
4 309
4 310
4 335
4 361
4 364
4 371
4 374
4 377
4 390
5 3
5 9
5 15
5 36
5 42
5 48
5 56
5 71
5 77
5 79
5 86
5 87
5 91
5 116
5 119
5 123
5 152
5 162
5 166
5 167
5 169
5 175
5 184
5 185
5 186
5 206
5 239
5 254
5 256
5 258
5 262
5 267
5 283
5 287
5 288
5 289
5 292
5 303
5 305
5 308
5 319
5 328
5 341
5 349
5 362
5 375
5 378
5 381
5 397
5 398
6 10
6 13
6 17
6 26
6 31
6 32
6 45
6 65
6 81
6 88
6 89
6 124
6 134
6 143
6 148
6 153
6 161
6 189
6 207
6 214
6 260
6 261
6 274
6 290
6 297
6 306
6 336
6 357
6 367
6 384
7 14
7 38
7 40
7 73
7 97
7 105
7 121
7 125
7 132
7 146
7 157
7 170
7 188
7 209
7 222
7 231
7 293
7 296
7 327
7 329
7 339
8 1
8 2
8 19
8 20
8 41
8 46
8 54
8 58
8 63
8 82
8 85
8 94
8 136
8 150
8 171
8 174
8 181
8 202
8 204
8 223
8 228
8 243
8 244
8 247
8 255
8 273
8 278
8 279
8 300
8 304
8 313
8 326
8 342
8 354
8 363
9 16
9 22
9 29
9 39
9 49
9 51
9 53
9 59
9 72
9 78
9 84
9 92
9 93
9 95
9 96
9 104
9 113
9 118
9 126
9 140
9 144
9 151
9 155
9 163
9 177
9 180
9 191
9 192
9 196
9 197
9 205
9 210
9 216
9 225
9 250
9 252
9 272
9 277
9 280
9 284
9 294
9 295
9 318
9 322
9 325
9 330
9 355
9 360
9 376
9 383
9 393
10 5
10 24
10 33
10 47
10 57
10 61
10 62
10 64
10 67
10 75
10 76
10 83
10 107
10 112
10 122
10 138
10 147
10 158
10 178
10 183
10 187
10 200
10 208
10 219
10 221
10 234
10 235
10 275
10 276
10 282
10 285
10 286
10 331
10 332
10 337
10 338
10 344
10 348
10 350
10 352
10 358
10 370
10 373
10 391
10 399
