0 8
0 70
0 102
0 103
0 127
0 128
0 139
0 156
0 165
0 203
0 268
0 270
0 271
0 315
0 343
0 365
0 389
0 395
1 20
1 35
1 69
1 85
1 94
1 99
1 108
1 110
1 120
1 130
1 149
1 154
1 164
1 174
1 193
1 195
1 213
1 215
1 217
1 220
1 229
1 231
1 245
1 275
1 304
1 307
1 312
1 321
1 324
1 326
1 351
1 369
2 3
2 9
2 13
2 17
2 26
2 31
2 42
2 48
2 65
2 88
2 124
2 148
2 166
2 175
2 184
2 189
2 214
2 254
2 258
2 260
2 261
2 262
2 290
2 297
2 305
2 306
2 336
2 341
2 349
2 357
2 367
2 384
2 397
3 21
3 34
3 37
3 52
3 62
3 68
3 159
3 176
3 182
3 226
3 233
3 237
3 238
3 240
3 241
3 248
3 257
3 265
3 269
3 291
3 301
3 302
3 311
3 320
3 337
3 346
3 386
3 388
4 7
4 18
4 23
4 66
4 76
4 90
4 101
4 117
4 129
4 135
4 168
4 172
4 173
4 179
4 183
4 194
4 211
4 259
4 298
4 309
4 340
4 361
4 366
4 380
4 385
4 396
4 399
5 6
5 27
5 80
5 137
5 142
5 199
5 218
5 246
5 249
5 251
5 282
5 286
5 310
5 335
5 364
5 371
5 374
5 377
5 390
6 10
6 43
6 55
6 72
6 98
6 106
6 109
6 115
6 133
6 134
6 145
6 160
6 190
6 253
6 263
6 266
6 281
6 284
6 314
6 353
6 356
7 1
7 2
7 86
7 204
7 223
7 273
7 278
7 354
8 16
8 22
8 39
8 49
8 59
8 78
8 84
8 92
8 93
8 96
8 113
8 118
8 126
8 144
8 151
8 155
8 163
8 177
8 191
8 192
8 196
8 197
8 205
8 210
8 216
8 225
8 250
8 277
8 280
8 294
8 318
8 322
8 325
8 330
8 355
8 376
8 383
8 393
9 5
9 24
9 28
9 33
9 44
9 47
9 50
9 60
9 64
9 67
9 74
9 79
9 83
9 104
9 107
9 111
9 122
9 131
9 138
9 158
9 178
9 185
9 186
9 187
9 206
9 208
9 212
9 219
9 221
9 235
9 276
9 295
9 308
9 317
9 319
9 328
9 331
9 332
9 334
9 348
9 350
9 352
9 358
9 370
9 373
9 378
9 379
9 391
9 398
10 14
10 38
10 40
10 73
10 97
10 105
10 121
10 125
10 132
10 146
10 157
10 170
10 188
10 209
10 222
10 293
10 296
10 316
10 327
10 329
10 339
11 29
11 32
11 45
11 51
11 53
11 81
11 89
11 95
11 140
11 143
11 153
11 161
11 180
11 207
11 252
11 272
11 274
11 360
12 15
12 36
12 56
12 71
12 75
12 77
12 87
12 91
12 112
12 116
12 119
12 123
12 147
12 152
12 162
12 167
12 169
12 234
12 239
12 256
12 267
12 283
12 285
12 287
12 288
12 289
12 292
12 303
12 344
12 362
12 375
12 381
13 19
13 41
13 46
13 54
13 57
13 58
13 61
13 63
13 82
13 136
13 150
13 171
13 181
13 200
13 202
13 228
13 243
13 244
13 247
13 255
13 279
13 300
13 313
13 338
13 342
13 363
14 0
14 4
14 11
14 12
14 25
14 30
14 100
14 114
14 141
14 198
14 201
14 224
14 227
14 230
14 232
14 236
14 242
14 264
14 299
14 323
14 333
14 345
14 347
14 359
14 368
14 372
14 382
14 387
14 392
14 394
