0 139
0 165
0 188
0 203
0 271
1 20
1 69
1 85
1 120
1 150
1 174
1 213
1 215
1 229
1 304
1 316
1 324
1 326
2 9
2 10
2 13
2 17
2 26
2 31
2 42
2 65
2 77
2 88
2 124
2 134
2 148
2 166
2 184
2 189
2 214
2 254
2 258
2 260
2 261
2 262
2 290
2 297
2 306
2 336
2 341
2 357
2 367
2 384
3 29
3 32
3 45
3 51
3 53
3 81
3 89
3 95
3 140
3 143
3 153
3 161
3 180
3 207
3 252
3 272
3 274
3 360
4 7
4 18
4 66
4 90
4 101
4 135
4 168
4 172
4 173
4 176
4 179
4 194
4 211
4 240
4 298
4 366
4 380
4 385
4 396
5 0
5 11
5 28
5 44
5 94
5 99
5 108
5 110
5 115
5 130
5 149
5 154
5 164
5 193
5 195
5 198
5 217
5 220
5 245
5 263
5 264
5 266
5 307
5 312
5 321
5 323
5 345
5 347
5 351
5 359
5 392
5 394
6 15
6 27
6 36
6 71
6 80
6 91
6 112
6 116
6 119
6 123
6 137
6 142
6 147
6 152
6 162
6 167
6 169
6 183
6 199
6 218
6 239
6 251
6 256
6 267
6 285
6 287
6 289
6 303
6 310
6 335
6 344
6 364
6 371
6 375
6 377
6 381
7 8
7 70
7 102
7 103
7 127
7 128
7 156
7 268
7 270
7 315
7 343
7 365
7 389
7 395
8 14
8 30
8 38
8 40
8 73
8 97
8 105
8 121
8 125
8 132
8 146
8 157
8 170
8 209
8 222
8 231
8 293
8 296
8 327
8 329
8 339
9 16
9 22
9 39
9 49
9 59
9 72
9 78
9 84
9 92
9 93
9 96
9 113
9 118
9 126
9 144
9 151
9 155
9 160
9 163
9 177
9 191
9 192
9 196
9 197
9 205
9 210
9 216
9 225
9 250
9 277
9 280
9 284
9 294
9 318
9 322
9 325
9 330
9 355
9 376
9 383
9 393
10 1
10 2
10 19
10 41
10 46
10 54
10 58
10 63
10 82
10 136
10 171
10 181
10 202
10 204
10 223
10 228
10 243
10 244
10 247
10 255
10 273
10 278
10 279
10 300
10 313
10 342
10 354
10 363
11 6
11 23
11 24
11 33
11 76
11 117
11 129
11 221
11 246
11 249
11 259
11 309
11 340
11 361
11 374
11 390
11 399
12 3
12 48
12 50
12 56
12 74
12 79
12 86
12 87
12 100
12 109
12 111
12 131
12 158
12 175
12 178
12 185
12 186
12 187
12 206
12 212
12 283
12 288
12 292
12 305
12 308
12 317
12 319
12 328
12 334
12 349
12 362
12 378
12 379
12 391
12 397
12 398
13 5
13 35
13 47
13 57
13 60
13 61
13 62
13 64
13 67
13 75
13 83
13 104
13 107
13 122
13 138
13 200
13 208
13 219
13 234
13 235
13 275
13 276
13 282
13 286
13 295
13 331
13 332
13 338
13 348
13 350
13 352
13 358
13 369
13 370
13 373
14 21
14 34
14 37
14 52
14 68
14 159
14 182
14 226
14 233
14 237
14 238
14 241
14 248
14 257
14 265
14 269
14 291
14 301
14 302
14 311
14 320
14 337
14 346
14 386
14 388
15 4
15 12
15 25
15 43
15 55
15 98
15 106
15 114
15 133
15 141
15 145
15 190
15 201
15 224
15 227
15 230
15 232
15 236
15 242
15 253
15 281
15 299
15 314
15 333
15 353
15 356
15 368
15 372
15 382
15 387
