0 18
0 21
0 34
0 37
0 52
0 68
0 159
0 173
0 176
0 182
0 226
0 233
0 238
0 240
0 248
0 257
0 265
0 298
0 301
0 302
0 311
0 320
0 346
0 385
0 388
1 3
1 13
1 48
1 56
1 65
1 79
1 109
1 175
1 185
1 186
1 206
1 258
1 292
1 305
1 308
1 319
1 328
1 334
1 349
1 362
1 378
1 398
2 8
2 102
2 125
2 128
2 139
2 165
2 188
2 203
2 270
2 271
2 316
2 327
2 339
2 389
3 5
3 24
3 33
3 35
3 44
3 47
3 67
3 83
3 104
3 108
3 113
3 115
3 122
3 138
3 149
3 151
3 160
3 164
3 192
3 208
3 221
3 235
3 246
3 263
3 266
3 276
3 282
3 286
3 295
3 312
3 321
3 331
3 332
3 348
3 350
3 352
3 356
3 358
3 369
3 370
3 373
3 390
4 1
4 2
4 19
4 41
4 46
4 54
4 58
4 82
4 136
4 150
4 171
4 202
4 204
4 223
4 228
4 243
4 244
4 255
4 273
4 278
4 279
4 300
4 313
4 342
4 354
4 363
5 7
5 23
5 66
5 76
5 90
5 101
5 117
5 129
5 135
5 168
5 172
5 179
5 183
5 194
5 211
5 259
5 309
5 340
5 361
5 366
5 380
5 396
5 399
6 29
6 32
6 45
6 51
6 53
6 81
6 89
6 95
6 140
6 143
6 153
6 161
6 180
6 207
6 252
6 272
6 274
6 360
7 14
7 30
7 38
7 40
7 73
7 97
7 105
7 121
7 132
7 146
7 157
7 170
7 209
7 222
7 293
7 296
7 323
7 329
7 345
7 347
7 359
8 10
8 17
8 26
8 31
8 124
8 134
8 148
8 214
8 253
8 260
8 261
8 281
8 290
8 297
8 306
8 336
8 357
9 15
9 36
9 71
9 75
9 91
9 112
9 116
9 119
9 123
9 147
9 152
9 162
9 169
9 234
9 239
9 256
9 267
9 285
9 287
9 289
9 344
9 371
9 375
9 381
10 70
10 103
10 127
10 156
10 268
10 291
10 315
10 324
10 343
10 365
10 395
11 6
11 27
11 80
11 137
11 142
11 199
11 218
11 249
11 251
11 310
11 335
11 364
11 374
11 377
12 9
12 42
12 77
12 86
12 87
12 88
12 166
12 167
12 184
12 189
12 254
12 262
12 283
12 288
12 303
12 341
12 367
12 384
12 397
13 28
13 50
13 60
13 74
13 100
13 111
13 131
13 158
13 178
13 181
13 187
13 212
13 317
13 379
13 391
14 20
14 69
14 85
14 94
14 99
14 110
14 120
14 130
14 154
14 174
14 193
14 198
14 213
14 215
14 217
14 220
14 229
14 231
14 245
14 304
14 307
14 326
14 351
14 392
15 0
15 4
15 11
15 12
15 25
15 43
15 55
15 98
15 106
15 114
15 133
15 141
15 145
15 190
15 195
15 201
15 224
15 227
15 230
15 232
15 236
15 242
15 264
15 299
15 314
15 333
15 353
15 368
15 372
15 382
15 387
15 394
16 57
16 61
16 62
16 63
16 64
16 107
16 200
16 219
16 237
16 241
16 247
16 269
16 275
16 337
16 338
16 386
17 16
17 22
17 39
17 49
17 59
17 72
17 78
17 84
17 92
17 93
17 96
17 118
17 126
17 144
17 155
17 163
17 177
17 191
17 196
17 197
17 205
17 210
17 216
17 225
17 250
17 277
17 280
17 284
17 294
17 318
17 322
17 325
17 330
17 355
17 376
17 383
17 393
