0 6
0 27
0 80
0 137
0 142
0 199
0 218
0 249
0 251
0 310
0 335
0 364
0 371
0 374
0 377
1 14
1 38
1 40
1 73
1 97
1 105
1 121
1 132
1 146
1 157
1 170
1 209
1 222
1 231
1 293
1 296
1 329
1 347
2 28
2 50
2 60
2 74
2 79
2 100
2 111
2 131
2 158
2 178
2 185
2 186
2 187
2 206
2 212
2 292
2 308
2 317
2 319
2 328
2 334
2 378
2 379
2 391
2 398
3 18
3 168
3 173
3 176
3 233
3 240
3 248
3 257
3 298
3 302
3 320
3 346
3 385
3 396
4 7
4 23
4 66
4 76
4 90
4 101
4 117
4 129
4 135
4 172
4 179
4 183
4 194
4 211
4 259
4 309
4 340
4 361
4 366
4 380
4 399
5 139
5 165
5 203
5 389
6 16
6 22
6 39
6 49
6 59
6 72
6 78
6 84
6 92
6 93
6 95
6 96
6 113
6 118
6 126
6 140
6 144
6 155
6 163
6 177
6 191
6 192
6 196
6 197
6 205
6 210
6 216
6 225
6 250
6 252
6 277
6 280
6 284
6 294
6 318
6 322
6 325
6 330
6 355
6 376
6 383
6 393
7 21
7 34
7 37
7 52
7 62
7 68
7 69
7 159
7 182
7 215
7 226
7 237
7 238
7 241
7 265
7 269
7 275
7 291
7 301
7 311
7 337
7 386
7 388
8 10
8 17
8 26
8 31
8 109
8 124
8 134
8 148
8 214
8 253
8 258
8 260
8 261
8 281
8 290
8 305
8 306
8 336
8 357
9 70
9 103
9 127
9 156
9 268
9 315
9 324
9 343
9 365
9 395
10 15
10 36
10 71
10 75
10 91
10 112
10 116
10 119
10 123
10 147
10 152
10 162
10 169
10 234
10 239
10 256
10 267
10 285
10 287
10 289
10 344
10 375
10 381
11 1
11 2
11 19
11 41
11 46
11 54
11 57
11 58
11 63
11 82
11 136
11 171
11 181
11 200
11 202
11 204
11 223
11 228
11 243
11 244
11 247
11 255
11 273
11 279
11 300
11 313
11 338
11 342
11 363
12 43
12 55
12 98
12 106
12 115
12 133
12 141
12 145
12 160
12 190
12 195
12 224
12 227
12 263
12 266
12 312
12 314
12 353
12 356
12 368
12 382
13 44
13 94
13 99
13 108
13 110
13 130
13 149
13 154
13 164
13 193
13 198
13 213
13 217
13 220
13 229
13 245
13 304
13 307
13 321
13 351
13 369
14 8
14 20
14 85
14 102
14 120
14 128
14 150
14 174
14 270
14 278
14 316
14 326
14 354
15 29
15 32
15 45
15 51
15 53
15 81
15 89
15 143
15 153
15 161
15 180
15 189
15 207
15 272
15 274
15 297
15 360
16 5
16 24
16 33
16 35
16 47
16 61
16 64
16 67
16 83
16 104
16 107
16 122
16 138
16 151
16 208
16 219
16 221
16 235
16 246
16 276
16 282
16 286
16 295
16 331
16 332
16 348
16 350
16 352
16 358
16 370
16 373
16 390
17 0
17 4
17 11
17 12
17 25
17 30
17 114
17 201
17 230
17 232
17 236
17 242
17 264
17 299
17 323
17 333
17 345
17 359
17 372
17 387
17 392
17 394
18 125
18 188
18 271
18 327
18 339
19 3
19 9
19 13
19 42
19 48
19 56
19 65
19 77
19 86
19 87
19 88
19 166
19 167
19 175
19 184
19 254
19 262
19 283
19 288
19 303
19 341
19 349
19 362
19 367
19 384
19 397
