0 8
0 20
0 30
0 38
0 70
0 73
0 85
0 97
0 102
0 103
0 105
0 125
0 127
0 128
0 132
0 139
0 146
0 156
0 157
0 165
0 188
0 203
0 209
0 222
0 268
0 270
0 271
0 278
0 291
0 293
0 296
0 315
0 316
0 320
0 324
0 327
0 329
0 339
0 343
0 354
0 365
0 389
0 395
1 0
1 4
1 10
1 11
1 12
1 14
1 16
1 17
1 19
1 22
1 25
1 28
1 35
1 39
1 40
1 41
1 43
1 44
1 46
1 49
1 51
1 54
1 55
1 58
1 59
1 69
1 72
1 78
1 84
1 92
1 93
1 94
1 95
1 96
1 98
1 99
1 100
1 106
1 108
1 110
1 111
1 113
1 114
1 115
1 118
1 120
1 121
1 126
1 130
1 131
1 133
1 134
1 136
1 140
1 141
1 144
1 145
1 149
1 150
1 154
1 155
1 160
1 163
1 164
1 170
1 174
1 177
1 181
1 190
1 191
1 193
1 195
1 196
1 197
1 198
1 201
1 202
1 205
1 210
1 213
1 214
1 215
1 216
1 217
1 220
1 221
1 224
1 225
1 227
1 229
1 230
1 231
1 232
1 236
1 237
1 242
1 244
1 245
1 250
1 252
1 253
1 263
1 264
1 266
1 272
1 277
1 279
1 280
1 281
1 284
1 294
1 299
1 300
1 304
1 307
1 312
1 313
1 314
1 318
1 321
1 322
1 323
1 325
1 326
1 330
1 333
1 342
1 345
1 347
1 351
1 353
1 355
1 356
1 359
1 363
1 368
1 369
1 372
1 376
1 379
1 382
1 383
1 387
1 392
1 393
1 394
2 1
2 2
2 3
2 5
2 6
2 7
2 9
2 13
2 15
2 18
2 21
2 23
2 24
2 26
2 27
2 29
2 31
2 32
2 33
2 34
2 36
2 37
2 42
2 45
2 47
2 48
2 50
2 52
2 53
2 56
2 57
2 60
2 61
2 62
2 63
2 64
2 65
2 66
2 67
2 68
2 71
2 74
2 75
2 76
2 77
2 79
2 80
2 81
2 82
2 83
2 86
2 87
2 88
2 89
2 90
2 91
2 101
2 104
2 107
2 109
2 112
2 116
2 117
2 119
2 122
2 123
2 124
2 129
2 135
2 137
2 138
2 142
2 143
2 147
2 148
2 151
2 152
2 153
2 158
2 159
2 161
2 162
2 166
2 167
2 168
2 169
2 171
2 172
2 173
2 175
2 176
2 178
2 179
2 180
2 182
2 183
2 184
2 185
2 186
2 187
2 189
2 192
2 194
2 199
2 200
2 204
2 206
2 207
2 208
2 211
2 212
2 218
2 219
2 223
2 226
2 228
2 233
2 234
2 235
2 238
2 239
2 240
2 241
2 243
2 246
2 247
2 248
2 249
2 251
2 254
2 255
2 256
2 257
2 258
2 259
2 260
2 261
2 262
2 265
2 267
2 269
2 273
2 274
2 275
2 276
2 282
2 283
2 285
2 286
2 287
2 288
2 289
2 290
2 292
2 295
2 297
2 298
2 301
2 302
2 303
2 305
2 306
2 308
2 309
2 310
2 311
2 317
2 319
2 328
2 331
2 332
2 334
2 335
2 336
2 337
2 338
2 340
2 341
2 344
2 346
2 348
2 349
2 350
2 352
2 357
2 358
2 360
2 361
2 362
2 364
2 366
2 367
2 370
2 371
2 373
2 374
2 375
2 377
2 378
2 380
2 381
2 384
2 385
2 386
2 388
2 390
2 391
2 396
2 397
2 398
2 399
