0 3
0 9
0 13
0 15
0 17
0 26
0 31
0 32
0 36
0 42
0 47
0 48
0 50
0 56
0 60
0 65
0 67
0 71
0 74
0 77
0 79
0 80
0 81
0 86
0 87
0 88
0 89
0 91
0 104
0 109
0 112
0 116
0 119
0 123
0 124
0 134
0 137
0 138
0 142
0 143
0 147
0 148
0 152
0 158
0 161
0 162
0 166
0 167
0 169
0 175
0 178
0 184
0 185
0 186
0 187
0 189
0 192
0 199
0 204
0 206
0 212
0 214
0 218
0 234
0 239
0 254
0 256
0 258
0 260
0 261
0 262
0 267
0 273
0 274
0 276
0 283
0 285
0 288
0 289
0 290
0 292
0 297
0 303
0 305
0 306
0 308
0 317
0 319
0 328
0 331
0 334
0 335
0 336
0 341
0 344
0 349
0 357
0 360
0 362
0 364
0 367
0 371
0 375
0 377
0 378
0 381
0 384
0 391
0 397
0 398
1 8
1 70
1 85
1 97
1 102
1 103
1 125
1 127
1 128
1 139
1 156
1 165
1 188
1 203
1 268
1 270
1 271
1 278
1 315
1 316
1 327
1 339
1 343
1 354
1 365
1 389
1 395
2 5
2 6
2 10
2 16
2 22
2 24
2 27
2 29
2 33
2 35
2 39
2 43
2 44
2 45
2 49
2 51
2 53
2 55
2 59
2 72
2 75
2 78
2 83
2 84
2 92
2 93
2 95
2 96
2 98
2 107
2 113
2 117
2 118
2 122
2 126
2 129
2 140
2 144
2 149
2 151
2 153
2 155
2 163
2 177
2 180
2 191
2 196
2 197
2 205
2 207
2 208
2 210
2 213
2 216
2 219
2 221
2 225
2 235
2 246
2 250
2 251
2 252
2 253
2 272
2 275
2 277
2 280
2 281
2 282
2 284
2 286
2 294
2 295
2 309
2 310
2 318
2 322
2 325
2 330
2 332
2 338
2 348
2 350
2 352
2 353
2 355
2 358
2 361
2 369
2 370
2 373
2 374
2 376
2 383
2 390
2 393
2 399
3 7
3 18
3 21
3 23
3 34
3 37
3 52
3 57
3 61
3 62
3 63
3 64
3 66
3 68
3 76
3 90
3 101
3 135
3 159
3 168
3 172
3 173
3 176
3 179
3 182
3 183
3 194
3 200
3 211
3 223
3 226
3 228
3 233
3 237
3 238
3 240
3 241
3 243
3 247
3 248
3 249
3 255
3 257
3 259
3 265
3 269
3 287
3 291
3 298
3 301
3 302
3 311
3 320
3 337
3 340
3 346
3 366
3 380
3 385
3 386
3 388
3 396
4 0
4 1
4 2
4 4
4 11
4 12
4 14
4 19
4 20
4 25
4 28
4 30
4 38
4 40
4 41
4 46
4 54
4 58
4 69
4 73
4 82
4 94
4 99
4 100
4 105
4 106
4 108
4 110
4 111
4 114
4 115
4 120
4 121
4 130
4 131
4 132
4 133
4 136
4 141
4 145
4 146
4 150
4 154
4 157
4 160
4 164
4 170
4 171
4 174
4 181
4 190
4 193
4 195
4 198
4 201
4 202
4 209
4 215
4 217
4 220
4 222
4 224
4 227
4 229
4 230
4 231
4 232
4 236
4 242
4 244
4 245
4 263
4 264
4 266
4 279
4 293
4 296
4 299
4 300
4 304
4 307
4 312
4 313
4 314
4 321
4 323
4 324
4 326
4 329
4 333
4 342
4 345
4 347
4 351
4 356
4 359
4 363
4 368
4 372
4 379
4 382
4 387
4 392
4 394
