0 1
0 2
0 19
0 20
0 41
0 46
0 54
0 57
0 58
0 61
0 63
0 64
0 82
0 85
0 120
0 136
0 150
0 171
0 174
0 181
0 200
0 202
0 204
0 223
0 228
0 241
0 243
0 244
0 247
0 255
0 273
0 278
0 279
0 300
0 304
0 313
0 326
0 338
0 342
0 354
0 363
1 0
1 4
1 11
1 12
1 14
1 25
1 30
1 38
1 40
1 73
1 94
1 99
1 100
1 105
1 106
1 114
1 121
1 130
1 132
1 133
1 141
1 145
1 146
1 154
1 157
1 170
1 190
1 193
1 195
1 198
1 201
1 209
1 217
1 220
1 222
1 224
1 227
1 229
1 230
1 231
1 232
1 236
1 242
1 245
1 264
1 293
1 296
1 299
1 307
1 314
1 323
1 324
1 329
1 333
1 345
1 347
1 351
1 359
1 368
1 372
1 379
1 382
1 387
1 392
1 394
2 3
2 9
2 13
2 15
2 17
2 26
2 31
2 32
2 36
2 42
2 45
2 47
2 48
2 50
2 56
2 60
2 65
2 67
2 71
2 74
2 75
2 77
2 79
2 80
2 81
2 86
2 87
2 88
2 89
2 91
2 104
2 109
2 112
2 116
2 119
2 123
2 124
2 134
2 137
2 138
2 142
2 143
2 147
2 148
2 152
2 158
2 161
2 162
2 166
2 167
2 169
2 175
2 178
2 184
2 185
2 186
2 187
2 189
2 192
2 199
2 206
2 212
2 214
2 218
2 234
2 235
2 239
2 254
2 256
2 258
2 260
2 261
2 262
2 267
2 274
2 276
2 283
2 285
2 287
2 288
2 289
2 290
2 292
2 297
2 303
2 305
2 306
2 308
2 317
2 319
2 328
2 331
2 334
2 335
2 336
2 341
2 344
2 349
2 357
2 360
2 362
2 364
2 367
2 371
2 375
2 377
2 378
2 381
2 384
2 391
2 397
2 398
3 5
3 6
3 10
3 16
3 22
3 24
3 27
3 28
3 29
3 33
3 35
3 39
3 43
3 44
3 49
3 51
3 53
3 55
3 59
3 69
3 72
3 78
3 83
3 84
3 92
3 93
3 95
3 96
3 98
3 107
3 108
3 110
3 111
3 113
3 115
3 118
3 122
3 126
3 129
3 131
3 140
3 144
3 149
3 151
3 153
3 155
3 160
3 163
3 164
3 177
3 180
3 191
3 196
3 197
3 205
3 207
3 208
3 210
3 213
3 215
3 216
3 219
3 221
3 225
3 246
3 250
3 251
3 252
3 253
3 263
3 266
3 272
3 275
3 277
3 280
3 281
3 282
3 284
3 286
3 294
3 295
3 309
3 310
3 312
3 318
3 321
3 322
3 325
3 330
3 332
3 348
3 350
3 352
3 353
3 355
3 356
3 358
3 361
3 369
3 370
3 373
3 374
3 376
3 383
3 390
3 393
3 399
4 8
4 70
4 97
4 102
4 103
4 125
4 127
4 128
4 139
4 156
4 165
4 188
4 203
4 268
4 270
4 271
4 315
4 316
4 327
4 339
4 343
4 365
4 389
4 395
5 7
5 18
5 21
5 23
5 34
5 37
5 52
5 62
5 66
5 68
5 76
5 90
5 101
5 117
5 135
5 159
5 168
5 172
5 173
5 176
5 179
5 182
5 183
5 194
5 211
5 226
5 233
5 237
5 238
5 240
5 248
5 249
5 257
5 259
5 265
5 269
5 291
5 298
5 301
5 302
5 311
5 320
5 337
5 340
5 346
5 366
5 380
5 385
5 386
5 388
5 396
