0 0
0 4
0 11
0 12
0 14
0 25
0 30
0 38
0 40
0 73
0 94
0 99
0 100
0 105
0 114
0 121
0 130
0 132
0 133
0 141
0 145
0 146
0 154
0 157
0 170
0 193
0 195
0 198
0 201
0 209
0 217
0 220
0 222
0 224
0 227
0 229
0 231
0 232
0 236
0 242
0 245
0 264
0 293
0 296
0 299
0 307
0 314
0 323
0 324
0 329
0 333
0 345
0 347
0 351
0 359
0 368
0 372
0 382
0 387
0 392
0 394
1 15
1 36
1 71
1 75
1 80
1 91
1 112
1 116
1 119
1 123
1 137
1 142
1 147
1 152
1 162
1 167
1 169
1 183
1 189
1 199
1 234
1 239
1 256
1 267
1 285
1 287
1 288
1 289
1 303
1 335
1 344
1 362
1 364
1 371
1 375
1 377
1 381
2 5
2 6
2 24
2 27
2 28
2 29
2 33
2 35
2 47
2 50
2 53
2 60
2 61
2 64
2 67
2 69
2 74
2 76
2 83
2 104
2 107
2 111
2 117
2 122
2 129
2 131
2 138
2 149
2 153
2 158
2 164
2 178
2 180
2 187
2 206
2 207
2 208
2 212
2 213
2 215
2 218
2 219
2 221
2 235
2 237
2 246
2 249
2 251
2 275
2 276
2 282
2 286
2 295
2 309
2 310
2 317
2 331
2 332
2 337
2 348
2 350
2 352
2 358
2 361
2 369
2 370
2 373
2 374
2 390
2 391
2 399
3 8
3 70
3 97
3 102
3 103
3 125
3 127
3 128
3 139
3 156
3 165
3 188
3 203
3 268
3 270
3 271
3 315
3 316
3 327
3 339
3 343
3 365
3 389
3 395
4 16
4 22
4 39
4 43
4 44
4 49
4 51
4 55
4 59
4 72
4 78
4 84
4 92
4 93
4 95
4 96
4 98
4 106
4 108
4 110
4 113
4 115
4 118
4 126
4 140
4 144
4 151
4 155
4 160
4 163
4 177
4 190
4 191
4 192
4 196
4 197
4 205
4 210
4 216
4 225
4 250
4 252
4 263
4 266
4 272
4 277
4 280
4 284
4 294
4 312
4 318
4 321
4 322
4 325
4 330
4 353
4 355
4 356
4 360
4 376
4 383
4 393
5 1
5 2
5 19
5 20
5 41
5 46
5 54
5 57
5 58
5 63
5 82
5 85
5 120
5 136
5 150
5 171
5 174
5 181
5 200
5 202
5 204
5 223
5 228
5 241
5 243
5 244
5 247
5 255
5 273
5 278
5 279
5 300
5 304
5 313
5 326
5 338
5 342
5 354
5 363
6 3
6 9
6 10
6 13
6 17
6 26
6 31
6 32
6 42
6 45
6 48
6 56
6 65
6 77
6 79
6 81
6 86
6 87
6 88
6 89
6 109
6 124
6 134
6 143
6 148
6 161
6 166
6 175
6 184
6 185
6 186
6 214
6 230
6 253
6 254
6 258
6 260
6 261
6 262
6 274
6 281
6 283
6 290
6 292
6 297
6 305
6 306
6 308
6 319
6 328
6 334
6 336
6 341
6 349
6 357
6 367
6 378
6 379
6 384
6 397
6 398
7 7
7 18
7 21
7 23
7 34
7 37
7 52
7 62
7 66
7 68
7 90
7 101
7 135
7 159
7 168
7 172
7 173
7 176
7 179
7 182
7 194
7 211
7 226
7 233
7 238
7 240
7 248
7 257
7 259
7 265
7 269
7 291
7 298
7 301
7 302
7 311
7 320
7 340
7 346
7 366
7 380
7 385
7 386
7 388
7 396
