0 1
0 14
0 27
0 47
0 94
0 120
0 139
0 143
0 176
0 184
0 240
0 250
0 270
0 303
0 340
0 370
0 385
0 388
1 7
1 10
1 52
1 66
1 81
1 89
1 90
1 107
1 114
1 122
1 125
1 127
1 161
1 168
1 178
1 182
1 186
1 203
1 205
1 209
1 210
1 218
1 243
1 247
1 257
1 275
1 284
1 311
1 334
1 348
1 356
1 390
2 18
2 21
2 22
2 30
2 42
2 53
2 54
2 79
2 101
2 118
2 150
2 151
2 158
2 163
2 169
2 180
2 190
2 192
2 215
2 221
2 223
2 238
2 255
2 269
2 282
2 286
2 287
2 288
2 293
2 304
2 315
2 316
2 319
2 325
2 339
2 365
2 375
2 391
2 396
2 399
3 11
3 12
3 17
3 71
3 76
3 91
3 93
3 95
3 100
3 103
3 104
3 117
3 132
3 134
3 135
3 138
3 145
3 171
3 194
3 208
3 239
3 249
3 252
3 272
3 279
3 331
3 379
3 383
3 389
4 6
4 20
4 25
4 28
4 40
4 50
4 65
4 88
4 124
4 128
4 152
4 167
4 173
4 175
4 181
4 183
4 197
4 211
4 219
4 244
4 246
4 253
4 254
4 276
4 277
4 280
4 299
4 327
4 335
4 337
4 338
5 3
5 9
5 34
5 56
5 62
5 67
5 69
5 72
5 82
5 92
5 97
5 106
5 110
5 123
5 141
5 144
5 147
5 156
5 164
5 188
5 198
5 213
5 217
5 222
5 231
5 242
5 251
5 264
5 268
5 305
5 341
5 361
5 363
5 364
5 371
5 382
5 387
6 8
6 80
6 98
6 105
6 149
6 153
6 174
6 189
6 199
6 235
6 302
6 309
6 323
6 355
6 358
6 360
6 374
6 384
6 392
6 398
7 2
7 13
7 23
7 36
7 43
7 61
7 77
7 84
7 108
7 136
7 140
7 154
7 160
7 224
7 258
7 292
7 298
7 314
7 317
7 320
7 322
7 343
7 347
7 362
7 366
7 373
7 377
8 5
8 16
8 32
8 41
8 49
8 85
8 99
8 115
8 126
8 129
8 131
8 196
8 207
8 220
8 237
8 291
8 321
8 336
8 368
8 372
8 376
9 0
9 37
9 39
9 44
9 51
9 63
9 86
9 87
9 96
9 137
9 146
9 159
9 162
9 166
9 170
9 172
9 187
9 201
9 206
9 225
9 228
9 229
9 259
9 266
9 271
9 273
9 274
9 281
9 296
9 297
9 312
9 324
9 326
9 332
9 352
9 359
9 378
9 380
9 381
9 386
9 393
9 394
9 395
10 4
10 19
10 31
10 35
10 57
10 59
10 60
10 64
10 68
10 70
10 74
10 83
10 109
10 111
10 112
10 113
10 119
10 130
10 133
10 142
10 148
10 155
10 165
10 185
10 191
10 200
10 202
10 204
10 212
10 227
10 233
10 236
10 241
10 245
10 248
10 256
10 261
10 262
10 267
10 278
10 283
10 290
10 295
10 300
10 301
10 306
10 308
10 318
10 330
10 333
10 342
10 344
10 349
10 350
10 354
10 367
10 369
10 397
11 15
11 24
11 55
11 73
11 102
11 157
11 177
11 195
11 234
11 265
11 289
11 294
11 307
11 310
11 328
11 345
11 351
12 26
12 29
12 33
12 38
12 45
12 46
12 48
12 58
12 75
12 78
12 116
12 121
12 179
12 193
12 214
12 216
12 226
12 230
12 232
12 260
12 263
12 285
12 313
12 329
12 346
12 353
12 357
