0 0
0 13
0 96
0 115
0 126
0 130
0 131
0 137
0 157
0 166
0 170
0 198
0 204
0 220
0 266
0 273
0 274
0 281
0 288
0 316
0 321
0 326
0 328
0 336
0 352
0 354
0 359
0 368
0 386
0 394
0 395
1 26
1 33
1 36
1 45
1 48
1 58
1 61
1 75
1 77
1 78
1 116
1 136
1 140
1 179
1 216
1 226
1 230
1 232
1 260
1 263
1 313
1 319
1 320
1 329
1 346
1 347
1 353
1 357
1 377
2 6
2 25
2 28
2 29
2 40
2 50
2 65
2 88
2 128
2 152
2 167
2 175
2 181
2 183
2 197
2 211
2 219
2 244
2 246
2 250
2 253
2 276
2 280
2 299
2 327
2 335
2 337
2 338
2 356
3 57
3 64
3 112
3 133
3 142
3 148
3 150
3 151
3 165
3 191
3 223
3 227
3 236
3 256
3 301
3 306
3 325
3 333
3 342
3 369
3 396
4 7
4 10
4 20
4 52
4 66
4 81
4 89
4 90
4 107
4 114
4 122
4 125
4 127
4 161
4 168
4 182
4 186
4 203
4 205
4 209
4 210
4 247
4 254
4 257
4 275
4 284
4 311
4 334
4 343
4 348
4 390
5 1
5 14
5 27
5 47
5 74
5 94
5 120
5 143
5 155
5 173
5 184
5 240
5 262
5 270
5 277
5 278
5 303
5 344
5 349
5 370
5 388
5 397
6 5
6 16
6 32
6 41
6 49
6 85
6 99
6 121
6 129
6 174
6 196
6 199
6 237
6 285
6 295
6 302
6 309
6 323
6 372
6 374
6 376
6 384
6 398
7 19
7 31
7 60
7 68
7 70
7 113
7 139
7 185
7 202
7 233
7 241
7 248
7 261
7 283
7 290
7 300
7 308
7 318
7 340
7 350
7 385
8 35
8 37
8 39
8 44
8 51
8 63
8 86
8 87
8 92
8 106
8 111
8 146
8 147
8 162
8 172
8 187
8 201
8 206
8 213
8 218
8 225
8 228
8 229
8 259
8 271
8 296
8 297
8 312
8 324
8 330
8 332
8 378
8 380
8 393
9 2
9 8
9 38
9 43
9 46
9 80
9 84
9 98
9 105
9 108
9 149
9 153
9 154
9 160
9 189
9 193
9 214
9 224
9 235
9 258
9 292
9 294
9 314
9 317
9 322
9 355
9 358
9 360
9 362
9 373
9 392
10 56
10 59
10 67
10 83
10 109
10 119
10 144
10 159
10 164
10 178
10 200
10 242
10 251
10 264
10 363
10 364
10 367
10 381
10 387
11 11
11 12
11 17
11 71
11 76
11 91
11 93
11 95
11 100
11 103
11 104
11 132
11 134
11 135
11 138
11 145
11 171
11 194
11 207
11 208
11 239
11 249
11 252
11 272
11 279
11 291
11 331
11 379
11 383
11 389
12 3
12 9
12 34
12 62
12 69
12 72
12 82
12 97
12 110
12 123
12 141
12 156
12 163
12 188
12 217
12 222
12 231
12 268
12 269
12 305
12 341
12 361
12 371
12 382
13 18
13 21
13 22
13 30
13 42
13 53
13 54
13 79
13 101
13 118
13 124
13 158
13 169
13 176
13 180
13 190
13 192
13 215
13 221
13 238
13 255
13 282
13 286
13 287
13 293
13 304
13 315
13 339
13 365
13 375
13 391
13 399
14 4
14 15
14 23
14 24
14 55
14 73
14 102
14 117
14 177
14 195
14 212
14 234
14 243
14 245
14 265
14 267
14 289
14 298
14 307
14 310
14 345
14 351
14 366
