0 15
0 46
0 55
0 61
0 77
0 108
0 132
0 136
0 140
0 160
0 224
0 249
0 258
0 265
0 292
0 294
0 307
0 317
0 322
0 343
0 347
0 362
0 377
1 18
1 22
1 30
1 42
1 53
1 54
1 79
1 101
1 118
1 150
1 163
1 169
1 180
1 190
1 192
1 215
1 221
1 223
1 238
1 282
1 286
1 287
1 288
1 293
1 304
1 315
1 316
1 319
1 325
1 339
1 365
1 375
1 396
1 399
2 7
2 10
2 52
2 66
2 70
2 81
2 89
2 90
2 107
2 114
2 122
2 125
2 127
2 161
2 168
2 178
2 182
2 186
2 203
2 205
2 209
2 210
2 243
2 247
2 248
2 257
2 275
2 284
2 311
2 334
2 348
2 351
2 356
2 390
3 9
3 62
3 67
3 82
3 83
3 92
3 106
3 110
3 123
3 141
3 147
3 156
3 164
3 198
3 213
3 222
3 242
3 255
3 305
3 363
4 5
4 85
4 99
4 115
4 157
4 174
4 204
4 291
4 302
4 323
4 368
4 376
5 63
5 96
5 126
5 137
5 166
5 201
5 206
5 220
5 228
5 271
5 273
5 274
5 281
5 321
5 326
5 352
5 359
5 380
5 386
5 393
5 395
6 16
6 24
6 32
6 41
6 49
6 102
6 129
6 195
6 196
6 199
6 207
6 234
6 237
6 309
6 331
6 345
6 372
6 374
6 384
6 398
7 11
7 12
7 17
7 23
7 64
7 71
7 73
7 76
7 91
7 93
7 95
7 103
7 117
7 131
7 134
7 135
7 142
7 145
7 171
7 177
7 191
7 194
7 208
7 212
7 227
7 239
7 245
7 252
7 254
7 256
7 267
7 272
7 279
7 298
7 301
7 310
7 333
7 366
7 379
7 383
7 389
8 26
8 33
8 36
8 45
8 48
8 58
8 75
8 78
8 116
8 121
8 179
8 216
8 226
8 230
8 232
8 260
8 263
8 285
8 295
8 313
8 320
8 329
8 346
8 353
8 357
9 1
9 57
9 74
9 88
9 94
9 100
9 104
9 112
9 133
9 138
9 155
9 236
9 240
9 262
9 277
9 278
9 303
9 306
9 342
9 344
9 349
9 369
9 370
9 388
9 397
10 2
10 8
10 38
10 43
10 80
10 84
10 98
10 105
10 149
10 153
10 154
10 189
10 193
10 214
10 235
10 314
10 355
10 358
10 360
10 373
10 392
11 21
11 35
11 37
11 39
11 44
11 51
11 86
11 87
11 111
11 146
11 159
11 162
11 172
11 187
11 218
11 225
11 229
11 259
11 296
11 297
11 312
11 324
11 330
11 332
11 378
11 381
11 391
12 4
12 14
12 19
12 27
12 31
12 47
12 60
12 68
12 113
12 120
12 139
12 143
12 176
12 184
12 185
12 202
12 233
12 241
12 250
12 261
12 270
12 283
12 289
12 290
12 300
12 308
12 318
12 336
12 340
12 350
12 385
13 6
13 28
13 29
13 40
13 50
13 167
13 173
13 197
13 211
13 246
13 276
13 299
13 327
13 335
14 20
14 25
14 65
14 124
14 128
14 152
14 175
14 181
14 183
14 219
14 244
14 253
14 280
14 337
14 338
15 0
15 13
15 59
15 109
15 119
15 130
15 148
15 165
15 170
15 200
15 266
15 328
15 354
15 367
15 394
16 3
16 34
16 56
16 69
16 72
16 97
16 144
16 151
16 158
16 188
16 217
16 231
16 251
16 264
16 268
16 269
16 341
16 361
16 364
16 371
16 382
16 387
