0 1
0 28
0 57
0 59
0 64
0 68
0 70
0 74
0 83
0 109
0 112
0 119
0 133
0 142
0 148
0 155
0 165
0 191
0 200
0 204
0 223
0 227
0 236
0 256
0 262
0 276
0 277
0 278
0 295
0 301
0 306
0 327
0 333
0 342
0 344
0 349
0 354
0 364
0 367
0 369
0 397
1 35
1 37
1 39
1 44
1 63
1 86
1 87
1 111
1 146
1 159
1 162
1 172
1 187
1 201
1 206
1 218
1 225
1 228
1 229
1 259
1 271
1 296
1 297
1 312
1 324
1 330
1 332
1 378
1 380
1 381
1 393
2 22
2 30
2 42
2 53
2 54
2 79
2 101
2 118
2 282
2 286
2 287
2 288
2 304
2 316
2 321
2 339
2 365
2 375
2 399
3 18
3 20
3 21
3 25
3 65
3 124
3 128
3 152
3 169
3 175
3 180
3 183
3 190
3 192
3 221
3 238
3 244
3 253
3 280
3 293
3 315
3 319
3 337
3 338
3 391
4 14
4 27
4 47
4 94
4 120
4 143
4 176
4 184
4 240
4 250
4 270
4 303
4 370
4 388
5 6
5 26
5 29
5 33
5 36
5 40
5 45
5 48
5 58
5 61
5 75
5 78
5 116
5 167
5 173
5 179
5 216
5 226
5 230
5 232
5 260
5 292
5 299
5 313
5 320
5 329
5 335
5 346
5 347
5 353
5 357
5 377
6 7
6 52
6 66
6 113
6 125
6 127
6 161
6 168
6 178
6 182
6 186
6 202
6 203
6 210
6 243
6 247
6 248
6 257
6 275
6 283
6 298
6 311
6 348
6 351
6 366
6 373
7 3
7 34
7 56
7 69
7 72
7 97
7 123
7 144
7 157
7 158
7 217
7 231
7 251
7 264
7 268
7 269
7 328
7 341
7 361
7 371
7 382
8 11
8 12
8 17
8 71
8 76
8 91
8 93
8 95
8 103
8 134
8 135
8 145
8 171
8 239
8 252
8 272
8 279
8 331
8 379
8 383
9 4
9 19
9 23
9 31
9 60
9 139
9 185
9 212
9 233
9 241
9 245
9 261
9 267
9 289
9 290
9 300
9 308
9 318
9 340
9 350
9 385
10 0
10 96
10 126
10 130
10 131
10 137
10 166
10 170
10 220
10 266
10 273
10 274
10 281
10 326
10 352
10 359
10 386
10 394
10 395
11 62
11 67
11 164
11 242
11 305
11 363
11 387
12 15
12 46
12 77
12 132
12 136
12 140
12 160
12 249
12 258
12 265
12 294
12 307
12 317
12 322
12 343
12 362
13 24
13 55
13 73
13 100
13 102
13 104
13 117
13 138
13 150
13 151
13 163
13 177
13 188
13 194
13 195
13 208
13 215
13 234
13 310
13 325
13 345
13 389
13 396
14 5
14 16
14 32
14 41
14 49
14 85
14 99
14 115
14 121
14 129
14 196
14 199
14 207
14 237
14 263
14 285
14 291
14 309
14 336
14 368
14 372
14 374
14 376
14 384
14 398
15 9
15 51
15 82
15 92
15 106
15 110
15 141
15 147
15 156
15 198
15 213
15 219
15 222
15 255
16 2
16 8
16 13
16 38
16 43
16 80
16 84
16 98
16 105
16 108
16 149
16 153
16 154
16 174
16 189
16 193
16 214
16 224
16 235
16 302
16 314
16 323
16 355
16 358
16 360
16 392
17 10
17 50
17 81
17 88
17 89
17 90
17 107
17 114
17 122
17 181
17 197
17 205
17 209
17 211
17 246
17 254
17 284
17 334
17 356
17 390
