0 6
0 7
0 9
0 10
0 18
0 20
0 21
0 22
0 25
0 26
0 28
0 29
0 30
0 33
0 35
0 36
0 37
0 39
0 40
0 42
0 44
0 45
0 48
0 50
0 51
0 52
0 53
0 54
0 58
0 61
0 63
0 64
0 65
0 74
0 75
0 78
0 79
0 81
0 82
0 86
0 87
0 88
0 89
0 90
0 92
0 96
0 101
0 106
0 107
0 110
0 111
0 114
0 116
0 118
0 122
0 124
0 126
0 128
0 131
0 137
0 141
0 146
0 147
0 152
0 156
0 158
0 162
0 166
0 167
0 169
0 170
0 172
0 173
0 175
0 179
0 180
0 181
0 183
0 187
0 190
0 192
0 197
0 198
0 201
0 205
0 206
0 209
0 211
0 213
0 216
0 218
0 219
0 220
0 221
0 222
0 225
0 226
0 228
0 229
0 230
0 232
0 238
0 244
0 246
0 247
0 253
0 255
0 259
0 260
0 266
0 271
0 273
0 274
0 277
0 278
0 280
0 281
0 282
0 284
0 286
0 287
0 288
0 296
0 297
0 299
0 301
0 304
0 312
0 313
0 315
0 316
0 319
0 321
0 324
0 326
0 327
0 330
0 332
0 334
0 335
0 337
0 338
0 339
0 346
0 349
0 352
0 353
0 356
0 359
0 365
0 375
0 378
0 380
0 381
0 386
0 390
0 391
0 393
0 395
0 399
1 0
1 1
1 2
1 3
1 4
1 11
1 12
1 13
1 14
1 15
1 19
1 23
1 24
1 27
1 31
1 34
1 43
1 46
1 47
1 55
1 56
1 57
1 59
1 60
1 62
1 66
1 67
1 68
1 69
1 70
1 71
1 72
1 73
1 77
1 83
1 91
1 93
1 94
1 95
1 97
1 100
1 102
1 103
1 104
1 108
1 109
1 112
1 113
1 117
1 119
1 120
1 123
1 125
1 127
1 130
1 132
1 133
1 134
1 135
1 136
1 138
1 139
1 140
1 142
1 143
1 144
1 145
1 148
1 150
1 151
1 154
1 155
1 157
1 159
1 160
1 161
1 163
1 164
1 165
1 168
1 171
1 176
1 177
1 178
1 182
1 184
1 185
1 186
1 188
1 191
1 194
1 200
1 202
1 203
1 204
1 208
1 210
1 212
1 215
1 217
1 223
1 224
1 227
1 231
1 233
1 234
1 236
1 239
1 240
1 241
1 242
1 243
1 245
1 248
1 249
1 250
1 251
1 252
1 254
1 256
1 257
1 258
1 261
1 262
1 264
1 265
1 267
1 268
1 269
1 270
1 272
1 275
1 276
1 279
1 283
1 289
1 290
1 292
1 293
1 294
1 295
1 298
1 300
1 303
1 305
1 306
1 307
1 308
1 310
1 311
1 314
1 317
1 318
1 320
1 322
1 325
1 328
1 329
1 333
1 336
1 340
1 341
1 342
1 343
1 344
1 345
1 347
1 348
1 350
1 351
1 354
1 361
1 362
1 363
1 364
1 366
1 367
1 369
1 370
1 371
1 373
1 377
1 379
1 382
1 383
1 385
1 387
1 388
1 389
1 394
1 396
1 397
2 5
2 8
2 16
2 17
2 32
2 38
2 41
2 49
2 76
2 80
2 84
2 85
2 98
2 99
2 105
2 115
2 121
2 129
2 149
2 153
2 174
2 189
2 193
2 195
2 196
2 199
2 207
2 214
2 235
2 237
2 263
2 285
2 291
2 302
2 309
2 323
2 331
2 355
2 357
2 358
2 360
2 368
2 372
2 374
2 376
2 384
2 392
2 398
