0 5
0 8
0 11
0 16
0 17
0 32
0 41
0 49
0 76
0 85
0 98
0 99
0 105
0 115
0 129
0 153
0 174
0 193
0 196
0 199
0 207
0 214
0 235
0 291
0 302
0 309
0 323
0 331
0 358
0 360
0 368
0 372
0 374
0 376
0 379
0 383
0 384
0 392
0 398
1 4
1 19
1 23
1 31
1 52
1 60
1 66
1 73
1 111
1 113
1 139
1 168
1 177
1 178
1 182
1 185
1 186
1 202
1 212
1 233
1 234
1 241
1 243
1 245
1 250
1 261
1 267
1 283
1 289
1 290
1 298
1 300
1 308
1 310
1 318
1 340
1 345
1 350
1 366
1 373
1 385
2 1
2 3
2 7
2 9
2 10
2 12
2 13
2 14
2 15
2 20
2 24
2 27
2 34
2 35
2 47
2 50
2 55
2 56
2 57
2 59
2 62
2 64
2 67
2 68
2 69
2 70
2 71
2 72
2 74
2 81
2 83
2 88
2 89
2 90
2 91
2 93
2 94
2 95
2 97
2 100
2 102
2 103
2 104
2 107
2 109
2 110
2 112
2 114
2 117
2 119
2 120
2 122
2 123
2 125
2 127
2 130
2 131
2 132
2 133
2 134
2 135
2 138
2 142
2 143
2 144
2 145
2 148
2 151
2 154
2 155
2 156
2 157
2 159
2 160
2 161
2 164
2 165
2 171
2 181
2 184
2 188
2 191
2 194
2 200
2 203
2 204
2 205
2 208
2 209
2 210
2 211
2 217
2 223
2 227
2 231
2 236
2 239
2 240
2 242
2 244
2 246
2 247
2 248
2 249
2 251
2 252
2 254
2 256
2 257
2 262
2 264
2 265
2 268
2 270
2 272
2 275
2 276
2 277
2 278
2 279
2 280
2 284
2 294
2 295
2 301
2 303
2 305
2 306
2 307
2 311
2 322
2 325
2 327
2 328
2 333
2 334
2 336
2 341
2 342
2 343
2 344
2 348
2 349
2 351
2 354
2 356
2 361
2 363
2 364
2 367
2 369
2 370
2 371
2 381
2 382
2 387
2 388
2 389
2 390
2 396
2 397
3 0
3 37
3 39
3 44
3 51
3 63
3 86
3 87
3 92
3 96
3 126
3 137
3 146
3 147
3 162
3 166
3 170
3 172
3 187
3 201
3 206
3 213
3 218
3 220
3 225
3 228
3 229
3 259
3 266
3 271
3 273
3 274
3 281
3 296
3 297
3 312
3 324
3 326
3 330
3 332
3 352
3 359
3 378
3 380
3 386
3 393
3 394
3 395
4 18
4 21
4 22
4 30
4 42
4 53
4 54
4 79
4 82
4 101
4 106
4 118
4 124
4 128
4 141
4 150
4 158
4 163
4 169
4 176
4 180
4 190
4 192
4 198
4 215
4 219
4 221
4 222
4 237
4 238
4 255
4 269
4 282
4 286
4 287
4 288
4 293
4 304
4 315
4 316
4 319
4 321
4 338
4 339
4 365
4 375
4 391
4 399
5 2
5 6
5 25
5 26
5 28
5 29
5 33
5 36
5 38
5 40
5 43
5 45
5 46
5 48
5 58
5 61
5 65
5 75
5 77
5 78
5 80
5 84
5 108
5 116
5 121
5 136
5 140
5 149
5 152
5 167
5 173
5 175
5 179
5 183
5 189
5 195
5 197
5 216
5 224
5 226
5 230
5 232
5 253
5 258
5 260
5 263
5 285
5 292
5 299
5 313
5 314
5 317
5 320
5 329
5 335
5 337
5 346
5 347
5 353
5 355
5 357
5 362
5 377
