0 2
0 5
0 8
0 16
0 26
0 33
0 36
0 38
0 41
0 43
0 45
0 46
0 48
0 49
0 58
0 61
0 77
0 78
0 80
0 84
0 85
0 98
0 99
0 105
0 108
0 121
0 136
0 140
0 149
0 153
0 154
0 179
0 189
0 193
0 199
0 214
0 216
0 224
0 226
0 230
0 232
0 235
0 258
0 260
0 263
0 285
0 292
0 295
0 302
0 309
0 313
0 314
0 317
0 319
0 320
0 329
0 346
0 347
0 353
0 355
0 357
0 358
0 362
0 372
0 373
0 374
0 376
0 377
0 384
0 392
1 3
1 7
1 9
1 13
1 15
1 20
1 21
1 22
1 24
1 30
1 34
1 35
1 42
1 53
1 54
1 55
1 62
1 64
1 66
1 70
1 72
1 79
1 82
1 89
1 90
1 97
1 101
1 102
1 107
1 113
1 114
1 115
1 118
1 122
1 123
1 124
1 125
1 127
1 131
1 141
1 142
1 152
1 156
1 158
1 160
1 161
1 163
1 164
1 168
1 169
1 174
1 176
1 180
1 182
1 186
1 190
1 191
1 192
1 195
1 203
1 209
1 210
1 215
1 217
1 220
1 222
1 227
1 231
1 238
1 248
1 254
1 255
1 257
1 265
1 266
1 268
1 269
1 275
1 281
1 282
1 284
1 286
1 287
1 288
1 293
1 294
1 301
1 304
1 305
1 307
1 311
1 315
1 316
1 321
1 322
1 323
1 328
1 333
1 334
1 339
1 341
1 343
1 348
1 350
1 351
1 354
1 361
1 364
1 365
1 368
1 371
1 375
1 382
1 387
1 389
1 390
1 391
1 399
2 6
2 10
2 25
2 27
2 28
2 29
2 40
2 50
2 65
2 75
2 81
2 88
2 116
2 128
2 167
2 173
2 175
2 181
2 183
2 197
2 205
2 211
2 219
2 244
2 246
2 250
2 253
2 270
2 276
2 277
2 280
2 299
2 327
2 335
2 337
2 338
2 356
2 388
3 1
3 14
3 47
3 56
3 57
3 68
3 69
3 94
3 112
3 120
3 133
3 143
3 144
3 148
3 150
3 151
3 155
3 157
3 165
3 178
3 184
3 188
3 204
3 223
3 233
3 236
3 240
3 251
3 256
3 262
3 264
3 278
3 303
3 306
3 325
3 342
3 344
3 369
3 370
3 381
3 396
3 397
4 0
4 32
4 37
4 39
4 44
4 51
4 52
4 59
4 63
4 67
4 86
4 87
4 92
4 96
4 106
4 110
4 119
4 126
4 129
4 130
4 137
4 146
4 147
4 159
4 162
4 166
4 170
4 172
4 187
4 198
4 200
4 201
4 206
4 213
4 218
4 225
4 228
4 229
4 237
4 242
4 247
4 259
4 271
4 273
4 274
4 296
4 297
4 312
4 324
4 326
4 330
4 332
4 336
4 352
4 359
4 363
4 378
4 380
4 386
4 393
4 394
4 395
5 4
5 19
5 23
5 31
5 60
5 73
5 74
5 111
5 139
5 177
5 185
5 202
5 212
5 234
5 241
5 243
5 245
5 261
5 267
5 283
5 289
5 290
5 298
5 300
5 308
5 310
5 318
5 340
5 345
5 349
5 366
5 385
6 11
6 12
6 17
6 18
6 71
6 76
6 83
6 91
6 93
6 95
6 100
6 103
6 104
6 109
6 117
6 132
6 134
6 135
6 138
6 145
6 171
6 194
6 196
6 207
6 208
6 221
6 239
6 249
6 252
6 272
6 279
6 291
6 331
6 360
6 367
6 379
6 383
6 398
