0 135
0 147
0 166
0 205
0 211
0 218
0 231
0 264
0 317
0 341
0 399
0 432
0 443
0 520
0 532
1 24
1 32
1 33
1 86
1 104
1 112
1 115
1 119
1 145
1 185
1 210
1 263
1 265
1 288
1 311
1 315
1 323
1 349
1 361
1 370
1 439
1 471
1 476
1 491
1 500
1 523
1 528
2 21
2 23
2 40
2 87
2 105
2 116
2 132
2 146
2 188
2 196
2 203
2 214
2 245
2 322
2 325
2 359
2 367
2 395
2 400
2 451
2 487
3 12
3 44
3 97
3 130
3 134
3 137
3 148
3 187
3 208
3 236
3 242
3 251
3 296
3 304
3 320
3 335
3 337
3 353
3 375
3 409
3 428
3 447
3 452
3 456
3 458
3 461
3 474
3 515
3 517
3 524
3 533
4 15
4 26
4 27
4 35
4 83
4 110
4 122
4 126
4 127
4 157
4 159
4 240
4 249
4 250
4 278
4 286
4 292
4 318
4 321
4 326
4 362
4 382
4 386
4 411
4 420
4 442
4 446
4 490
4 507
5 19
5 37
5 49
5 64
5 82
5 85
5 113
5 128
5 133
5 155
5 161
5 170
5 183
5 197
5 215
5 224
5 294
5 295
5 346
5 376
5 394
5 406
5 416
5 434
5 449
5 473
6 11
6 14
6 38
6 39
6 53
6 96
6 124
6 171
6 195
6 223
6 232
6 247
6 260
6 312
6 358
6 371
6 378
6 383
6 387
6 402
6 408
6 425
6 444
6 445
6 470
6 477
6 506
7 0
7 29
7 31
7 61
7 70
7 73
7 78
7 107
7 117
7 156
7 179
7 189
7 190
7 199
7 235
7 275
7 307
7 351
7 360
7 379
7 418
7 430
7 435
7 463
7 503
7 504
7 516
7 530
8 5
8 47
8 52
8 56
8 62
8 92
8 154
8 192
8 202
8 206
8 217
8 276
8 300
8 316
8 329
8 357
8 380
8 392
8 413
8 450
8 453
8 455
8 485
8 489
8 508
8 529
9 71
9 84
9 88
9 108
9 149
9 152
9 164
9 165
9 176
9 212
9 222
9 233
9 238
9 253
9 258
9 277
9 290
9 299
9 327
9 438
9 462
9 482
9 494
9 496
9 497
9 498
9 518
9 526
10 63
10 200
10 229
10 259
10 314
10 373
10 385
10 403
10 404
10 410
10 465
10 468
10 510
10 514
11 16
11 18
11 46
11 50
11 80
11 98
11 138
11 139
11 173
11 177
11 180
11 184
11 204
11 221
11 257
11 261
11 281
11 287
11 293
11 298
11 305
11 309
11 313
11 328
11 330
11 334
11 354
11 374
11 426
11 433
11 467
11 502
11 512
12 30
12 34
12 45
12 51
12 54
12 58
12 65
12 69
12 72
12 120
12 142
12 163
12 243
12 279
12 336
12 405
12 407
12 419
12 429
12 448
12 521
12 525
13 22
13 60
13 66
13 181
13 194
13 219
13 254
13 347
13 350
13 466
13 479
13 486
13 501
14 100
14 114
14 129
14 150
14 174
14 310
14 369
14 396
14 414
14 469
15 2
15 9
15 59
15 75
15 76
15 77
15 106
15 121
15 144
15 162
15 172
15 209
15 234
15 252
15 271
15 283
15 291
15 297
15 338
15 348
15 384
15 397
15 475
15 511
16 3
16 20
16 41
16 42
16 43
16 48
16 81
16 95
16 102
16 123
16 175
16 191
16 198
16 216
16 241
16 246
16 270
16 272
16 303
16 324
16 345
16 423
16 431
16 436
16 440
16 472
16 484
16 488
16 492
16 495
17 6
17 13
17 67
17 101
17 131
17 182
17 207
17 213
17 227
17 230
17 248
17 262
17 269
17 289
17 301
17 332
17 340
17 344
17 364
17 372
17 388
17 412
17 415
17 437
17 457
17 478
18 7
18 10
18 25
18 74
18 111
18 169
18 255
18 266
18 268
18 284
18 331
18 343
18 355
18 363
18 368
18 401
18 480
18 509
18 535
19 8
19 17
19 28
19 36
19 68
19 90
19 103
19 118
19 125
19 136
19 143
19 158
19 308
19 339
19 352
19 366
19 390
19 391
19 393
19 417
19 422
19 483
19 499
19 505
19 522
