0 22
0 27
0 129
0 131
0 143
0 148
0 179
0 180
0 188
0 200
0 213
0 216
0 234
0 296
0 297
0 309
0 332
0 361
0 393
0 395
0 417
0 468
0 479
0 485
0 489
0 505
0 522
1 47
1 80
1 95
1 168
1 194
1 224
1 230
1 292
1 335
1 407
1 412
1 456
1 499
1 501
1 528
1 534
2 17
2 23
2 29
2 54
2 58
2 68
2 101
2 124
2 138
2 175
2 236
2 262
2 312
2 323
2 387
2 402
2 421
2 423
2 426
2 533
3 55
3 57
3 66
3 93
3 96
3 104
3 139
3 157
3 165
3 172
3 174
3 227
3 248
3 282
3 316
3 396
3 425
3 432
3 463
3 480
3 482
3 483
3 524
3 526
4 81
4 133
4 146
4 149
4 154
4 178
4 281
4 315
4 338
4 389
4 392
4 438
4 440
4 457
4 472
4 535
5 2
5 45
5 64
5 77
5 87
5 113
5 118
5 147
5 166
5 241
5 251
5 267
5 271
5 272
5 301
5 320
5 351
5 357
5 360
5 375
5 376
5 378
5 386
5 418
5 462
6 0
6 6
6 25
6 30
6 100
6 250
6 253
6 294
6 345
6 484
6 493
6 500
7 7
7 8
7 53
7 56
7 85
7 105
7 126
7 169
7 221
7 261
7 275
7 283
7 288
7 317
7 340
7 348
7 397
7 447
7 453
7 486
7 490
7 504
7 517
8 13
8 18
8 46
8 50
8 51
8 52
8 67
8 72
8 78
8 84
8 103
8 111
8 130
8 182
8 199
8 211
8 212
8 217
8 223
8 286
8 298
8 311
8 330
8 350
8 383
8 401
8 416
8 431
8 437
8 451
8 452
8 458
8 465
8 520
9 62
9 110
9 205
9 225
9 231
9 249
9 254
9 257
9 263
9 299
9 355
9 385
9 399
9 409
9 460
9 507
10 21
10 44
10 69
10 102
10 112
10 128
10 208
10 307
10 324
10 367
10 368
10 384
10 405
10 414
10 420
10 475
10 491
10 498
10 519
10 527
10 532
11 38
11 65
11 144
11 150
11 155
11 185
11 192
11 196
11 204
11 209
11 239
11 240
11 276
11 289
11 290
11 295
11 404
11 459
11 503
11 511
11 530
12 3
12 99
12 127
12 132
12 135
12 145
12 190
12 207
12 242
12 245
12 264
12 269
12 277
12 278
12 279
12 287
12 313
12 321
12 326
12 331
12 358
12 363
12 366
12 369
12 370
12 379
12 403
12 428
12 525
13 34
13 37
13 302
13 305
13 353
13 362
13 422
13 467
13 492
14 19
14 73
14 92
14 98
14 164
14 214
14 268
14 318
14 327
14 329
14 380
14 394
14 478
14 516
15 9
15 63
15 71
15 114
15 119
15 134
15 137
15 161
15 170
15 173
15 189
15 195
15 328
15 337
15 382
15 411
15 429
15 446
15 461
15 494
15 496
16 31
16 32
16 36
16 42
16 59
16 70
16 75
16 82
16 88
16 91
16 121
16 125
16 142
16 152
16 162
16 163
16 176
16 181
16 198
16 206
16 219
16 233
16 235
16 300
16 303
16 310
16 352
16 374
16 377
16 381
16 391
16 406
16 415
16 434
16 509
16 518
17 28
17 43
17 60
17 74
17 86
17 97
17 117
17 122
17 156
17 158
17 202
17 255
17 270
17 336
17 343
17 354
17 364
17 388
17 443
17 449
17 512
18 5
18 12
18 14
18 26
18 40
18 61
18 76
18 83
18 116
18 136
18 159
18 197
18 232
18 246
18 265
18 266
18 325
18 341
18 410
18 419
18 435
18 439
18 442
18 466
18 502
18 521
18 523
18 529
19 16
19 39
19 41
19 49
19 107
19 123
19 191
19 215
19 229
19 291
19 293
19 304
19 339
19 372
19 373
19 400
19 444
19 448
19 455
19 464
19 469
19 481
19 497
19 506
19 510
19 515
