0 36
0 90
0 119
0 147
0 162
0 195
0 221
0 238
0 252
0 259
0 291
0 303
0 308
0 312
0 317
0 323
0 327
0 350
0 362
0 409
0 419
0 438
0 451
0 452
1 0
1 31
1 35
1 58
1 74
1 82
1 85
1 96
1 110
1 124
1 155
1 163
1 166
1 190
1 212
1 213
1 218
1 247
1 248
1 260
1 292
1 315
1 320
1 326
1 334
1 360
1 363
1 425
1 434
1 466
1 474
1 480
1 496
1 506
1 525
1 529
1 535
2 6
2 27
2 41
2 44
2 54
2 56
2 65
2 86
2 99
2 120
2 134
2 136
2 150
2 175
2 200
2 257
2 271
2 287
2 295
2 318
2 340
2 359
2 361
2 370
2 384
2 391
2 401
2 404
2 406
2 432
2 450
2 487
2 491
2 492
2 518
3 21
3 80
3 102
3 169
3 223
3 227
3 234
3 368
3 375
3 380
3 453
4 7
4 9
4 60
4 84
4 95
4 127
4 131
4 135
4 137
4 142
4 144
4 170
4 192
4 196
4 203
4 217
4 246
4 262
4 276
4 289
4 321
4 330
4 355
4 371
4 372
4 382
4 400
4 415
4 446
4 456
4 472
4 484
4 485
4 511
5 14
5 49
5 128
5 129
5 132
5 143
5 178
5 211
5 222
5 229
5 231
5 261
5 266
5 279
5 290
5 300
5 313
5 325
5 367
5 377
5 413
5 435
5 475
5 479
5 488
5 497
5 498
5 512
5 523
6 1
6 3
6 15
6 68
6 101
6 115
6 160
6 215
6 241
6 388
6 430
6 458
6 461
7 8
7 16
7 38
7 61
7 98
7 111
7 117
7 126
7 159
7 214
7 230
7 232
7 240
7 294
7 392
7 507
8 125
8 233
8 417
8 493
8 516
9 32
9 51
9 67
9 88
9 118
9 122
9 138
9 148
9 165
9 197
9 219
9 236
9 258
9 265
9 269
9 277
9 286
9 288
9 296
9 307
9 311
9 331
9 343
9 344
9 346
9 378
9 385
9 403
9 440
9 455
9 463
9 519
9 533
10 17
10 28
10 70
10 71
10 108
10 146
10 154
10 164
10 181
10 208
10 216
10 281
10 293
10 305
10 309
10 337
10 347
10 358
10 387
10 414
10 437
10 462
10 465
10 481
10 482
10 489
10 504
10 514
11 24
11 39
11 43
11 48
11 62
11 83
11 116
11 133
11 145
11 149
11 156
11 174
11 187
11 224
11 245
11 270
11 272
11 297
11 299
11 304
11 349
11 351
11 354
11 369
11 373
11 374
11 396
11 407
11 416
11 444
11 457
11 470
11 471
11 509
11 521
11 526
11 532
12 19
12 20
12 23
12 34
12 47
12 53
12 63
12 103
12 130
12 173
12 188
12 189
12 199
12 206
12 298
12 357
12 366
12 393
12 402
12 405
12 410
12 426
12 429
12 467
12 478
12 494
12 510
13 37
13 50
13 66
13 121
13 157
13 191
13 264
13 332
13 338
13 379
13 389
13 443
13 449
14 10
14 40
14 42
14 76
14 81
14 97
14 202
14 253
14 278
14 283
14 301
14 302
14 310
14 324
14 335
14 339
14 341
14 345
14 353
14 364
14 412
14 422
14 445
14 448
14 468
14 524
14 528
15 12
15 30
15 75
15 87
15 92
15 105
15 123
15 139
15 184
15 185
15 207
15 242
15 250
15 383
15 386
15 394
15 395
15 399
15 408
15 418
15 428
15 431
15 436
15 469
15 495
15 499
15 500
15 501
15 522
15 530
16 2
16 46
16 64
16 78
16 104
16 112
16 113
16 114
16 152
16 182
16 198
16 209
16 249
16 263
16 268
16 275
16 314
16 329
16 336
16 433
16 508
16 534
17 13
17 22
17 33
17 45
17 59
17 69
17 72
17 73
17 77
17 106
17 107
17 151
17 158
17 161
17 172
17 180
17 194
17 204
17 235
17 254
17 255
17 316
17 328
17 348
17 352
17 376
17 390
17 397
17 411
17 420
17 423
17 439
17 442
17 490
17 502
17 503
18 25
18 100
18 171
18 177
18 179
18 205
18 210
18 243
18 477
18 486
18 517
18 520
