0 2
0 42
0 56
0 156
0 195
0 238
0 257
0 307
0 344
0 353
0 364
0 368
0 390
0 418
0 451
0 530
1 5
1 19
1 25
1 37
1 62
1 63
1 64
1 74
1 82
1 90
1 96
1 101
1 103
1 123
1 128
1 175
1 192
1 218
1 250
1 260
1 264
1 265
1 277
1 301
1 304
1 352
1 355
1 375
1 442
1 462
1 479
1 482
1 498
1 516
2 50
2 130
2 187
2 208
2 281
2 293
2 320
2 330
2 347
2 382
2 400
2 401
2 414
2 445
2 465
2 474
2 506
2 514
2 518
3 77
3 138
3 182
3 245
3 396
4 14
4 18
4 28
4 30
4 36
4 41
4 45
4 87
4 99
4 117
4 118
4 129
4 133
4 145
4 152
4 180
4 200
4 207
4 222
4 240
4 247
4 272
4 288
4 295
4 340
4 362
4 387
4 413
4 429
4 448
4 485
4 486
4 491
4 495
4 520
4 535
5 32
5 40
5 88
5 105
5 119
5 155
5 213
5 251
5 271
5 275
5 310
5 354
5 359
5 393
5 423
5 430
5 433
5 435
5 492
5 499
5 533
6 132
6 162
6 166
6 179
6 184
6 221
6 248
6 286
6 311
6 332
6 339
6 363
6 450
6 453
6 502
6 521
7 23
7 29
7 31
7 44
7 51
7 135
7 164
7 165
7 229
7 242
7 261
7 287
7 300
7 314
7 321
7 415
7 417
7 444
7 475
8 9
8 46
8 48
8 67
8 71
8 75
8 102
8 108
8 112
8 120
8 143
8 154
8 211
8 233
8 345
8 384
8 399
8 405
8 419
8 428
8 431
8 472
8 494
8 501
9 7
9 49
9 52
9 54
9 84
9 85
9 142
9 146
9 159
9 170
9 174
9 176
9 185
9 194
9 203
9 215
9 224
9 297
9 316
9 334
9 335
9 341
9 360
9 416
9 425
9 458
9 497
9 500
9 522
10 3
10 8
10 17
10 61
10 68
10 70
10 98
10 202
10 230
10 241
10 243
10 249
10 252
10 258
10 283
10 296
10 305
10 351
10 388
10 391
10 409
10 422
10 449
10 469
10 489
10 503
10 504
10 505
10 512
10 515
10 529
11 53
11 97
11 116
11 177
11 189
11 190
11 214
11 231
11 234
11 308
11 325
11 463
11 490
12 58
12 149
12 150
12 324
12 410
12 457
12 468
12 509
12 511
13 0
13 12
13 26
13 73
13 219
13 298
13 313
13 385
13 426
13 455
13 526
14 39
14 43
14 114
14 254
14 326
14 328
14 348
14 357
14 379
14 395
14 411
14 467
14 480
14 488
14 496
14 517
15 27
15 38
15 59
15 66
15 72
15 83
15 86
15 100
15 131
15 147
15 148
15 223
15 279
15 289
15 302
15 309
15 312
15 318
15 327
15 343
15 346
15 402
15 408
15 446
15 487
15 508
15 532
16 60
16 110
16 121
16 126
16 139
16 171
16 210
16 270
16 386
16 440
16 447
16 470
16 524
17 6
17 20
17 78
17 81
17 104
17 107
17 125
17 137
17 157
17 191
17 199
17 204
17 235
17 246
17 292
17 369
17 397
17 452
18 24
18 80
18 106
18 173
18 227
18 236
18 259
18 276
18 358
18 372
18 374
18 404
18 456
18 461
18 466
18 483
18 528
