0 61
0 66
0 79
0 90
0 114
0 123
0 150
0 157
0 177
0 206
0 213
0 221
0 261
0 269
0 294
0 321
0 387
0 391
0 413
0 414
0 416
0 425
0 431
0 457
0 482
0 498
0 506
0 526
1 18
1 21
1 39
1 40
1 68
1 85
1 108
1 117
1 132
1 137
1 144
1 161
1 185
1 198
1 209
1 238
1 268
1 311
1 347
1 378
1 448
1 486
1 487
1 518
1 530
2 3
2 10
2 25
2 31
2 49
2 58
2 71
2 116
2 191
2 205
2 218
2 258
2 263
2 276
2 289
2 310
2 316
2 351
2 366
2 399
2 401
2 412
2 450
2 480
2 500
2 505
2 507
2 508
2 522
3 5
3 11
3 14
3 15
3 27
3 42
3 52
3 83
3 115
3 120
3 163
3 173
3 207
3 225
3 265
3 266
3 312
3 326
3 396
3 417
3 420
3 434
3 466
3 476
3 516
3 525
3 528
3 533
4 138
4 142
4 183
4 212
4 339
4 352
4 354
4 492
5 0
5 91
5 101
5 106
5 131
5 208
5 215
5 277
5 329
5 369
5 379
5 456
5 468
6 17
6 22
6 35
6 43
6 46
6 104
6 119
6 143
6 172
6 180
6 192
6 203
6 227
6 230
6 249
6 254
6 281
6 296
6 380
6 384
6 386
6 403
6 428
6 435
6 437
6 438
6 446
6 455
6 479
6 497
7 55
7 80
7 87
7 100
7 122
7 133
7 176
7 178
7 267
7 285
7 318
7 327
7 374
7 460
8 2
8 74
8 112
8 139
8 148
8 155
8 158
8 171
8 184
8 197
8 234
8 288
8 292
8 295
8 323
8 331
8 336
8 345
8 349
8 359
8 368
8 371
8 395
8 445
8 472
8 511
9 36
9 50
9 60
9 99
9 110
9 118
9 124
9 154
9 174
9 188
9 200
9 204
9 229
9 242
9 304
9 324
9 341
9 360
9 458
9 474
9 489
9 493
9 517
9 524
9 532
10 41
10 76
10 98
10 149
10 151
10 164
10 179
10 190
10 216
10 219
10 224
10 236
10 298
10 302
10 348
10 358
10 361
10 364
10 370
10 373
10 375
10 423
10 430
10 440
10 461
10 463
10 481
10 495
10 509
11 13
11 20
11 34
11 37
11 48
11 65
11 69
11 72
11 81
11 84
11 88
11 128
11 159
11 169
11 223
11 241
11 245
11 252
11 290
11 303
11 309
11 315
11 344
11 346
11 363
11 383
11 404
11 405
11 408
11 447
11 484
11 491
11 502
12 6
12 12
12 26
12 28
12 29
12 47
12 78
12 167
12 195
12 222
12 235
12 314
12 337
12 338
12 367
12 462
12 501
13 38
13 53
13 64
13 121
13 135
13 156
13 166
13 187
13 308
13 357
13 372
13 388
13 415
13 443
13 444
13 490
13 519
14 7
14 16
14 19
14 24
14 30
14 32
14 56
14 73
14 105
14 113
14 127
14 147
14 162
14 165
14 170
14 182
14 210
14 232
14 240
14 247
14 255
14 271
14 299
14 300
14 332
14 334
14 362
14 376
14 382
14 392
14 406
14 409
14 410
14 426
14 499
14 521
15 44
15 70
15 92
15 102
15 103
15 136
15 175
15 217
15 248
15 253
15 291
15 297
15 313
15 421
15 429
15 451
15 452
15 473
15 478
15 503
15 504
16 23
16 62
16 75
16 107
16 126
16 146
16 181
16 233
16 246
16 262
16 264
16 272
16 307
16 317
16 325
16 330
16 343
16 433
16 459
16 485
16 488
17 33
17 45
17 86
17 279
17 283
17 284
17 322
17 335
17 402
17 407
17 419
17 464
17 465
17 469
17 496
17 512
17 514
18 9
18 67
18 111
18 130
18 134
18 152
18 189
18 194
18 196
18 202
18 211
18 231
18 259
18 278
18 286
18 328
18 353
18 390
18 411
18 418
18 432
18 449
18 453
18 467
19 54
19 77
19 82
19 125
19 250
19 275
19 293
19 301
19 305
19 393
19 400
19 422
19 442
19 494
19 510
19 515
19 520
19 529
19 535
