0 69
0 71
0 74
0 76
0 77
0 123
0 139
0 162
0 214
0 310
0 345
0 360
0 387
0 403
0 410
0 418
0 425
0 428
0 458
0 492
0 501
0 516
1 8
1 64
1 81
1 106
1 115
1 152
1 157
1 175
1 185
1 191
1 234
1 240
1 257
1 271
1 317
1 350
1 401
1 402
1 429
1 433
1 445
1 451
1 457
1 463
1 467
1 470
1 479
2 27
2 29
2 67
2 92
2 96
2 104
2 108
2 126
2 150
2 173
2 179
2 212
2 241
2 261
2 266
2 267
2 272
2 276
2 294
2 298
2 335
2 343
2 351
2 380
2 413
2 422
2 426
2 468
2 478
2 532
3 5
3 22
3 73
3 82
3 97
3 99
3 132
3 163
3 199
3 210
3 247
3 283
3 302
3 303
3 325
3 376
3 419
3 430
3 476
3 523
3 528
4 24
4 31
4 46
4 80
4 110
4 116
4 216
4 217
4 231
4 367
4 374
4 437
4 494
4 512
4 525
5 1
5 33
5 54
5 86
5 151
5 161
5 176
5 201
5 225
5 230
5 236
5 297
5 307
5 316
5 329
5 347
5 349
5 355
5 390
5 415
5 448
5 459
5 497
6 9
6 44
6 49
6 52
6 78
6 87
6 100
6 102
6 114
6 122
6 125
6 129
6 135
6 148
6 156
6 164
6 174
6 192
6 198
6 227
6 235
6 264
6 293
6 318
6 328
6 330
6 337
6 338
6 357
6 358
6 388
6 405
6 407
6 423
6 435
6 446
6 482
6 483
6 507
6 517
7 12
7 17
7 30
7 36
7 37
7 180
7 190
7 205
7 221
7 223
7 232
7 251
7 296
7 309
7 323
7 332
7 341
7 353
7 378
7 386
7 420
7 462
7 473
7 506
7 510
7 519
7 530
7 533
8 14
8 42
8 50
8 66
8 72
8 134
8 136
8 144
8 159
8 172
8 181
8 197
8 200
8 209
8 233
8 242
8 263
8 339
8 361
8 371
8 383
8 404
8 444
8 477
8 498
8 502
8 505
9 34
9 39
9 47
9 51
9 53
9 83
9 101
9 117
9 118
9 137
9 143
9 194
9 206
9 246
9 290
9 291
9 304
9 305
9 364
9 372
9 375
9 384
9 385
9 394
9 440
9 465
9 484
10 10
10 35
10 56
10 62
10 182
10 184
10 196
10 229
10 324
10 340
10 381
10 382
10 392
10 396
10 436
10 449
10 474
10 500
11 16
11 18
11 21
11 32
11 57
11 131
11 189
11 207
11 238
11 248
11 270
11 286
11 300
11 320
11 336
11 352
11 411
11 434
11 452
11 460
11 471
11 487
11 488
11 495
11 503
12 2
12 107
12 111
12 120
12 121
12 145
12 170
12 202
12 245
12 258
12 260
12 281
12 288
12 312
12 326
12 362
12 373
12 466
12 485
12 515
12 529
13 6
13 11
13 20
13 23
13 25
13 28
13 38
13 40
13 48
13 63
13 84
13 98
13 105
13 119
13 130
13 138
13 154
13 165
13 188
13 195
13 204
13 211
13 213
13 215
13 252
13 253
13 255
13 289
13 295
13 313
13 314
13 321
13 331
13 344
13 348
13 366
13 368
13 369
13 379
13 453
13 456
13 464
13 480
13 481
13 486
13 514
13 535
14 7
14 55
14 58
14 59
14 60
14 68
14 90
14 147
14 171
14 250
14 265
14 308
14 311
14 354
14 370
14 395
14 400
14 406
14 412
14 442
14 443
14 447
14 469
14 491
14 499
14 518
14 521
14 534
15 3
15 19
15 61
15 70
15 75
15 85
15 133
15 158
15 177
15 187
15 218
15 254
15 262
15 268
15 269
15 278
15 284
15 292
15 334
15 359
15 391
15 408
15 409
15 417
15 438
15 461
15 490
15 496
16 0
16 41
16 43
16 88
16 95
16 103
16 112
16 124
16 127
16 128
16 142
16 146
16 149
16 155
16 166
16 169
16 178
16 219
16 222
16 243
16 277
16 279
16 287
16 299
16 315
16 322
16 327
16 346
16 363
16 377
16 397
16 399
16 414
16 432
16 439
16 455
16 472
16 475
16 504
16 509
16 511
16 520
16 524
16 526
