0 17
0 35
0 115
0 134
0 225
0 245
0 277
0 288
0 308
0 374
0 378
0 411
0 434
0 490
0 533
0 535
1 27
1 40
1 43
1 75
1 101
1 110
1 135
1 139
1 148
1 179
1 180
1 209
1 210
1 234
1 251
1 261
1 343
1 364
1 401
1 433
1 440
1 455
1 467
2 9
2 20
2 34
2 36
2 39
2 63
2 67
2 71
2 132
2 155
2 165
2 182
2 188
2 190
2 199
2 203
2 211
2 252
2 263
2 264
2 266
2 268
2 281
2 286
2 296
2 324
2 339
2 340
2 349
2 352
2 386
2 388
2 392
2 395
2 406
2 407
2 425
2 438
2 439
2 525
3 19
3 81
3 87
3 114
3 125
3 127
3 137
3 162
3 164
3 171
3 185
3 194
3 200
3 202
3 205
3 214
3 222
3 253
3 293
3 327
3 338
3 347
3 375
3 394
3 422
3 448
3 451
3 459
3 492
3 493
3 512
3 530
4 14
4 29
4 33
4 53
4 103
4 112
4 118
4 122
4 149
4 175
4 176
4 198
4 208
4 213
4 249
4 314
4 322
4 334
4 344
4 415
4 444
4 453
4 463
4 471
4 473
4 508
4 520
5 23
5 38
5 41
5 52
5 61
5 64
5 104
5 131
5 136
5 184
5 187
5 192
5 246
5 250
5 260
5 267
5 269
5 287
5 300
5 309
5 316
5 317
5 330
5 335
5 341
5 370
5 373
5 384
5 385
5 408
5 413
5 430
5 469
5 482
5 497
5 501
5 529
6 310
6 516
7 44
7 50
7 69
7 70
7 102
7 105
7 107
7 147
7 150
7 169
7 216
7 223
7 224
7 227
7 283
7 290
7 294
7 321
7 336
7 380
7 383
7 389
7 399
7 409
7 410
7 458
7 474
7 480
7 496
8 31
8 51
8 58
8 60
8 72
8 82
8 83
8 88
8 92
8 120
8 145
8 163
8 172
8 207
8 219
8 229
8 238
8 307
8 326
8 354
8 358
8 393
8 423
8 442
8 449
8 486
8 498
8 521
9 30
9 45
9 68
9 77
9 121
9 154
9 156
9 191
9 235
9 240
9 301
9 302
9 304
9 369
9 397
9 416
9 436
9 446
9 461
9 468
9 472
9 477
9 481
9 487
9 504
9 505
9 506
10 47
10 181
10 362
10 382
10 432
11 0
11 2
11 3
11 22
11 24
11 25
11 48
11 84
11 116
11 130
11 133
11 151
11 158
11 174
11 196
11 212
11 218
11 247
11 248
11 276
11 278
11 297
11 298
11 303
11 320
11 348
11 350
11 363
11 367
11 368
11 377
11 396
11 428
11 466
11 488
11 495
11 500
11 503
11 522
12 6
12 7
12 28
12 65
12 74
12 78
12 98
12 99
12 108
12 117
12 123
12 146
12 152
12 161
12 189
12 195
12 197
12 233
12 242
12 243
12 255
12 257
12 262
12 289
12 291
12 312
12 315
12 323
12 359
12 361
12 402
12 404
12 412
12 447
12 478
12 499
12 519
13 8
13 13
13 15
13 76
13 90
13 119
13 138
13 142
13 157
13 159
13 166
13 173
13 221
13 332
13 337
13 387
13 456
13 457
13 514
14 18
14 37
14 56
14 106
14 126
14 144
14 177
14 217
14 241
14 258
14 305
14 371
14 372
14 390
14 429
14 450
14 511
14 517
15 21
15 80
15 86
15 100
15 111
15 124
15 128
15 279
15 346
15 351
15 391
15 418
15 426
15 431
15 465
15 484
16 5
16 16
16 54
16 73
16 95
16 96
16 97
16 178
16 204
16 232
16 265
16 275
16 295
16 299
16 313
16 318
16 325
16 328
16 357
16 360
16 376
16 379
16 403
16 419
16 420
16 435
16 437
16 443
16 452
16 470
16 489
16 491
16 494
16 502
16 509
16 510
16 518
16 523
16 524
16 526
16 528
17 26
17 85
17 170
17 183
17 206
17 270
17 331
17 345
17 405
17 414
17 476
18 10
18 32
18 42
18 46
18 66
18 143
18 215
18 230
18 231
18 236
18 272
18 284
18 292
18 353
18 366
18 400
18 462
18 475
18 479
18 485
18 507
18 515
