0 31
0 83
0 213
0 245
0 284
0 289
0 300
0 314
0 318
0 328
0 373
0 483
0 498
0 503
1 12
1 60
1 65
1 66
1 67
1 111
1 122
1 242
1 243
1 262
1 287
1 303
1 329
1 334
1 338
1 349
1 359
1 370
1 371
1 380
1 381
1 437
1 478
2 9
2 26
2 49
2 74
2 87
2 130
2 149
2 174
2 190
2 211
2 227
2 249
2 251
2 299
2 317
2 345
2 367
2 378
2 401
2 413
2 444
2 449
2 457
2 490
3 23
3 38
3 51
3 62
3 99
3 115
3 123
3 131
3 142
3 145
3 154
3 159
3 185
3 199
3 200
3 206
3 217
3 263
3 271
3 326
3 344
3 347
3 354
3 361
3 394
3 412
3 418
3 425
3 461
3 462
3 469
3 479
3 491
3 494
3 495
3 501
3 522
4 19
4 71
4 98
4 114
4 124
4 128
4 133
4 138
4 178
4 218
4 270
4 295
4 308
4 429
4 453
4 507
4 511
4 516
5 1
5 14
5 35
5 54
5 73
5 158
5 161
5 172
5 205
5 208
5 215
5 250
5 286
5 324
5 331
5 335
5 358
5 388
5 403
5 407
5 409
5 416
5 434
5 467
5 476
5 505
6 32
6 40
6 50
6 69
6 129
6 148
6 197
6 223
6 254
6 322
6 353
6 364
6 386
6 395
6 468
6 475
6 514
6 515
6 519
6 532
6 535
7 0
7 6
7 17
7 29
7 53
7 63
7 80
7 81
7 90
7 107
7 112
7 147
7 195
7 207
7 229
7 297
7 298
7 305
7 321
7 339
7 357
7 366
7 374
7 404
7 405
7 438
7 452
7 486
7 488
7 530
8 28
8 104
8 106
8 126
8 180
8 184
8 187
8 221
8 266
8 278
8 281
8 352
8 355
8 360
8 393
8 419
8 440
8 465
9 25
9 44
9 46
9 52
9 92
9 125
9 173
9 179
9 192
9 194
9 198
9 231
9 235
9 302
9 325
9 340
9 351
9 363
9 392
9 411
9 446
9 458
9 463
9 472
9 474
9 510
10 2
10 24
10 27
10 36
10 48
10 61
10 64
10 102
10 119
10 135
10 139
10 143
10 144
10 177
10 182
10 202
10 230
10 236
10 240
10 277
10 283
10 311
10 346
10 348
10 375
10 377
10 391
10 400
10 415
10 417
10 423
10 432
10 436
10 445
10 451
10 477
10 485
10 512
10 520
11 13
11 18
11 30
11 76
11 82
11 86
11 96
11 132
11 146
11 181
11 189
11 191
11 196
11 232
11 247
11 253
11 257
11 269
11 294
11 313
11 315
11 323
11 368
11 372
11 431
11 435
11 443
11 464
12 8
12 33
12 47
12 56
12 118
12 134
12 136
12 155
12 166
12 170
12 212
12 225
12 241
12 293
12 304
12 336
12 350
12 382
12 450
12 497
12 517
12 523
12 525
13 3
13 37
13 43
13 70
13 105
13 127
13 150
13 151
13 204
13 210
13 219
13 234
13 238
13 255
13 272
13 279
13 307
13 309
13 327
13 330
13 408
13 410
13 422
13 455
13 496
13 500
13 506
13 524
13 526
14 16
14 20
14 22
14 68
14 78
14 113
14 116
14 169
14 175
14 222
14 246
14 248
14 288
14 290
14 292
14 296
14 320
14 383
14 414
14 448
14 473
14 484
14 499
14 521
14 529
14 533
15 5
15 11
15 77
15 84
15 117
15 121
15 137
15 156
15 157
15 188
15 216
15 233
15 252
15 264
15 268
15 341
15 369
15 379
15 390
15 396
15 397
15 433
15 456
15 470
15 481
15 502
15 504
15 509
15 528
16 21
16 59
16 75
16 88
16 95
16 100
16 101
16 103
16 152
16 165
16 171
16 176
16 209
16 214
16 261
16 275
16 310
16 312
16 337
16 343
16 384
16 402
16 406
16 426
16 430
16 471
16 480
16 482
16 487
16 492
16 518
16 534
17 39
17 42
17 58
17 110
17 162
17 164
17 276
17 291
17 332
17 376
17 420
17 428
