0 8
0 14
0 20
0 21
0 24
0 25
0 39
0 61
0 62
0 63
0 97
0 108
0 114
0 135
0 143
0 144
0 146
0 166
0 169
0 182
0 206
0 212
0 219
0 258
0 284
0 331
0 404
0 408
0 410
0 417
0 419
0 426
0 438
0 518
0 533
0 534
1 74
1 84
1 100
1 123
1 150
1 174
1 277
1 352
1 372
1 374
1 379
1 409
1 412
1 413
1 414
1 440
1 495
1 516
2 77
2 175
2 255
2 303
2 329
2 402
2 435
2 448
2 472
2 505
3 23
3 46
3 48
3 66
3 76
3 83
3 128
3 179
3 180
3 205
3 207
3 221
3 229
3 262
3 291
3 296
3 300
3 324
3 326
3 337
3 341
3 348
3 357
3 368
3 373
3 381
3 406
3 422
3 433
3 478
3 487
3 514
4 10
4 18
4 47
4 53
4 56
4 57
4 59
4 69
4 72
4 73
4 80
4 87
4 102
4 115
4 116
4 130
4 138
4 152
4 158
4 184
4 239
4 243
4 271
4 283
4 286
4 314
4 320
4 385
4 436
4 444
4 453
4 461
4 474
4 488
4 493
4 502
4 509
4 526
5 19
5 29
5 34
5 91
5 95
5 110
5 117
5 134
5 164
5 189
5 245
5 253
5 263
5 270
5 278
5 316
5 353
5 382
5 395
5 399
5 411
5 420
5 423
5 446
5 479
5 504
5 506
6 75
6 81
6 157
6 192
6 204
6 386
6 463
6 477
6 507
6 512
7 55
7 147
7 213
7 218
7 272
7 275
7 294
7 383
7 384
7 394
7 428
7 459
7 465
7 482
7 484
7 490
7 503
8 12
8 60
8 86
8 106
8 133
8 148
8 234
8 321
8 338
8 378
8 443
8 455
8 491
9 67
9 85
9 236
9 288
9 292
9 425
9 432
9 449
9 492
9 520
10 6
10 16
10 52
10 82
10 98
10 107
10 118
10 332
10 388
10 401
10 418
10 497
10 498
11 9
11 36
11 127
11 162
11 163
11 202
11 211
11 224
11 225
11 233
11 241
11 248
11 249
11 264
11 265
11 269
11 322
11 336
11 437
11 456
11 486
11 524
12 268
12 287
12 293
13 71
13 103
13 126
13 155
13 173
13 188
13 200
13 208
13 240
13 250
13 261
13 266
13 276
13 279
13 298
13 301
13 313
13 362
13 366
13 397
13 429
13 467
13 468
13 528
14 30
14 51
14 68
14 121
14 129
14 136
14 142
14 156
14 216
14 297
14 310
14 339
14 351
14 363
14 403
14 405
14 442
14 496
15 2
15 3
15 198
15 214
15 217
15 227
15 235
15 364
15 400
15 457
15 462
15 494
15 510
15 515
16 78
16 96
16 104
16 181
16 215
16 281
16 327
16 330
16 340
16 375
16 380
16 469
16 532
17 5
17 7
17 22
17 70
17 92
17 124
17 137
17 177
17 232
17 246
17 289
17 323
17 325
17 367
17 485
17 530
18 37
18 38
18 58
18 125
18 154
18 161
18 185
18 194
18 238
18 257
18 290
18 295
18 305
18 354
18 376
18 391
18 392
18 489
19 31
19 42
19 99
19 105
19 119
19 159
19 195
19 223
19 242
19 254
19 299
19 311
19 312
19 360
19 369
19 452
19 511
