0 21
0 67
0 76
0 87
0 117
0 126
0 142
0 146
0 170
0 188
0 259
0 262
0 275
0 292
0 301
0 332
0 358
0 359
0 372
0 377
0 389
0 390
0 393
0 402
0 460
0 470
0 477
0 482
0 491
0 502
0 503
0 516
1 13
1 32
1 61
1 63
1 68
1 81
1 84
1 86
1 88
1 92
1 99
1 112
1 115
1 118
1 119
1 136
1 145
1 163
1 168
1 169
1 189
1 192
1 213
1 221
1 258
1 261
1 288
1 293
1 307
1 336
1 337
1 350
1 352
1 357
1 361
1 368
1 378
1 380
1 383
1 386
1 387
1 413
1 416
1 434
1 445
1 450
1 455
1 476
1 488
1 494
1 497
1 511
1 523
1 533
2 41
2 62
2 73
2 105
2 116
2 127
2 147
2 164
2 197
2 210
2 215
2 219
2 227
2 232
2 253
2 254
2 263
2 266
2 313
2 318
2 321
2 344
2 367
2 379
2 395
2 403
2 429
2 431
2 456
2 462
2 508
2 512
2 520
2 526
2 530
2 532
3 19
3 29
3 44
3 64
3 69
3 82
3 98
3 106
3 114
3 123
3 125
3 138
3 177
3 179
3 191
3 204
3 242
3 249
3 257
3 267
3 277
3 295
3 300
3 312
3 323
3 347
3 354
3 370
3 375
3 382
3 384
3 391
3 400
3 410
3 421
3 433
3 461
3 463
3 489
4 3
4 9
4 10
4 12
4 14
4 23
4 36
4 47
4 53
4 65
4 71
4 72
4 80
4 91
4 100
4 103
4 137
4 144
4 151
4 159
4 199
4 206
4 212
4 248
4 284
4 303
4 314
4 338
4 341
4 348
4 373
4 399
4 419
4 430
4 436
4 443
4 446
4 451
4 458
4 474
4 490
4 493
4 515
4 521
4 522
5 0
5 20
5 25
5 51
5 101
5 102
5 104
5 111
5 130
5 148
5 150
5 283
5 310
5 339
5 346
5 408
5 414
5 428
5 468
5 484
5 492
5 501
5 514
6 5
6 30
6 43
6 79
6 90
6 121
6 156
6 174
6 185
6 194
6 202
6 208
6 236
6 246
6 279
6 291
6 308
6 317
6 330
6 364
6 366
6 435
6 437
6 457
6 467
6 487
6 524
7 6
7 15
7 24
7 31
7 33
7 54
7 55
7 74
7 97
7 110
7 134
7 135
7 139
7 161
7 167
7 187
7 195
7 203
7 225
7 251
7 269
7 272
7 281
7 285
7 302
7 334
7 345
7 351
7 396
7 407
7 417
7 469
7 471
7 472
7 485
7 495
7 510
7 528
8 11
8 27
8 39
8 45
8 46
8 48
8 50
8 52
8 60
8 70
8 78
8 95
8 96
8 108
8 120
8 132
8 149
8 165
8 172
8 184
8 205
8 211
8 222
8 233
8 240
8 245
8 297
8 298
8 299
8 304
8 322
8 324
8 349
8 369
8 371
8 385
8 405
8 409
8 411
8 422
8 426
8 442
8 447
8 452
8 473
8 479
8 481
8 486
8 496
8 500
8 509
8 517
8 518
8 525
8 529
8 535
9 16
9 26
9 28
9 35
9 37
9 38
9 56
9 77
9 83
9 85
9 107
9 133
9 154
9 166
9 175
9 176
9 181
9 190
9 198
9 200
9 207
9 209
9 224
9 229
9 231
9 235
9 241
9 250
9 268
9 282
9 290
9 328
9 340
9 343
9 388
9 392
9 406
9 420
9 440
9 478
9 505
10 18
10 58
10 66
10 75
10 113
10 152
10 173
10 180
10 183
10 196
10 230
10 243
10 260
10 264
10 271
10 276
10 289
10 294
10 305
10 320
10 326
10 331
10 335
10 412
10 438
10 453
10 459
10 464
10 466
10 519
11 17
11 22
11 34
11 40
11 42
11 122
11 128
11 131
11 155
11 158
11 162
11 178
11 182
11 216
11 223
11 252
11 286
11 296
11 309
11 311
11 315
11 327
11 362
11 376
11 404
11 423
11 425
11 439
11 448
11 498
11 499
11 506
11 507
12 1
12 2
12 49
12 124
12 143
12 157
12 171
12 214
12 217
12 218
12 234
12 238
12 247
12 255
12 265
12 278
12 329
12 353
12 415
12 418
12 432
12 444
12 449
12 465
12 480
12 504
