0 9
0 31
0 68
0 76
0 146
0 198
0 218
0 234
0 275
0 290
0 302
0 346
0 397
0 412
0 442
0 465
0 466
0 496
0 532
1 7
1 60
1 64
1 102
1 104
1 121
1 158
1 188
1 221
1 224
1 257
1 270
1 288
1 291
1 292
1 353
1 395
1 410
1 420
1 440
1 470
1 494
1 500
1 528
2 1
2 5
2 41
2 45
2 46
2 73
2 81
2 88
2 112
2 113
2 115
2 156
2 199
2 230
2 235
2 241
2 249
2 265
2 305
2 307
2 309
2 314
2 325
2 334
2 344
2 354
2 377
2 391
2 399
2 434
2 437
2 438
2 443
2 459
2 477
2 485
2 487
2 488
2 517
2 518
2 533
3 16
3 26
3 32
3 44
3 72
3 80
3 268
3 271
3 321
3 337
3 386
3 414
3 417
3 457
3 472
3 473
3 491
3 492
3 511
3 516
4 38
4 74
4 77
4 107
4 118
4 127
4 157
4 174
4 180
4 189
4 191
4 197
4 213
4 229
4 236
4 238
4 240
4 251
4 263
4 267
4 281
4 296
4 313
4 324
4 328
4 357
4 368
4 402
4 446
4 448
4 463
4 498
4 529
4 530
5 6
5 22
5 24
5 49
5 71
5 85
5 90
5 103
5 105
5 111
5 130
5 132
5 163
5 166
5 175
5 208
5 223
5 255
5 260
5 304
5 322
5 358
5 375
5 408
5 416
5 426
5 435
5 469
5 506
6 3
6 23
6 42
6 50
6 83
6 87
6 96
6 134
6 136
6 137
6 139
6 149
6 150
6 169
6 173
6 206
6 207
6 231
6 246
6 287
6 289
6 297
6 315
6 329
6 338
6 343
6 351
6 363
6 364
6 369
6 372
6 374
6 380
6 388
6 429
6 447
6 467
6 468
6 479
6 481
6 486
6 495
6 504
6 515
7 40
7 52
7 98
7 116
7 125
7 148
7 154
7 177
7 178
7 181
7 185
7 192
7 232
7 278
7 392
7 409
7 428
7 449
7 453
7 458
7 478
7 507
8 2
8 14
8 18
8 21
8 29
8 34
8 56
8 86
8 91
8 97
8 119
8 128
8 145
8 161
8 195
8 204
8 217
8 252
8 254
8 258
8 293
8 294
8 301
8 308
8 316
8 318
8 331
8 332
8 382
8 383
8 390
8 406
8 413
8 419
8 444
8 471
8 480
8 484
8 489
8 490
8 497
8 514
8 524
9 25
9 30
9 59
9 63
9 70
9 84
9 117
9 123
9 126
9 147
9 152
9 205
9 210
9 215
9 253
9 327
9 341
9 360
9 373
9 418
9 452
9 455
9 483
9 501
9 519
10 11
10 13
10 27
10 33
10 39
10 47
10 51
10 53
10 58
10 95
10 108
10 120
10 122
10 131
10 155
10 176
10 184
10 190
10 239
10 243
10 245
10 277
10 300
10 336
10 348
10 352
10 359
10 361
10 381
10 394
10 407
10 411
10 422
10 423
10 430
10 432
10 439
10 460
10 535
11 0
11 12
11 19
11 65
11 82
11 106
11 170
11 182
11 194
11 214
11 216
11 272
11 284
11 298
11 317
11 345
11 362
11 367
11 376
11 379
11 400
11 503
11 510
11 526
11 534
12 28
12 61
12 67
12 69
12 100
12 138
12 142
12 144
12 162
12 187
12 196
12 200
12 222
12 242
12 248
12 262
12 283
12 299
12 311
12 323
12 384
12 403
12 404
12 462
12 464
12 476
12 502
12 512
13 35
13 36
13 37
13 48
13 57
13 62
13 75
13 99
13 101
13 110
13 124
13 135
13 159
13 172
13 209
13 211
13 212
13 247
13 264
13 279
13 286
13 312
13 320
13 330
13 339
13 350
13 378
13 385
13 405
13 415
13 421
13 425
13 433
13 456
13 474
13 482
13 525
14 8
14 17
14 54
14 78
14 114
14 133
14 171
14 179
14 202
14 233
14 250
14 269
14 276
14 303
14 355
14 387
14 396
14 401
14 445
14 461
14 520
