0 18
0 21
0 31
0 84
0 110
0 112
0 126
0 143
0 163
0 192
0 202
0 211
0 221
0 233
0 249
0 278
0 307
0 326
0 377
0 383
0 406
0 413
0 422
0 423
0 478
0 479
0 499
0 512
0 523
1 12
1 42
1 69
1 70
1 82
1 92
1 124
1 147
1 253
1 301
1 303
1 323
1 324
1 338
1 366
1 369
1 402
1 408
1 510
2 39
2 68
2 83
2 127
2 149
2 152
2 158
2 159
2 166
2 179
2 229
2 264
2 279
2 298
2 351
2 363
2 396
2 397
2 429
2 440
2 448
2 452
3 17
3 51
3 85
3 91
3 115
3 120
3 154
3 161
3 162
3 175
3 215
3 230
3 243
3 252
3 316
3 349
3 350
3 382
3 395
3 400
3 445
3 446
3 467
3 502
3 518
3 528
4 54
4 77
4 98
4 177
4 222
4 246
4 268
4 289
4 293
4 442
4 474
4 482
4 520
5 5
5 73
5 87
5 271
5 294
5 329
5 360
5 373
5 379
5 386
5 405
5 425
5 444
5 465
5 468
5 469
5 495
5 514
6 19
6 46
6 97
6 99
6 105
6 113
6 121
6 265
6 276
6 284
6 291
6 339
6 343
6 375
6 455
6 461
6 471
6 498
6 506
7 57
7 60
7 102
7 116
7 128
7 133
7 137
7 148
7 169
7 200
7 204
7 213
7 223
7 270
7 332
7 380
7 394
7 403
7 491
7 515
8 8
8 59
8 72
8 103
8 132
8 134
8 139
8 190
8 194
8 242
8 258
8 318
8 322
8 327
8 374
8 401
8 412
8 420
8 433
8 435
8 534
9 10
9 30
9 36
9 55
9 62
9 96
9 123
9 125
9 146
9 184
9 188
9 216
9 239
9 245
9 269
9 272
9 283
9 312
9 330
9 348
9 381
9 409
9 443
9 496
9 509
9 526
10 9
10 33
10 35
10 45
10 71
10 88
10 117
10 172
10 206
10 247
10 254
10 255
10 266
10 300
10 309
10 317
10 331
10 353
10 390
10 434
10 439
10 476
10 477
10 521
10 525
11 3
11 56
11 66
11 76
11 80
11 100
11 118
11 119
11 129
11 157
11 182
11 207
11 235
11 257
11 404
11 456
11 480
11 486
12 7
12 22
12 63
12 78
12 104
12 208
12 261
12 275
12 281
12 320
12 340
12 364
12 384
12 414
12 416
12 449
12 457
12 472
13 6
13 20
13 150
13 173
13 181
13 199
13 212
13 250
13 288
13 292
13 341
13 357
13 362
13 392
13 399
13 419
13 432
13 436
13 494
14 38
14 48
14 52
14 53
14 67
14 90
14 198
14 227
14 241
14 321
14 372
14 376
14 463
15 37
15 236
15 367
15 388
15 492
15 516
16 24
16 27
16 138
16 142
16 155
16 240
16 262
16 263
16 277
16 290
16 296
16 297
16 311
16 325
16 337
16 352
16 368
16 378
16 417
16 462
16 489
16 529
16 535
17 16
17 23
17 32
17 81
17 106
17 108
17 130
17 136
17 176
17 185
17 195
17 205
17 217
17 224
17 234
17 336
17 359
17 391
17 458
17 488
17 497
17 507
18 2
18 74
18 86
18 107
18 135
18 144
18 214
18 218
18 219
18 238
18 248
18 299
18 310
18 313
18 354
18 411
18 418
18 428
18 484
18 485
18 487
18 490
18 503
18 505
18 511
18 533
19 40
19 47
19 61
19 75
19 174
19 232
19 286
19 287
19 305
19 410
19 426
19 437
19 464
19 504
19 517
19 530
19 532
