0 13
0 19
0 38
0 40
0 45
0 108
0 111
0 112
0 127
0 130
0 159
0 163
0 176
0 177
0 179
0 184
0 214
0 234
0 238
0 247
0 284
0 288
0 320
0 325
0 374
0 380
0 383
0 408
0 433
0 434
0 466
0 471
0 481
0 489
0 514
1 5
1 47
1 75
1 80
1 97
1 138
1 150
1 151
1 174
1 183
1 195
1 216
1 224
1 235
1 236
1 249
1 252
1 269
1 271
1 278
1 300
1 326
1 330
1 359
1 368
1 404
1 430
1 508
1 512
2 0
2 17
2 20
2 60
2 102
2 152
2 189
2 210
2 253
2 347
2 367
2 373
2 440
2 461
2 469
2 492
3 26
3 31
3 33
3 136
3 149
3 230
3 283
3 303
3 311
3 323
3 339
3 479
3 495
3 499
3 501
3 520
3 522
3 525
4 7
4 36
4 78
4 100
4 133
4 144
4 148
4 175
4 185
4 196
4 205
4 212
4 227
4 232
4 240
4 255
4 272
4 290
4 296
4 302
4 312
4 317
4 321
4 329
4 343
4 366
4 387
4 400
4 418
4 428
4 438
4 455
4 488
4 503
4 507
5 11
5 32
5 37
5 43
5 44
5 58
5 81
5 116
5 120
5 132
5 158
5 203
5 209
5 219
5 263
5 266
5 307
5 351
5 357
5 396
5 401
5 403
5 413
5 419
5 476
5 523
5 530
5 533
6 34
6 139
6 170
6 199
6 215
6 267
6 282
6 340
6 421
6 446
6 464
6 472
6 497
7 12
7 42
7 48
7 50
7 87
7 156
7 165
7 182
7 213
7 242
7 268
7 289
7 316
7 332
7 341
7 377
7 451
7 480
7 485
7 491
7 494
7 509
8 18
8 83
8 98
8 154
8 198
8 221
8 248
8 281
8 299
8 304
8 331
8 334
8 349
8 391
8 463
8 465
8 467
8 496
8 498
8 510
9 516
10 29
10 65
10 68
10 70
10 77
10 106
10 114
10 131
10 147
10 155
10 171
10 207
10 218
10 223
10 294
10 314
10 352
10 360
10 364
10 379
10 385
10 409
10 412
10 423
10 443
10 468
10 482
10 515
11 2
11 22
11 46
11 51
11 53
11 55
11 62
11 88
11 122
11 172
11 200
11 202
11 204
11 231
11 251
11 257
11 275
11 309
11 338
11 346
11 363
11 376
11 392
11 397
11 402
11 439
11 442
11 444
11 445
11 448
11 475
11 486
11 517
11 524
11 526
12 14
12 28
12 54
12 69
12 96
12 121
12 161
12 180
12 181
12 265
12 286
12 353
12 361
12 407
12 435
12 502
13 6
13 85
13 104
13 128
13 142
13 162
13 164
13 166
13 173
13 206
13 211
13 222
13 241
13 260
13 264
13 277
13 279
13 292
13 301
13 313
13 328
13 337
13 345
13 393
13 410
13 484
13 500
13 534
13 535
14 3
14 10
14 27
14 52
14 63
14 71
14 76
14 90
14 103
14 105
14 110
14 124
14 126
14 135
14 143
14 146
14 157
14 188
14 190
14 191
14 192
14 194
14 208
14 291
14 293
14 295
14 308
14 315
14 322
14 344
14 358
14 375
14 390
14 395
14 414
14 415
14 436
14 449
14 450
14 458
14 459
14 462
14 478
14 487
15 67
15 99
15 117
15 118
15 134
15 137
15 217
15 229
15 262
15 287
15 305
15 335
15 369
15 411
15 504
16 16
16 25
16 41
16 49
16 61
16 73
16 84
16 86
16 92
16 95
16 101
16 107
16 125
16 169
16 250
16 310
16 318
16 348
16 354
16 384
16 386
16 405
16 416
16 420
16 453
16 456
16 457
16 477
16 506
16 519
16 529
17 24
17 64
17 72
17 74
17 113
17 115
17 123
17 145
17 197
17 225
17 245
17 246
17 276
17 297
17 298
17 336
17 378
17 388
17 417
17 490
17 528
18 9
18 15
18 21
18 23
18 30
18 35
18 39
18 56
18 82
18 119
18 187
18 233
18 258
18 261
18 327
18 350
18 362
18 370
18 372
18 406
18 422
18 425
18 426
18 429
18 431
18 432
18 437
18 447
18 452
18 474
18 511
18 518
18 521
18 532
