0 10
0 16
0 114
0 146
0 154
0 162
0 181
0 182
0 188
0 192
0 204
0 208
0 229
0 310
0 343
0 354
0 391
0 406
0 501
0 505
0 524
0 533
1 12
1 22
1 56
1 58
1 61
1 65
1 75
1 84
1 113
1 144
1 147
1 148
1 157
1 185
1 209
1 212
1 222
1 264
1 269
1 283
1 292
1 295
1 298
1 305
1 318
1 420
1 430
1 431
1 434
1 472
1 476
1 499
1 523
2 53
2 142
2 145
2 155
2 164
2 191
2 200
2 231
2 268
2 284
2 294
2 300
2 317
2 328
2 357
2 364
2 390
2 410
2 432
2 439
2 446
2 481
3 24
3 36
3 45
3 54
3 73
3 115
3 161
3 174
3 225
3 245
3 247
3 249
3 265
3 372
3 385
3 396
3 419
3 442
3 477
3 521
3 529
4 6
4 13
4 52
4 80
4 106
4 166
4 173
4 176
4 214
4 217
4 233
4 260
4 271
4 278
4 304
4 314
4 326
4 332
4 337
4 346
4 386
4 411
4 412
4 426
4 438
5 43
5 67
5 110
5 136
5 137
5 180
5 198
5 216
5 218
5 238
5 242
5 276
5 279
5 290
5 303
5 378
5 413
5 415
5 455
5 480
6 8
6 17
6 23
6 35
6 37
6 38
6 48
6 64
6 74
6 78
6 95
6 105
6 108
6 117
6 130
6 131
6 133
6 149
6 152
6 156
6 195
6 213
6 219
6 227
6 275
6 277
6 291
6 302
6 324
6 334
6 338
6 366
6 379
6 395
6 467
6 478
6 490
6 509
6 514
6 519
6 528
7 492
8 1
8 72
8 85
8 132
8 151
8 254
8 329
8 388
8 399
8 416
8 497
9 70
9 71
9 76
9 125
9 253
9 270
9 296
9 340
9 347
9 353
9 362
9 375
9 377
9 428
9 456
9 511
9 516
10 11
10 32
10 41
10 42
10 86
10 116
10 128
10 163
10 165
10 184
10 206
10 215
10 286
10 293
10 325
10 336
10 344
10 345
10 407
10 408
10 525
10 535
11 5
11 18
11 33
11 47
11 98
11 126
11 129
11 143
11 178
11 196
11 266
11 272
11 289
11 299
11 309
11 335
11 351
11 358
11 359
11 381
11 383
11 397
11 402
11 404
11 409
11 433
11 445
11 450
11 464
11 470
11 494
11 526
11 534
12 2
12 25
12 34
12 68
12 87
12 96
12 112
12 119
12 158
12 170
12 171
12 234
12 236
12 243
12 251
12 263
12 311
12 316
12 339
12 349
12 355
12 425
12 429
12 436
12 451
12 466
12 479
12 522
13 9
13 21
13 28
13 31
13 51
13 59
13 60
13 90
13 121
13 150
13 172
13 190
13 199
13 207
13 210
13 241
13 252
13 255
13 258
13 262
13 312
13 322
13 348
13 370
13 373
13 380
13 403
13 435
13 443
13 473
13 482
13 491
13 507
13 520
14 77
14 104
14 118
14 169
14 197
14 257
14 361
14 417
14 458
14 474
14 500
14 517
15 40
15 46
15 102
15 122
15 159
15 177
15 194
15 248
15 360
15 369
15 392
15 401
15 418
15 453
15 485
15 504
16 0
16 29
16 30
16 44
16 49
16 81
16 100
16 107
16 120
16 124
16 138
16 202
16 221
16 232
16 327
16 363
16 368
16 371
16 393
16 394
16 400
16 414
16 423
16 449
16 465
16 468
16 483
16 484
16 486
16 496
16 506
16 512
17 19
17 26
17 66
17 88
17 111
17 135
17 288
17 297
17 301
17 374
17 376
17 487
17 495
17 498
17 502
17 518
17 530
18 7
18 14
18 39
18 50
18 62
18 63
18 82
18 83
18 92
18 99
18 101
18 103
18 139
18 179
18 187
18 205
18 223
18 230
18 246
18 261
18 287
18 307
18 308
18 313
18 315
18 320
18 321
18 330
18 350
18 384
18 405
18 422
18 437
18 440
18 444
18 452
18 457
18 461
18 469
18 471
18 488
18 515
18 532
19 3
19 20
19 27
19 69
19 123
19 127
19 134
19 175
19 189
19 211
19 235
19 240
19 250
19 281
19 341
19 352
19 367
19 382
19 448
19 462
19 463
19 475
19 503
19 510
