0 7
0 17
0 25
0 38
0 40
0 62
0 102
0 104
0 126
0 129
0 136
0 147
0 185
0 217
0 251
0 272
0 287
0 331
0 341
0 345
0 409
0 420
0 437
0 505
0 520
1 14
1 15
1 45
1 63
1 165
1 177
1 190
1 208
1 229
1 236
1 238
1 259
1 290
1 309
1 343
1 347
1 351
1 380
1 383
1 396
1 402
1 439
1 445
1 475
1 486
1 499
1 500
1 519
1 525
2 11
2 19
2 31
2 54
2 197
2 263
2 363
2 369
2 374
2 387
2 407
2 419
2 490
3 12
3 39
3 56
3 87
3 106
3 143
3 184
3 187
3 188
3 209
3 212
3 254
3 276
3 308
3 326
3 353
3 370
3 394
3 433
3 508
3 511
4 18
4 77
4 78
4 82
4 114
4 134
4 154
4 195
4 198
4 227
4 271
4 432
4 469
4 496
4 524
5 13
5 26
5 59
5 68
5 80
5 103
5 112
5 125
5 128
5 135
5 155
5 172
5 174
5 214
5 218
5 223
5 231
5 233
5 234
5 265
5 284
5 293
5 295
5 344
5 349
5 357
5 359
5 364
5 368
5 382
5 404
5 406
5 411
5 412
5 418
5 431
5 438
5 440
5 444
5 446
5 467
5 472
5 476
5 483
5 489
5 494
5 518
5 532
6 0
6 9
6 33
6 85
6 133
6 161
6 170
6 183
6 224
6 270
6 286
6 294
6 298
6 301
6 378
6 416
6 491
6 502
7 6
7 74
7 113
7 115
7 139
7 144
7 169
7 189
7 211
7 235
7 245
7 252
7 328
7 338
7 389
7 408
7 470
7 471
7 487
7 497
7 509
8 35
8 60
8 97
8 146
8 166
8 179
8 199
8 204
8 205
8 230
8 253
8 257
8 261
8 262
8 314
8 335
8 386
8 388
8 422
8 448
8 477
8 488
8 504
8 510
8 517
8 529
8 530
9 2
9 48
9 83
9 90
9 101
9 127
9 194
9 243
9 264
9 269
9 278
9 279
9 296
9 304
9 312
9 317
9 355
9 361
9 373
9 385
9 393
9 428
9 430
9 443
9 458
9 462
9 514
9 515
10 28
10 36
10 42
10 65
10 67
10 69
10 70
10 137
10 142
10 150
10 158
10 171
10 275
10 299
10 320
10 324
10 332
10 358
10 384
10 410
10 426
10 429
10 452
10 453
10 456
10 457
10 466
10 495
10 507
11 5
11 516
12 61
12 73
12 95
12 96
12 100
12 116
12 213
12 219
12 292
12 303
12 313
12 348
12 405
12 455
12 522
13 8
13 30
13 32
13 34
13 43
13 81
13 84
13 86
13 88
13 92
13 111
13 132
13 149
13 247
13 249
13 258
13 282
13 283
13 289
13 307
13 311
13 337
13 339
13 346
13 362
13 372
13 400
13 425
13 434
13 506
13 523
13 533
14 27
14 37
14 51
14 58
14 66
14 75
14 120
14 159
14 163
14 325
14 336
14 350
14 397
14 401
14 501
14 521
14 526
15 22
15 23
15 46
15 64
15 105
15 108
15 118
15 122
15 152
15 157
15 175
15 176
15 196
15 232
15 268
15 291
15 340
15 352
15 354
15 360
15 367
15 390
15 392
15 417
15 436
15 447
15 451
15 465
15 479
15 485
15 498
15 512
15 535
16 10
16 21
16 41
16 117
16 181
16 210
16 216
16 321
16 379
16 391
16 463
16 468
16 480
16 503
16 528
17 16
17 20
17 29
17 47
17 53
17 71
17 72
17 130
17 138
17 164
17 200
17 203
17 222
17 240
17 241
17 246
17 260
17 266
17 277
17 327
17 330
17 371
17 375
17 414
17 461
18 50
18 76
18 119
18 121
18 123
18 131
18 162
18 173
18 192
18 221
18 248
18 288
18 329
18 366
18 376
18 395
18 413
18 415
18 423
18 435
18 474
19 3
19 24
19 44
19 52
19 98
19 107
19 110
19 124
19 148
19 156
19 180
19 182
19 191
19 202
19 206
19 207
19 242
19 250
19 255
19 281
19 297
19 300
19 305
19 310
19 315
19 316
19 318
19 322
19 323
19 334
19 399
19 403
19 442
19 449
19 450
19 478
19 482
19 484
19 492
