0 0
0 14
0 16
0 19
0 29
0 38
0 44
0 49
0 57
0 84
0 86
0 91
0 108
0 111
0 121
0 124
0 139
0 145
0 156
0 170
0 171
0 174
0 176
0 181
0 182
0 184
0 185
0 190
0 210
0 215
0 222
0 229
0 235
0 268
0 278
0 313
0 314
0 316
0 332
0 346
0 369
0 382
0 384
0 395
0 406
0 416
0 443
0 455
0 480
0 487
0 515
0 525
0 532
1 48
1 78
1 80
1 194
1 271
1 272
1 367
1 401
1 402
1 516
1 524
2 27
2 103
2 116
2 286
2 289
2 303
2 317
2 410
2 420
2 423
2 452
2 456
2 504
3 3
3 128
3 276
3 396
3 412
3 418
3 463
4 26
4 30
4 32
4 45
4 81
4 101
4 120
4 125
4 132
4 133
4 149
4 154
4 155
4 164
4 197
4 243
4 249
4 255
4 270
4 279
4 284
4 301
4 307
4 318
4 329
4 341
4 377
4 389
4 390
4 394
4 397
4 399
4 521
5 8
5 61
5 68
5 99
5 169
5 177
5 179
5 196
5 251
5 262
5 325
5 328
5 372
5 374
5 433
5 458
6 157
6 188
6 295
6 378
6 461
7 5
7 6
7 59
7 71
7 106
7 110
7 119
7 172
7 216
7 221
7 224
7 240
7 290
7 299
7 330
7 472
7 490
7 496
8 2
8 46
8 54
8 62
8 63
8 75
8 76
8 104
8 147
8 195
8 212
8 223
8 291
8 302
8 311
8 338
8 386
8 409
8 422
8 494
8 518
8 519
8 527
9 56
9 107
9 118
9 123
9 166
9 250
9 257
9 264
9 293
9 294
9 298
9 309
9 320
9 327
9 363
9 380
9 387
9 392
9 415
9 465
9 497
9 528
10 13
10 64
10 73
10 127
10 146
10 191
10 219
10 233
10 248
10 261
10 267
10 287
10 288
10 379
10 405
10 425
10 462
10 464
11 12
11 39
11 50
11 114
11 246
11 296
11 358
11 435
11 484
12 23
12 242
12 321
12 353
12 364
12 376
12 432
12 517
12 530
13 40
13 51
13 74
13 77
13 87
13 97
13 100
13 130
13 134
13 136
13 150
13 189
13 200
13 202
13 206
13 239
13 269
13 281
13 312
13 324
13 331
13 348
13 360
13 368
13 444
13 449
13 470
13 475
13 492
13 499
13 507
13 511
13 534
14 526
15 17
15 25
15 34
15 37
15 53
15 55
15 105
15 131
15 148
15 158
15 159
15 175
15 178
15 192
15 204
15 205
15 208
15 209
15 232
15 236
15 238
15 292
15 304
15 305
15 315
15 335
15 340
15 345
15 351
15 375
15 385
15 388
15 400
15 407
15 411
15 429
15 430
15 448
15 453
15 457
15 466
15 482
15 486
15 501
15 503
15 510
15 514
16 11
16 24
16 31
16 42
16 67
16 144
16 198
16 245
16 343
16 381
16 383
16 404
16 408
16 426
16 438
16 442
16 446
16 485
16 520
17 9
17 47
17 65
17 207
17 234
17 252
17 254
17 263
17 277
17 300
17 339
17 355
17 391
17 474
17 533
