0 50
0 123
0 128
0 158
0 163
0 169
0 213
0 223
0 252
0 269
0 275
0 303
0 323
0 343
0 372
0 399
0 426
0 467
0 510
0 517
0 525
0 532
1 22
1 47
1 64
1 78
1 111
1 120
1 147
1 185
1 224
1 262
1 278
1 292
1 337
1 351
1 360
1 375
1 386
1 388
1 400
1 404
1 405
1 414
1 433
1 504
1 516
1 530
2 9
2 31
2 41
2 56
2 69
2 85
2 90
2 113
2 122
2 124
2 161
2 200
2 211
2 265
2 289
2 300
2 301
2 302
2 307
2 312
2 314
2 318
2 348
2 350
2 359
2 361
2 377
2 382
2 411
2 445
2 471
2 489
2 514
2 518
3 5
3 11
3 21
3 36
3 46
3 52
3 101
3 106
3 127
3 139
3 192
3 195
3 231
3 240
3 257
3 267
3 317
3 339
3 401
3 402
3 406
3 407
3 422
3 443
3 448
3 465
3 497
3 498
3 500
3 534
3 535
4 26
4 125
4 290
4 328
4 396
4 492
4 519
5 17
5 19
5 81
5 115
5 116
5 118
5 126
5 136
5 157
5 191
5 215
5 253
5 264
5 367
5 415
5 425
5 459
5 481
5 482
5 527
6 23
6 48
6 63
6 110
6 121
6 144
6 146
6 150
6 177
6 218
6 248
6 298
6 304
6 432
6 449
6 461
6 470
6 474
6 520
7 12
7 39
7 61
7 67
7 70
7 71
7 72
7 74
7 166
7 172
7 178
7 189
7 190
7 286
7 296
7 341
7 374
7 378
7 384
7 410
7 435
7 447
7 455
7 458
7 462
7 463
7 512
8 73
8 103
8 104
8 149
8 208
8 229
8 232
8 246
8 250
8 305
8 324
8 345
8 358
8 364
8 380
8 387
8 409
8 412
8 457
8 472
8 496
8 503
8 526
8 529
9 1
9 14
9 18
9 28
9 44
9 55
9 91
9 170
9 187
9 214
9 217
9 219
9 247
9 254
9 294
9 313
9 315
9 316
9 322
9 332
9 334
9 419
9 421
9 453
9 477
9 506
10 3
10 6
10 25
10 57
10 76
10 107
10 152
10 162
10 179
10 182
10 194
10 198
10 245
10 268
10 281
10 320
10 352
10 362
10 376
10 417
10 428
10 440
10 444
10 478
10 484
10 485
10 494
11 27
11 32
11 34
11 40
11 45
11 49
11 51
11 58
11 77
11 87
11 95
11 97
11 117
11 131
11 155
11 176
11 210
11 234
11 236
11 238
11 239
11 258
11 270
11 277
11 279
11 283
11 297
11 327
11 346
11 363
11 383
11 413
11 418
11 437
11 456
11 476
11 479
11 480
11 483
11 486
11 487
11 501
11 524
11 528
12 13
12 54
12 60
12 68
12 99
12 130
12 135
12 233
12 255
12 276
12 291
12 369
12 395
12 397
12 430
12 511
13 2
13 42
13 53
13 59
13 80
13 98
13 159
13 235
13 241
13 243
13 272
13 287
13 330
13 331
13 379
13 381
13 403
13 442
13 491
13 507
14 16
14 65
14 114
14 133
14 134
14 180
14 196
14 216
14 251
14 263
14 420
14 464
15 30
15 96
15 100
15 108
15 132
15 137
15 138
15 148
15 206
15 212
15 242
15 271
15 299
15 311
15 321
15 325
15 338
15 357
15 408
15 452
15 469
15 515
16 0
16 7
16 8
16 24
16 29
16 75
16 82
16 83
16 86
16 88
16 92
16 105
16 112
16 119
16 142
16 156
16 171
16 184
16 199
16 205
16 207
16 222
16 230
16 249
16 284
16 295
16 329
16 385
16 390
16 391
16 392
16 394
16 423
16 429
16 460
16 488
16 521
17 37
17 38
17 84
17 102
17 154
17 173
17 174
17 181
17 188
17 197
17 202
17 221
17 288
17 355
17 416
17 446
17 490
17 502
