0 17
0 73
0 95
0 115
0 134
0 145
0 158
0 176
0 178
0 183
0 192
0 195
0 215
0 221
0 258
0 269
0 295
0 300
0 343
0 348
0 354
0 361
0 362
0 363
0 402
0 413
0 418
0 430
0 469
0 480
0 528
1 30
1 54
1 62
1 83
1 98
1 133
1 150
1 199
1 246
1 262
1 321
1 327
1 378
1 391
1 425
1 462
1 490
2 9
2 42
2 48
2 55
2 88
2 96
2 161
2 163
2 210
2 230
2 266
2 268
2 289
2 299
2 303
2 330
2 335
2 364
2 371
2 458
2 472
2 477
2 495
3 3
3 16
3 24
3 82
3 159
3 216
3 218
3 263
3 272
3 281
3 328
3 386
3 411
3 457
3 489
3 529
4 25
4 43
4 49
4 114
4 198
4 294
4 417
4 478
4 491
4 492
4 516
5 12
5 33
5 72
5 92
5 100
5 130
5 179
5 213
5 305
5 310
5 324
5 346
5 353
5 387
5 400
5 440
5 444
5 445
5 479
5 487
5 488
5 508
5 517
5 532
6 46
6 50
6 69
6 71
6 74
6 78
6 91
6 103
6 105
6 112
6 125
6 174
6 190
6 194
6 223
6 229
6 261
6 275
6 277
6 357
6 376
6 409
6 412
6 450
6 456
6 463
6 473
6 497
7 19
7 22
7 39
7 79
7 118
7 135
7 154
7 204
7 217
7 241
7 245
7 290
7 320
7 341
7 415
7 433
7 447
7 449
7 461
7 500
7 502
7 505
8 63
8 66
8 162
8 219
8 249
8 250
8 271
8 384
8 396
8 405
8 435
8 515
9 20
9 31
9 41
9 180
9 264
9 308
9 385
9 390
9 410
9 511
10 6
10 13
10 36
10 80
10 128
10 257
10 313
10 339
10 358
10 408
10 451
10 467
10 481
11 11
11 26
11 52
11 64
11 67
11 76
11 107
11 127
11 136
11 139
11 142
11 151
11 173
11 177
11 235
11 259
11 282
11 291
11 297
11 317
11 325
11 329
11 351
11 366
11 372
11 388
11 403
11 420
11 437
11 443
11 459
11 464
11 482
11 501
11 514
11 520
12 2
12 7
12 32
12 40
12 45
12 58
12 60
12 61
12 75
12 87
12 90
12 101
12 108
12 111
12 137
12 143
12 156
12 164
12 171
12 181
12 191
12 202
12 206
12 214
12 225
12 234
12 238
12 247
12 248
12 254
12 284
12 288
12 293
12 314
12 318
12 323
12 331
12 340
12 369
12 406
12 426
12 434
12 486
12 494
12 521
12 535
13 5
13 15
13 27
13 70
13 81
13 120
13 152
13 155
13 157
13 182
13 200
13 232
13 265
13 304
13 307
13 316
13 344
13 367
13 368
13 383
13 399
13 404
13 407
13 419
13 429
13 455
13 509
13 525
14 37
14 47
14 56
14 65
14 84
14 102
14 110
14 126
14 129
14 131
14 132
14 189
14 205
14 222
14 240
14 292
14 298
14 338
14 347
14 375
14 414
14 421
14 423
14 453
14 504
14 507
14 522
15 14
15 59
15 116
15 170
15 172
15 184
15 197
15 278
15 350
15 395
15 401
15 452
15 460
15 476
15 533
16 0
16 28
16 29
16 35
16 51
16 53
16 68
16 77
16 117
16 147
16 148
16 175
16 233
16 236
16 255
16 279
16 311
16 345
16 370
16 438
16 446
16 448
16 465
16 484
16 498
16 510
16 512
16 524
17 23
17 38
17 104
17 121
17 138
17 212
17 227
17 286
17 301
17 359
17 360
17 379
17 432
17 474
17 485
17 519
17 526
18 85
18 119
18 123
18 188
18 209
18 224
18 251
18 352
18 392
18 475
18 496
