0 15
0 17
0 19
0 26
0 29
0 31
0 35
0 41
0 47
0 60
0 61
0 74
0 81
0 86
0 91
0 102
0 111
0 124
0 146
0 156
0 169
0 176
0 177
0 187
0 190
0 191
0 196
0 199
0 238
0 247
0 266
0 286
0 296
0 339
0 343
0 352
0 369
0 382
0 383
0 393
0 396
0 402
0 414
0 433
0 449
0 453
0 478
0 479
0 486
0 500
0 504
0 509
0 532
1 6
1 12
1 36
1 48
1 50
1 53
1 70
1 75
1 77
1 78
1 83
1 97
1 100
1 103
1 104
1 107
1 110
1 114
1 117
1 125
1 126
1 131
1 152
1 181
1 182
1 185
1 189
1 192
1 194
1 195
1 200
1 210
1 217
1 243
1 245
1 251
1 257
1 259
1 261
1 293
1 302
1 303
1 308
1 311
1 324
1 335
1 350
1 403
1 409
1 412
1 413
1 417
1 419
1 428
1 436
1 437
1 443
1 451
1 464
1 472
1 488
1 489
1 490
1 494
1 495
1 496
1 508
1 512
1 517
1 519
1 522
1 535
2 3
2 20
2 21
2 24
2 37
2 43
2 46
2 67
2 73
2 76
2 95
2 119
2 121
2 122
2 123
2 133
2 148
2 162
2 174
2 209
2 212
2 214
2 216
2 222
2 223
2 227
2 233
2 234
2 241
2 248
2 252
2 262
2 289
2 295
2 313
2 327
2 338
2 346
2 351
2 353
2 361
2 384
2 387
2 406
2 418
2 426
2 435
2 440
2 456
2 458
2 459
2 460
2 461
2 462
2 465
2 468
2 482
2 491
2 499
2 505
3 1
3 2
3 16
3 18
3 27
3 33
3 45
3 55
3 87
3 88
3 99
3 105
3 112
3 113
3 120
3 145
3 150
3 155
3 158
3 161
3 163
3 165
3 166
3 171
3 172
3 197
3 211
3 213
3 249
3 258
3 269
3 277
3 279
3 285
3 297
3 298
3 307
3 314
3 329
3 345
3 349
3 377
3 378
3 381
3 395
3 407
3 415
3 423
3 432
3 445
3 447
3 450
3 452
3 463
3 466
3 471
3 476
3 480
3 487
3 498
3 511
3 529
3 533
4 0
4 14
4 22
4 32
4 34
4 39
4 49
4 52
4 54
4 56
4 58
4 62
4 63
4 64
4 66
4 68
4 72
4 79
4 84
4 96
4 101
4 115
4 116
4 118
4 128
4 130
4 132
4 134
4 137
4 143
4 154
4 164
4 167
4 168
4 175
4 178
4 180
4 183
4 184
4 198
4 204
4 205
4 219
4 221
4 225
4 229
4 232
4 235
4 246
4 254
4 255
4 263
4 264
4 265
4 268
4 275
4 278
4 281
4 282
4 283
4 288
4 299
4 309
4 312
4 315
4 317
4 318
4 320
4 325
4 326
4 330
4 336
4 340
4 344
4 348
4 354
4 357
4 359
4 360
4 362
4 364
4 367
4 368
4 376
4 379
4 385
4 386
4 390
4 399
4 400
4 404
4 405
4 411
4 416
4 421
4 425
4 430
4 431
4 434
4 439
4 442
4 444
4 455
4 470
4 473
4 474
4 481
4 484
4 485
4 502
4 506
4 510
4 518
4 523
4 525
4 528
5 5
5 10
5 25
5 42
5 69
5 80
5 82
5 85
5 106
5 139
5 151
5 159
5 170
5 173
5 202
5 231
5 236
5 250
5 260
5 284
5 291
5 292
5 301
5 304
5 305
5 310
5 328
5 332
5 337
5 341
5 375
5 380
5 410
5 429
5 492
5 514
5 520
5 524
6 9
6 23
6 28
6 30
6 38
6 40
6 44
6 51
6 65
6 71
6 90
6 92
6 98
6 108
6 127
6 138
6 142
6 144
6 147
6 157
6 179
6 188
6 207
6 208
6 215
6 224
6 230
6 240
6 242
6 267
6 272
6 290
6 294
6 300
6 321
6 323
6 347
6 358
6 366
6 370
6 371
6 372
6 373
6 388
6 389
6 391
6 392
6 408
6 422
6 438
6 446
6 448
6 457
6 467
6 477
6 493
6 497
6 501
6 507
6 515
6 516
6 526
6 530
