0 6
0 16
0 47
0 73
0 105
0 110
0 169
0 221
0 305
0 323
0 389
0 412
0 418
0 436
0 459
0 477
1 12
1 40
1 82
1 99
1 104
1 123
1 176
1 207
1 211
1 217
1 251
1 265
1 266
1 277
1 286
1 299
1 300
1 309
1 320
1 340
1 347
1 371
1 500
1 533
2 15
2 25
2 69
2 103
2 124
2 130
2 136
2 187
2 192
2 198
2 204
2 209
2 210
2 212
2 219
2 225
2 269
2 278
2 283
2 297
2 328
2 345
2 363
2 386
2 393
2 394
2 405
2 410
2 411
2 416
2 419
2 449
2 491
2 497
3 56
3 230
3 272
3 337
3 492
3 516
4 1
4 14
4 66
4 170
4 177
4 183
4 184
4 234
4 248
4 252
4 282
4 312
4 359
4 382
4 414
4 415
4 434
4 439
4 463
4 471
4 474
4 511
4 514
5 0
5 7
5 20
5 23
5 39
5 44
5 71
5 72
5 115
5 116
5 138
5 163
5 200
5 202
5 241
5 243
5 245
5 246
5 261
5 263
5 275
5 294
5 307
5 343
5 395
5 426
5 442
5 452
5 456
5 484
5 501
5 508
5 509
6 37
6 61
6 75
6 90
6 152
6 164
6 236
6 293
6 358
6 375
6 390
6 428
6 438
6 461
6 485
6 517
6 528
7 28
7 48
7 78
7 81
7 88
7 100
7 133
7 134
7 143
7 154
7 205
7 235
7 291
7 321
7 329
7 383
7 402
7 404
7 406
7 407
7 409
7 413
7 446
7 465
7 472
7 510
7 532
7 534
8 8
8 87
8 162
8 191
8 260
8 292
8 376
8 392
8 467
8 478
8 499
9 42
9 46
9 53
9 54
9 62
9 85
9 121
9 125
9 128
9 139
9 166
9 178
9 199
9 213
9 304
9 308
9 330
9 344
9 352
9 354
9 357
9 360
9 388
9 391
9 403
9 443
9 458
9 475
9 487
9 489
9 518
9 520
9 524
9 525
9 529
10 58
10 67
10 97
10 135
10 171
10 229
10 238
10 288
10 310
10 341
10 387
10 450
10 490
10 496
10 498
10 512
11 2
11 45
11 80
11 92
11 101
11 146
11 147
11 173
11 196
11 208
11 223
11 250
11 253
11 257
11 302
11 327
11 348
11 366
12 13
12 19
12 27
12 38
12 142
12 155
12 214
12 240
12 267
12 351
12 422
12 440
13 3
13 10
13 30
13 43
13 63
13 68
13 83
13 107
13 111
13 112
13 144
13 189
13 222
13 231
13 255
13 279
13 301
13 335
13 338
13 380
13 448
13 468
13 504
14 74
14 98
14 175
14 268
14 281
14 290
14 295
14 313
14 324
14 326
14 400
14 429
14 432
14 455
14 482
15 9
15 17
15 24
15 32
15 52
15 65
15 77
15 119
15 137
15 148
15 188
15 194
15 227
15 284
15 289
15 315
15 336
15 364
15 367
15 444
15 470
15 494
15 495
15 503
15 506
15 515
15 530
15 535
16 5
16 18
16 51
16 76
16 84
16 96
16 132
16 157
16 159
16 161
16 165
16 190
16 264
16 296
16 298
16 303
16 316
16 361
16 369
16 370
16 374
16 396
16 401
16 435
16 502
16 521
16 523
16 526
17 86
17 108
17 118
17 126
17 185
17 195
17 216
17 224
17 232
17 262
17 332
17 346
17 353
17 372
17 397
17 420
17 457
17 519
18 21
18 22
18 29
18 31
18 41
18 50
18 60
18 70
18 95
18 102
18 127
18 131
18 145
18 151
18 156
18 158
18 180
18 182
18 197
18 206
18 233
18 249
18 318
18 325
18 350
18 362
18 368
18 423
18 430
18 431
18 447
18 466
18 479
18 481
18 488
18 505
18 522
19 36
19 64
19 114
19 117
19 174
19 179
19 181
19 203
19 247
19 276
19 287
19 317
19 349
19 379
19 384
19 385
19 399
19 451
19 462
19 469
19 480
19 486
19 507
