0 2
0 9
0 11
0 27
0 36
0 52
0 85
0 98
0 111
0 132
0 162
0 176
0 225
0 233
0 247
0 264
0 269
0 277
0 331
0 334
0 340
0 403
0 415
0 420
0 421
0 445
0 477
0 490
0 502
0 525
1 0
1 5
1 45
1 72
1 95
1 104
1 114
1 119
1 125
1 135
1 138
1 142
1 147
1 152
1 155
1 198
1 205
1 206
1 216
1 272
1 293
1 295
1 328
1 338
1 359
1 372
1 376
1 400
1 401
1 448
1 481
1 495
1 534
2 8
2 37
2 236
2 268
2 275
2 288
2 388
2 392
2 423
2 479
2 518
3 17
3 157
3 199
3 240
3 260
3 327
3 362
3 373
3 380
3 383
3 390
3 429
3 446
3 465
3 499
3 500
4 15
4 44
4 62
4 86
4 92
4 97
4 139
4 143
4 144
4 146
4 179
4 194
4 209
4 215
4 284
4 330
4 335
4 393
4 408
4 410
4 414
4 418
4 432
4 437
4 501
4 506
4 507
5 19
5 40
5 137
5 230
5 345
5 530
6 3
6 12
6 14
6 26
6 38
6 67
6 82
6 101
6 106
6 110
6 130
6 150
6 164
6 180
6 183
6 189
6 257
6 289
6 304
6 313
6 326
6 329
6 367
6 375
6 384
6 426
6 449
6 515
6 528
7 61
7 77
7 100
7 173
7 192
7 210
7 223
7 242
7 252
7 312
7 347
7 352
7 371
7 386
7 387
7 474
7 505
8 18
8 49
8 68
8 107
8 148
8 149
8 197
8 212
8 311
8 378
8 413
8 416
8 447
8 455
8 460
8 464
8 521
9 516
10 71
10 81
10 87
10 108
10 121
10 154
10 159
10 174
10 208
10 214
10 224
10 292
10 301
10 310
10 336
10 346
10 348
10 366
10 379
10 395
10 428
10 442
10 451
10 463
10 472
10 487
10 491
10 504
10 511
10 524
11 21
11 31
11 35
11 39
11 50
11 60
11 91
11 103
11 112
11 115
11 116
11 118
11 133
11 158
11 161
11 171
11 182
11 190
11 196
11 200
11 204
11 241
11 263
11 281
11 318
11 344
11 377
11 385
11 406
11 407
11 419
11 425
11 444
11 457
11 458
11 494
11 497
11 503
11 520
11 522
11 529
12 25
12 30
12 41
12 48
12 69
12 76
12 83
12 90
12 126
12 166
12 185
12 222
12 250
12 317
12 353
12 361
12 368
12 402
12 412
12 433
12 450
12 482
12 493
12 512
13 7
13 23
13 46
13 65
13 128
13 169
13 178
13 181
13 246
13 259
13 278
13 307
13 382
13 461
13 462
14 20
14 22
14 29
14 34
14 43
14 53
14 66
14 124
14 136
14 191
14 213
14 227
14 245
14 249
14 258
14 276
14 296
14 299
14 314
14 322
14 357
14 369
14 396
14 439
14 456
14 496
14 510
15 16
15 51
15 54
15 70
15 78
15 122
15 134
15 175
15 217
15 221
15 234
15 243
15 266
15 290
15 300
15 309
15 316
15 320
15 343
15 351
15 358
15 404
15 431
15 435
15 438
15 453
15 478
15 484
15 489
15 514
16 6
16 13
16 32
16 33
16 75
16 84
16 88
16 105
16 120
16 123
16 151
16 156
16 163
16 165
16 167
16 188
16 235
16 238
16 254
16 255
16 261
16 265
16 267
16 298
16 303
16 321
16 339
16 350
16 354
16 360
16 389
16 391
16 422
16 430
16 443
16 466
16 469
16 485
16 509
16 519
16 532
17 96
17 113
17 117
17 131
17 145
17 170
17 187
17 207
17 211
17 218
17 283
17 286
17 297
17 315
17 324
17 349
17 399
17 411
17 440
17 452
17 471
17 486
17 523
17 533
17 535
18 28
18 47
18 56
18 58
18 64
18 74
18 102
18 127
18 168
18 172
18 177
18 184
18 219
18 229
18 248
18 282
18 291
18 294
18 323
18 325
18 370
18 409
18 475
18 488
18 498
18 508
18 517
18 526
19 42
19 73
19 80
19 202
19 232
19 253
19 271
19 302
19 305
19 332
19 337
19 341
19 364
19 405
19 417
19 467
19 468
19 480
19 492
