0 1
0 40
0 65
0 115
0 119
0 128
0 129
0 145
0 151
0 165
0 225
0 258
0 330
0 353
0 378
0 415
0 440
0 447
0 459
0 470
0 481
0 518
0 532
1 12
1 16
1 22
1 36
1 38
1 52
1 58
1 97
1 110
1 157
1 172
1 238
1 299
1 302
1 314
1 317
1 321
1 331
1 350
1 364
1 399
1 407
1 432
1 475
1 501
1 502
2 14
2 27
2 28
2 56
2 61
2 68
2 71
2 74
2 143
2 149
2 173
2 180
2 197
2 202
2 227
2 243
2 254
2 276
2 335
2 375
2 377
2 430
2 438
2 453
2 482
2 490
2 492
2 520
2 534
3 9
3 21
3 46
3 47
3 50
3 70
3 72
3 95
3 106
3 133
3 154
3 191
3 196
3 206
3 232
3 248
3 271
3 294
3 313
3 318
3 320
3 352
3 379
3 380
3 392
3 403
3 418
3 437
3 446
3 468
3 489
3 524
3 530
4 7
4 13
4 20
4 60
4 78
4 82
4 83
4 85
4 86
4 96
4 123
4 127
4 134
4 136
4 142
4 158
4 161
4 184
4 185
4 188
4 190
4 200
4 215
4 218
4 223
4 236
4 240
4 252
4 278
4 287
4 300
4 304
4 324
4 360
4 372
4 384
4 388
4 409
4 413
4 423
4 425
4 426
4 439
4 444
4 449
4 456
4 472
4 473
4 474
4 491
4 515
4 521
4 525
5 2
5 6
5 11
5 18
5 33
5 35
5 43
5 45
5 49
5 54
5 81
5 84
5 88
5 90
5 112
5 131
5 144
5 155
5 176
5 229
5 230
5 241
5 257
5 326
5 383
5 406
5 422
5 428
5 429
5 434
5 443
5 466
5 476
5 509
6 5
6 44
6 51
6 53
6 62
6 76
6 98
6 100
6 103
6 107
6 111
6 124
6 126
6 130
6 138
6 139
6 194
6 199
6 207
6 216
6 219
6 231
6 249
6 265
6 281
6 288
6 291
6 295
6 297
6 307
6 311
6 322
6 334
6 339
6 347
6 349
6 358
6 359
6 397
6 412
6 416
6 461
6 505
6 506
6 517
6 535
7 3
7 8
7 19
7 42
7 48
7 64
7 114
7 137
7 156
7 162
7 175
7 187
7 198
7 204
7 209
7 210
7 246
7 255
7 260
7 261
7 266
7 277
7 325
7 329
7 332
7 357
7 385
7 386
7 393
7 400
7 402
7 405
7 408
7 455
7 464
7 477
7 478
7 484
7 496
7 503
7 514
7 529
8 24
8 31
8 34
8 63
8 77
8 99
8 118
8 163
8 221
8 233
8 235
8 242
8 247
8 293
8 305
8 308
8 309
8 344
8 355
8 361
8 362
8 363
8 369
8 370
8 371
8 401
8 411
8 445
8 462
8 471
8 485
8 494
8 497
8 533
9 17
9 73
9 101
9 121
9 147
9 150
9 166
9 169
9 181
9 213
9 251
9 337
9 366
9 376
9 394
9 396
9 504
10 37
10 116
10 148
10 174
10 268
10 270
10 272
10 289
10 328
10 338
10 345
10 395
10 410
10 414
10 458
10 516
11 0
11 23
11 29
11 39
11 59
11 69
11 92
11 104
11 105
11 120
11 152
11 159
11 164
11 170
11 178
11 217
11 267
11 275
11 286
11 290
11 292
11 303
11 312
11 340
11 348
11 354
11 368
11 374
11 381
11 404
11 419
11 435
11 448
11 451
11 469
11 486
11 488
11 495
11 499
11 500
11 507
11 510
11 511
11 512
11 519
11 522
11 528
12 10
12 26
12 30
12 32
12 55
12 67
12 87
12 102
12 182
12 192
12 195
12 222
12 245
12 262
12 264
12 315
12 323
12 341
12 343
12 367
12 373
12 382
12 390
12 391
12 417
12 431
12 442
12 465
12 467
12 480
12 498
12 526
13 25
13 80
13 108
13 117
13 125
13 132
13 135
13 177
13 179
13 189
13 205
13 214
13 234
13 250
13 263
13 269
13 279
13 296
13 298
13 310
13 327
13 336
13 346
13 351
13 433
13 457
13 463
13 487
