0 20
0 22
0 133
0 235
0 246
0 270
0 271
0 288
0 298
0 320
0 341
0 396
0 417
0 433
0 507
1 29
1 45
1 53
1 58
1 108
1 112
1 115
1 128
1 154
1 184
1 247
1 254
1 362
1 368
1 400
1 443
1 521
1 523
2 57
2 69
2 87
2 103
2 104
2 132
2 179
2 180
2 194
2 196
2 199
2 206
2 208
2 236
2 257
2 263
2 289
2 315
2 323
2 337
2 351
2 373
2 416
2 426
2 456
2 462
2 474
2 488
2 492
3 8
3 27
3 42
3 75
3 117
3 119
3 166
3 175
3 318
3 348
3 457
3 501
4 55
4 56
4 101
4 149
4 155
4 157
4 177
4 210
4 227
4 245
4 266
4 279
4 281
4 303
4 308
4 325
4 354
4 423
4 449
4 461
4 473
4 476
4 484
4 510
4 534
4 535
5 30
5 37
5 38
5 48
5 64
5 116
5 120
5 250
5 272
5 275
5 287
5 301
5 321
5 375
5 386
5 389
5 391
5 399
5 432
5 468
5 494
5 505
5 515
5 520
6 7
6 24
6 26
6 71
6 110
6 134
6 137
6 212
6 223
6 234
6 238
6 253
6 327
6 329
6 340
6 383
6 418
6 419
6 458
6 469
6 530
7 32
7 36
7 60
7 67
7 74
7 80
7 82
7 122
7 127
7 152
7 187
7 213
7 231
7 240
7 277
7 291
7 294
7 313
7 357
7 358
7 360
7 376
7 388
7 414
7 442
7 447
7 448
7 500
7 503
7 504
7 526
8 2
8 25
8 46
8 49
8 59
8 68
8 90
8 99
8 111
8 136
8 139
8 158
8 169
8 178
8 189
8 190
8 205
8 261
8 269
8 296
8 304
8 317
8 328
8 349
8 352
8 363
8 381
8 411
8 413
8 422
8 445
8 471
8 481
8 489
8 490
8 514
8 529
9 13
9 97
9 129
9 135
9 143
9 156
9 172
9 176
9 198
9 233
9 239
9 241
9 284
9 286
9 290
9 300
9 367
9 387
9 406
9 410
9 412
9 434
9 459
9 460
9 470
9 506
9 533
10 18
10 35
10 39
10 72
10 126
10 146
10 163
10 188
10 204
10 216
10 222
10 260
10 297
10 374
10 382
10 430
10 479
10 525
11 40
11 54
11 98
11 118
11 147
11 192
11 207
11 224
11 322
11 364
11 463
11 498
11 516
11 517
12 12
12 17
12 28
12 51
12 63
12 70
12 77
12 92
12 102
12 121
12 142
12 144
12 174
12 195
12 215
12 242
12 251
12 262
12 276
12 278
12 283
12 292
12 307
12 332
12 392
12 395
12 397
12 401
12 436
12 439
12 440
12 466
12 475
12 491
12 497
13 3
13 16
13 19
13 21
13 84
13 148
13 150
13 181
13 185
13 268
13 309
13 324
13 369
13 384
13 403
13 478
13 502
13 511
14 0
14 6
14 31
14 44
14 76
14 124
14 125
14 130
14 159
14 162
14 170
14 173
14 197
14 221
14 232
14 255
14 264
14 299
14 338
14 339
14 377
14 420
14 429
14 435
14 464
14 485
14 487
15 5
15 11
15 86
15 105
15 211
15 218
15 219
15 249
15 258
15 334
15 336
15 344
15 353
15 359
15 379
15 390
15 428
15 444
15 452
15 480
15 483
15 486
15 495
15 512
15 528
16 62
16 73
16 91
16 95
16 96
16 107
16 113
16 131
16 145
16 151
16 168
16 209
16 217
16 230
16 243
16 252
16 267
16 293
16 316
16 330
16 345
16 346
16 361
16 425
16 453
16 477
16 532
17 9
17 47
17 52
17 83
17 100
17 123
17 182
17 200
17 311
17 380
17 394
17 402
17 404
17 405
17 408
17 437
17 455
17 465
17 472
17 482
17 496
18 23
18 33
18 61
18 78
18 85
18 88
18 138
18 214
18 229
18 248
18 265
18 310
18 312
18 331
18 372
18 378
18 409
18 438
18 446
18 467
18 519
