0 30
0 92
0 139
0 156
0 189
0 205
0 212
0 255
0 292
0 313
0 317
0 327
0 329
0 339
0 357
0 363
0 387
0 407
0 486
0 495
0 508
0 510
0 521
0 532
1 40
1 53
1 69
1 72
1 116
1 121
1 142
1 162
1 178
1 180
1 238
1 251
1 278
1 309
1 311
1 490
2 14
2 39
2 133
2 146
2 159
2 182
2 199
2 209
2 210
2 247
2 259
2 275
2 297
2 338
2 345
2 367
2 393
2 394
2 484
2 485
3 80
3 90
3 277
3 302
3 456
3 467
3 499
4 1
4 12
4 26
4 68
4 85
4 96
4 118
4 125
4 134
4 138
4 157
4 160
4 184
4 197
4 215
4 242
4 245
4 252
4 320
4 371
4 388
4 391
4 417
4 435
4 449
4 452
4 466
4 488
4 493
4 512
4 526
4 529
5 5
5 42
5 51
5 54
5 61
5 78
5 104
5 122
5 127
5 136
5 149
5 229
5 286
5 288
5 350
5 354
5 360
5 386
5 404
5 409
5 415
5 453
5 469
5 471
5 477
5 494
5 501
5 506
5 511
5 530
5 535
6 0
6 21
6 36
6 58
6 76
6 120
6 148
6 165
6 176
6 190
6 195
6 213
6 219
6 265
6 296
6 298
6 299
6 316
6 349
6 370
6 401
6 431
6 450
6 463
6 502
6 518
6 528
7 7
7 24
7 38
7 64
7 83
7 154
7 181
7 214
7 223
7 232
7 264
7 295
7 372
7 390
7 399
7 423
7 438
7 517
8 6
8 15
8 31
8 50
8 65
8 67
8 77
8 99
8 102
8 103
8 124
8 174
8 188
8 227
8 294
8 362
8 405
8 437
8 439
8 482
8 496
9 375
9 516
10 16
10 17
10 22
10 25
10 28
10 46
10 60
10 71
10 75
10 84
10 95
10 97
10 100
10 111
10 114
10 126
10 137
10 158
10 169
10 185
10 192
10 200
10 221
10 236
10 243
10 270
10 271
10 276
10 289
10 310
10 312
10 326
10 332
10 351
10 384
10 403
10 410
10 430
10 432
10 436
10 478
10 479
10 500
10 507
10 520
11 2
11 13
11 19
11 27
11 44
11 47
11 62
11 108
11 164
11 208
11 224
11 234
11 260
11 290
11 305
11 324
11 353
11 366
11 382
11 400
11 412
11 422
11 440
11 503
11 504
12 3
12 10
12 59
12 112
12 113
12 130
12 155
12 170
12 179
12 207
12 216
12 240
12 254
12 272
12 283
12 300
12 336
12 385
12 389
12 392
12 397
12 414
12 418
12 434
12 448
12 451
12 462
12 492
12 498
12 534
13 56
13 98
13 144
13 161
13 166
13 175
13 194
13 231
13 253
13 262
13 318
13 347
13 376
13 380
13 396
13 443
14 37
14 41
14 48
14 49
14 63
14 74
14 88
14 117
14 143
14 151
14 152
14 191
14 204
14 281
14 291
14 293
14 301
14 321
14 323
14 337
14 343
14 355
14 359
14 383
14 402
14 411
14 413
14 455
14 457
14 465
14 472
14 487
14 509
15 32
15 35
15 110
15 128
15 129
15 145
15 206
15 217
15 235
15 241
15 246
15 263
15 266
15 315
15 325
15 330
15 340
15 368
15 379
15 420
15 461
15 525
16 20
16 23
16 70
16 105
16 131
16 132
16 150
16 163
16 171
16 198
16 202
16 203
16 211
16 233
16 249
16 261
16 269
16 279
16 287
16 304
16 308
16 328
16 335
16 344
16 346
16 352
16 369
16 373
16 374
16 406
16 419
16 426
16 444
16 489
16 497
16 522
16 524
17 8
17 9
17 45
17 87
17 119
17 123
17 135
17 147
17 173
17 196
17 250
17 257
17 268
17 341
17 358
17 428
17 429
17 446
17 470
17 475
17 480
18 43
18 73
18 81
18 86
18 101
18 230
18 348
18 364
18 395
18 416
18 468
18 491
