0 18
0 33
0 36
0 49
0 69
0 83
0 111
0 133
0 136
0 149
0 151
0 155
0 161
0 174
0 179
0 192
0 216
0 229
0 234
0 240
0 247
0 254
0 279
0 289
0 294
0 297
0 300
0 302
0 316
0 330
0 343
0 353
0 382
0 403
0 412
0 419
0 420
0 430
0 440
0 450
0 465
0 469
0 528
0 534
0 535
1 124
1 166
1 175
1 176
1 309
1 352
1 375
1 377
1 423
1 462
1 498
2 3
2 25
2 27
2 31
2 72
2 96
2 104
2 142
2 144
2 145
2 147
2 169
2 245
2 264
2 345
2 346
2 368
2 399
2 404
2 443
2 455
2 472
2 476
2 494
2 495
2 497
2 504
2 508
2 515
2 521
2 523
3 14
3 26
3 30
3 37
3 38
3 39
3 45
3 56
3 58
3 59
3 60
3 68
3 82
3 85
3 92
3 114
3 118
3 152
3 171
3 177
3 184
3 187
3 203
3 215
3 223
3 249
3 255
3 263
3 299
3 303
3 332
3 336
3 338
3 341
3 348
3 363
3 383
3 390
3 396
3 401
3 402
3 409
3 411
3 422
3 432
3 437
3 451
3 456
3 488
3 500
3 510
4 67
4 70
4 71
4 159
4 209
4 212
4 214
4 227
4 235
4 242
4 252
4 308
4 313
4 314
4 359
4 361
4 379
4 394
4 395
4 408
4 416
4 426
4 448
4 457
4 467
4 478
4 492
4 493
4 533
5 5
5 12
5 21
5 80
5 87
5 98
5 102
5 116
5 121
5 129
5 170
5 178
5 182
5 185
5 194
5 196
5 236
5 259
5 266
5 277
5 305
5 311
5 329
5 340
5 392
5 393
5 405
5 436
5 449
5 477
5 482
5 491
5 503
5 511
5 526
6 1
6 4
6 9
6 15
6 113
6 122
6 130
6 132
6 213
6 225
6 231
6 276
6 321
6 357
6 360
6 388
6 400
6 442
6 525
7 7
7 8
7 42
7 54
7 100
7 131
7 138
7 150
7 158
7 258
7 261
7 325
7 331
7 373
7 374
7 406
7 413
7 414
7 470
7 475
7 506
7 509
8 20
8 50
8 61
8 75
8 90
8 173
8 195
8 198
8 202
8 205
8 271
8 298
8 337
8 347
8 354
8 380
8 481
8 512
8 524
9 0
9 2
9 22
9 43
9 48
9 53
9 64
9 74
9 84
9 107
9 108
9 134
9 137
9 163
9 172
9 181
9 188
9 200
9 207
9 219
9 248
9 253
9 257
9 262
9 265
9 269
9 290
9 296
9 304
9 315
9 317
9 349
9 351
9 358
9 362
9 372
9 386
9 407
9 410
9 417
9 428
9 458
9 484
9 490
9 514
9 519
9 520
9 532
10 17
10 44
10 46
10 105
10 117
10 127
10 146
10 154
10 189
10 191
10 208
10 210
10 217
10 281
10 283
10 291
10 293
10 301
10 310
10 312
10 328
10 366
10 367
10 376
10 397
10 415
10 418
10 431
10 435
10 468
10 486
10 501
11 516
12 32
12 34
12 35
12 47
12 63
12 65
12 66
12 81
12 99
12 103
12 112
12 115
12 128
12 180
12 197
12 206
12 211
12 241
12 243
12 287
12 292
12 307
12 322
12 323
12 326
12 355
12 371
12 384
12 391
12 425
12 429
12 434
12 439
12 464
12 466
12 471
12 474
12 479
12 496
12 502
12 505
12 518
12 529
13 16
13 19
13 51
13 86
13 88
13 106
13 110
13 148
13 156
13 162
13 204
13 218
13 224
13 230
13 233
13 250
13 268
13 320
13 387
13 389
13 446
13 485
13 499
13 507
14 11
14 24
14 41
14 52
14 62
14 73
14 95
14 101
14 119
14 120
14 125
14 165
14 190
14 284
14 286
14 288
14 295
14 334
14 335
14 339
14 344
14 350
14 369
14 378
14 385
14 438
14 473
15 10
15 13
15 23
15 28
15 76
15 77
15 78
15 123
15 126
15 135
15 139
15 143
15 157
15 199
15 221
15 232
15 238
15 246
15 260
15 272
15 278
15 318
15 324
15 327
15 364
15 370
15 433
15 452
15 461
15 463
15 480
15 489
15 517
15 522
16 6
16 40
16 97
16 164
16 222
16 275
16 444
16 445
16 453
16 487
16 530
