0 0
0 3
0 9
0 49
0 65
0 79
0 117
0 124
0 125
0 132
0 134
0 146
0 164
0 190
0 191
0 193
0 196
1 10
1 11
1 32
1 41
1 72
1 73
1 96
1 111
1 114
1 137
1 141
1 145
1 150
1 151
1 156
1 157
1 160
1 163
1 166
1 194
1 197
2 1
2 4
2 7
2 18
2 47
2 53
2 55
2 66
2 70
2 75
2 78
2 97
2 102
2 121
2 130
2 138
2 152
2 159
2 173
2 174
2 177
2 188
2 195
3 2
3 8
3 24
3 26
3 45
3 51
3 83
3 85
3 94
3 99
3 103
3 112
3 120
3 127
3 128
3 136
3 142
3 161
3 170
3 176
3 184
3 199
4 12
4 13
4 15
4 22
4 62
4 64
4 71
4 81
4 84
4 109
4 113
4 119
4 122
4 140
4 154
4 186
5 5
5 16
5 42
5 56
5 77
5 80
5 91
5 93
5 95
5 104
5 105
5 126
5 133
5 168
5 192
5 198
6 17
6 20
6 21
6 25
6 27
6 31
6 34
6 35
6 39
6 40
6 43
6 46
6 58
6 59
6 74
6 86
6 89
6 92
6 100
6 108
6 115
6 116
6 129
6 135
6 148
6 153
6 155
6 158
6 172
6 175
6 180
6 183
6 187
7 37
7 60
7 61
7 63
7 67
7 69
7 82
7 87
7 98
7 107
7 123
7 139
7 167
7 169
8 6
8 14
8 28
8 33
8 36
8 44
8 48
8 52
8 57
8 68
8 90
8 101
8 106
8 110
8 143
8 144
8 179
8 185
8 189
9 19
9 23
9 29
9 30
9 38
9 50
9 54
9 76
9 88
9 118
9 131
9 147
9 149
9 162
9 165
9 171
9 178
9 181
9 182
