0 5
0 10
0 16
0 56
0 77
0 95
0 105
0 133
0 141
0 151
0 160
0 163
1 8
1 23
1 24
1 26
1 51
1 83
1 85
1 86
1 99
1 103
1 120
1 127
1 128
1 136
1 161
1 170
1 176
1 184
1 199
2 17
2 22
2 31
2 34
2 39
2 43
2 62
2 64
2 81
2 92
2 140
2 155
3 37
3 60
3 61
3 63
3 67
3 69
3 82
3 87
3 93
3 98
3 107
3 109
3 122
3 123
3 167
3 169
3 198
4 20
4 21
4 25
4 27
4 35
4 40
4 46
4 58
4 59
4 74
4 89
4 100
4 108
4 115
4 116
4 129
4 135
4 148
4 153
4 158
4 172
4 175
4 180
4 183
4 187
5 12
5 13
5 15
5 38
5 50
5 54
5 71
5 76
5 80
5 84
5 88
5 113
5 118
5 119
5 126
5 131
5 147
5 149
5 150
5 154
5 165
5 168
5 178
5 181
5 192
6 0
6 3
6 9
6 49
6 65
6 79
6 117
6 124
6 125
6 132
6 134
6 139
6 146
6 164
6 186
6 190
6 191
6 193
6 196
7 11
7 32
7 41
7 72
7 73
7 96
7 111
7 114
7 137
7 142
7 145
7 156
7 157
7 166
7 194
7 197
8 2
8 19
8 29
8 30
8 42
8 45
8 91
8 94
8 104
8 112
8 162
8 171
8 182
9 1
9 4
9 7
9 18
9 47
9 53
9 55
9 66
9 70
9 75
9 78
9 97
9 102
9 121
9 130
9 138
9 152
9 159
9 173
9 174
9 177
9 188
9 195
10 6
10 14
10 28
10 33
10 36
10 44
10 48
10 52
10 57
10 68
10 90
10 101
10 106
10 110
10 143
10 144
10 179
10 185
10 189
