0 13
0 15
0 29
0 38
0 50
0 54
0 76
0 84
0 88
0 118
0 119
0 131
0 149
0 150
0 154
0 165
0 178
0 181
1 1
1 4
1 7
1 18
1 47
1 53
1 75
1 78
1 97
1 102
1 130
1 138
1 152
1 159
1 174
1 177
1 188
2 16
2 61
2 63
2 69
2 87
2 107
2 123
2 124
2 132
2 133
2 167
2 169
3 2
3 19
3 30
3 42
3 45
3 83
3 94
3 112
3 136
3 142
3 161
3 162
3 171
3 182
3 184
3 199
4 8
4 23
4 24
4 26
4 51
4 85
4 86
4 96
4 99
4 103
4 114
4 120
4 127
4 128
4 166
4 170
4 176
5 5
5 60
5 67
5 80
5 82
5 91
5 93
5 98
5 104
5 126
5 147
5 168
5 192
5 198
6 28
6 33
6 36
6 44
6 48
6 52
6 57
6 101
6 106
6 110
6 143
6 144
6 179
6 185
6 189
7 6
7 14
7 35
7 58
7 68
7 73
7 90
7 100
7 116
7 129
7 137
7 148
7 175
7 197
8 10
8 11
8 32
8 41
8 56
8 72
8 77
8 95
8 105
8 111
8 141
8 145
8 151
8 156
8 157
8 160
8 163
8 194
9 0
9 9
9 55
9 65
9 66
9 70
9 79
9 117
9 125
9 146
9 164
9 173
9 190
9 191
9 195
10 17
10 22
10 31
10 34
10 39
10 43
10 62
10 64
10 81
10 92
10 115
10 121
10 140
10 155
11 12
11 37
11 49
11 71
11 109
11 113
11 122
11 134
11 186
12 3
12 139
12 193
12 196
13 20
13 21
13 25
13 27
13 40
13 46
13 59
13 74
13 89
13 108
13 135
13 153
13 158
13 172
13 180
13 183
13 187
