0 21
0 25
0 27
0 40
0 46
0 59
0 74
0 89
0 108
0 135
0 153
0 158
0 180
0 187
1 0
1 3
1 9
1 55
1 65
1 70
1 79
1 117
1 124
1 125
1 132
1 146
1 164
1 190
1 191
1 193
1 195
1 196
2 2
2 19
2 30
2 42
2 45
2 83
2 94
2 112
2 162
2 171
2 182
2 199
3 13
3 17
3 22
3 31
3 34
3 39
3 43
3 62
3 64
3 81
3 92
3 121
3 140
3 154
3 155
4 12
4 15
4 29
4 38
4 50
4 54
4 76
4 84
4 88
4 118
4 119
4 126
4 131
4 147
4 149
4 165
4 168
4 178
4 181
4 192
5 6
5 10
5 11
5 14
5 41
5 68
5 90
5 111
5 137
5 151
5 160
6 16
6 133
7 5
7 56
7 77
7 80
7 91
7 93
7 95
7 104
7 105
7 198
8 8
8 23
8 24
8 26
8 51
8 85
8 86
8 99
8 103
8 120
8 127
8 128
8 136
8 161
8 170
8 176
8 184
9 60
9 61
9 63
9 67
9 69
9 82
9 87
9 98
9 107
9 123
9 139
9 167
9 169
10 20
10 35
10 58
10 73
10 100
10 115
10 116
10 129
10 148
10 172
10 175
10 183
11 37
11 49
11 71
11 109
11 113
11 122
11 134
11 186
12 1
12 4
12 7
12 18
12 47
12 53
12 66
12 75
12 78
12 97
12 102
12 130
12 138
12 152
12 159
12 173
12 174
12 177
12 188
13 28
13 33
13 36
13 44
13 48
13 52
13 57
13 101
13 106
13 110
13 143
13 144
13 179
13 185
13 189
14 32
14 72
14 96
14 114
14 141
14 142
14 145
14 150
14 156
14 157
14 163
14 166
14 194
14 197
