0 1
0 55
0 65
0 66
0 70
0 78
0 117
0 125
0 146
0 173
0 190
0 191
0 195
1 6
1 14
1 35
1 58
1 68
1 90
1 100
1 116
1 129
1 148
1 175
2 19
2 23
2 29
2 30
2 38
2 50
2 76
2 84
2 88
2 131
2 136
2 149
2 162
2 171
2 178
2 182
3 60
3 61
3 67
3 69
3 82
3 87
3 93
3 98
3 107
3 167
3 198
4 0
4 3
4 9
4 79
4 124
4 132
4 164
4 196
5 8
5 24
5 26
5 51
5 85
5 86
5 99
5 103
5 127
5 128
5 170
5 176
6 4
6 17
6 18
6 39
6 53
6 97
6 121
6 130
6 138
6 174
6 177
6 188
7 11
7 32
7 72
7 73
7 96
7 114
7 137
7 142
7 145
7 156
7 157
7 166
7 194
7 197
8 5
8 10
8 56
8 77
8 95
8 105
8 111
8 141
8 151
8 160
8 163
9 37
9 49
9 71
9 109
9 113
9 122
9 134
9 139
9 186
9 193
10 16
10 42
10 91
10 104
10 133
11 28
11 33
11 36
11 41
11 44
11 52
11 57
11 143
11 179
11 189
12 13
12 22
12 31
12 34
12 43
12 62
12 64
12 81
12 92
12 140
12 154
12 155
13 20
13 21
13 25
13 27
13 40
13 46
13 59
13 74
13 89
13 108
13 115
13 135
13 153
13 158
13 172
13 180
13 183
13 187
14 12
14 15
14 54
14 63
14 80
14 118
14 119
14 123
14 126
14 147
14 150
14 165
14 168
14 169
14 181
14 192
15 7
15 47
15 48
15 75
15 101
15 102
15 106
15 110
15 144
15 152
15 159
15 185
16 2
16 45
16 83
16 94
16 112
16 120
16 161
16 184
16 199
