0 2
0 19
0 45
0 83
0 94
0 112
0 120
0 142
0 161
0 184
0 199
1 16
1 61
1 63
1 69
1 87
1 107
1 123
1 124
1 132
1 133
1 167
1 169
2 6
2 14
2 28
2 36
2 44
2 52
2 68
2 90
2 143
2 179
2 189
3 12
3 13
3 15
3 71
3 84
3 113
3 118
3 119
3 150
3 154
3 165
3 178
3 181
3 186
4 49
4 82
4 109
4 122
4 134
4 139
4 193
4 196
5 1
5 7
5 47
5 53
5 66
5 75
5 78
5 97
5 102
5 130
5 152
5 159
5 173
5 174
5 177
5 188
6 20
6 35
6 58
6 72
6 73
6 96
6 100
6 114
6 166
6 172
6 175
6 183
6 197
7 5
7 42
7 91
7 93
7 198
8 37
8 54
8 60
8 67
8 80
8 98
8 104
8 126
8 147
8 168
8 192
9 0
9 3
9 9
9 55
9 65
9 70
9 79
9 117
9 125
9 146
9 164
9 190
9 191
9 195
10 10
10 11
10 32
10 41
10 111
10 137
10 141
10 145
10 151
10 156
10 157
10 160
10 163
10 194
11 22
11 34
11 43
11 64
11 81
11 92
11 140
11 155
12 4
12 17
12 18
12 31
12 39
12 62
12 115
12 121
12 138
12 187
13 21
13 25
13 27
13 40
13 46
13 59
13 74
13 89
13 108
13 116
13 129
13 135
13 148
13 153
13 158
13 180
14 56
14 77
14 95
14 105
15 23
15 29
15 30
15 38
15 50
15 76
15 88
15 131
15 136
15 149
15 162
15 171
15 182
16 8
16 24
16 26
16 51
16 85
16 86
16 99
16 103
16 127
16 128
16 170
16 176
17 33
17 48
17 57
17 101
17 106
17 110
17 144
17 185
