0 12
0 37
0 71
0 109
0 113
0 122
1 6
1 14
1 33
1 44
1 48
1 52
1 68
1 90
1 106
1 179
1 189
2 23
2 29
2 30
2 38
2 50
2 76
2 84
2 88
2 131
2 149
2 162
2 171
2 178
2 182
3 49
3 69
3 87
3 134
3 139
3 193
3 196
4 1
4 4
4 7
4 18
4 47
4 53
4 75
4 97
4 102
4 130
4 138
4 152
4 159
4 174
4 177
4 188
5 20
5 25
5 40
5 46
5 86
5 89
5 115
5 172
5 183
6 60
6 61
6 67
6 82
6 98
6 126
6 167
6 198
7 15
7 16
7 54
7 63
7 80
7 118
7 119
7 123
7 133
7 147
7 150
7 165
7 168
7 169
7 181
7 192
8 2
8 19
8 24
8 26
8 45
8 51
8 83
8 85
8 94
8 103
8 112
8 120
8 127
8 128
8 161
8 170
8 176
8 184
8 199
9 13
9 17
9 22
9 31
9 34
9 39
9 43
9 62
9 64
9 81
9 92
9 121
9 140
9 154
9 155
10 55
10 65
10 66
10 70
10 78
10 117
10 125
10 146
10 173
10 186
10 190
10 191
10 195
11 41
11 56
11 111
11 137
11 151
11 160
12 10
12 11
12 32
12 141
12 145
12 156
12 157
12 163
12 194
13 0
13 3
13 9
13 79
13 132
13 164
14 27
14 35
14 58
14 100
14 116
14 129
14 148
14 153
14 175
15 5
15 42
15 77
15 91
15 93
15 95
15 104
15 105
16 8
16 72
16 73
16 96
16 99
16 114
16 136
16 142
16 166
16 197
17 21
17 59
17 74
17 108
17 135
17 158
17 180
17 187
18 28
18 36
18 57
18 101
18 107
18 110
18 124
18 143
18 144
18 185
