0 12
0 13
0 15
0 50
0 71
0 84
0 88
0 119
0 131
0 154
0 178
0 181
1 28
1 33
1 36
1 44
1 48
1 52
1 106
1 143
1 144
1 179
1 189
2 1
2 7
2 47
2 53
2 66
2 75
2 78
2 97
2 102
2 130
2 152
2 159
2 174
2 177
2 188
3 37
3 49
3 109
3 113
3 122
3 134
4 72
4 73
4 96
4 114
4 142
4 145
4 149
4 150
4 156
4 166
4 197
5 57
5 79
5 101
5 110
5 124
5 132
5 185
6 6
6 14
6 35
6 58
6 68
6 90
6 100
6 116
6 129
6 148
6 175
7 54
7 80
7 118
7 123
7 126
7 147
7 165
7 168
7 192
8 19
8 23
8 29
8 30
8 38
8 76
8 136
8 162
8 171
8 182
9 8
9 24
9 26
9 51
9 85
9 86
9 99
9 103
9 120
9 127
9 128
9 161
9 170
9 176
10 55
10 65
10 70
10 117
10 125
10 146
10 173
10 186
10 193
10 195
11 0
11 3
11 9
11 164
11 190
11 191
11 196
12 16
12 42
12 91
12 104
12 133
13 10
13 11
13 32
13 41
13 111
13 137
13 141
13 151
13 157
13 160
13 163
13 194
14 4
14 17
14 18
14 31
14 39
14 62
14 64
14 115
14 121
14 138
14 187
15 20
15 21
15 25
15 27
15 40
15 46
15 59
15 74
15 89
15 108
15 135
15 153
15 158
15 172
15 180
15 183
16 2
16 45
16 83
16 94
16 112
16 184
16 199
17 60
17 61
17 63
17 67
17 69
17 82
17 87
17 98
17 107
17 139
17 167
17 169
18 22
18 34
18 43
18 81
18 92
18 140
18 155
19 5
19 56
19 77
19 93
19 95
19 105
19 198
