0 5
0 12
0 13
0 15
0 16
0 37
0 42
0 54
0 60
0 61
0 63
0 67
0 69
0 71
0 80
0 82
0 87
0 88
0 91
0 93
0 98
0 104
0 107
0 109
0 113
0 118
0 119
0 122
0 123
0 126
0 133
0 147
0 154
0 165
0 167
0 168
0 169
0 181
0 192
0 198
1 2
1 8
1 19
1 23
1 24
1 26
1 29
1 30
1 38
1 45
1 50
1 51
1 76
1 83
1 84
1 85
1 86
1 94
1 96
1 99
1 103
1 112
1 114
1 120
1 127
1 128
1 131
1 136
1 142
1 149
1 156
1 161
1 162
1 166
1 170
1 171
1 176
1 178
1 182
1 184
1 199
2 0
2 1
2 3
2 7
2 9
2 47
2 49
2 55
2 65
2 66
2 70
2 75
2 78
2 79
2 101
2 102
2 110
2 117
2 124
2 125
2 132
2 134
2 139
2 144
2 146
2 152
2 159
2 164
2 173
2 185
2 186
2 190
2 191
2 193
2 195
2 196
3 4
3 17
3 18
3 20
3 21
3 22
3 25
3 27
3 31
3 34
3 35
3 39
3 40
3 43
3 46
3 53
3 58
3 59
3 62
3 64
3 73
3 74
3 81
3 89
3 92
3 97
3 100
3 108
3 115
3 116
3 121
3 129
3 130
3 135
3 138
3 140
3 148
3 153
3 155
3 158
3 172
3 174
3 175
3 177
3 180
3 183
3 187
3 188
4 6
4 10
4 11
4 14
4 28
4 32
4 33
4 36
4 41
4 44
4 48
4 52
4 56
4 57
4 68
4 72
4 77
4 90
4 95
4 105
4 106
4 111
4 137
4 141
4 143
4 145
4 150
4 151
4 157
4 160
4 163
4 179
4 189
4 194
4 197
