0 0
0 3
0 9
0 49
0 55
0 65
0 66
0 70
0 79
0 87
0 117
0 124
0 125
0 132
0 134
0 139
0 146
0 164
0 186
0 190
0 191
0 193
0 195
0 196
1 10
1 11
1 14
1 32
1 41
1 44
1 52
1 56
1 68
1 72
1 77
1 90
1 95
1 105
1 111
1 137
1 141
1 145
1 151
1 156
1 157
1 160
1 163
1 189
1 194
1 197
2 2
2 8
2 19
2 23
2 24
2 26
2 30
2 45
2 51
2 83
2 85
2 86
2 94
2 96
2 99
2 103
2 112
2 114
2 120
2 127
2 128
2 136
2 142
2 161
2 162
2 166
2 170
2 171
2 176
2 182
2 184
2 199
3 5
3 16
3 37
3 42
3 60
3 61
3 63
3 67
3 69
3 80
3 82
3 91
3 93
3 98
3 104
3 107
3 109
3 122
3 123
3 126
3 133
3 167
3 168
3 169
3 192
3 198
4 20
4 21
4 25
4 27
4 35
4 40
4 46
4 58
4 59
4 73
4 74
4 89
4 100
4 108
4 115
4 116
4 129
4 135
4 148
4 153
4 158
4 172
4 175
4 180
4 183
4 187
5 4
5 17
5 22
5 31
5 34
5 39
5 43
5 62
5 64
5 81
5 92
5 121
5 138
5 140
5 155
6 1
6 6
6 7
6 18
6 28
6 33
6 36
6 47
6 48
6 53
6 57
6 75
6 78
6 97
6 101
6 102
6 106
6 110
6 130
6 143
6 144
6 152
6 159
6 173
6 174
6 177
6 179
6 185
6 188
7 12
7 13
7 15
7 29
7 38
7 50
7 54
7 71
7 76
7 84
7 88
7 113
7 118
7 119
7 131
7 147
7 149
7 150
7 154
7 165
7 178
7 181
