0 2
0 45
0 83
0 94
0 112
0 120
0 161
0 184
0 199
1 0
1 3
1 9
1 79
1 124
1 132
1 164
1 196
2 6
2 14
2 35
2 58
2 68
2 73
2 90
2 100
2 116
2 129
2 148
2 175
3 54
3 80
3 91
3 104
3 118
3 126
3 147
3 165
3 168
3 192
3 198
4 1
4 55
4 65
4 66
4 70
4 78
4 117
4 125
4 146
4 173
4 190
4 191
4 193
4 195
5 28
5 33
5 36
5 44
5 52
5 57
5 101
5 106
5 110
5 143
5 179
5 185
5 189
6 7
6 47
6 48
6 53
6 75
6 97
6 102
6 130
6 144
6 152
6 159
6 174
6 177
6 188
7 72
7 96
7 114
7 136
7 142
7 145
7 149
7 150
7 156
7 166
7 197
8 60
8 61
8 63
8 67
8 69
8 82
8 87
8 98
8 107
8 123
8 139
8 167
8 169
9 12
9 13
9 15
9 71
9 84
9 119
9 154
9 181
9 186
10 20
10 21
10 25
10 27
10 40
10 46
10 59
10 74
10 89
10 108
10 135
10 153
10 158
10 172
10 180
10 183
11 22
11 34
11 43
11 81
11 92
11 140
11 155
12 16
12 133
13 8
13 23
13 24
13 26
13 51
13 85
13 86
13 99
13 103
13 127
13 128
13 170
13 176
14 5
14 56
14 77
14 93
14 95
14 105
15 37
15 49
15 109
15 113
15 122
15 134
16 19
16 29
16 30
16 38
16 42
16 50
16 76
16 88
16 131
16 162
16 171
16 178
16 182
17 10
17 11
17 32
17 41
17 111
17 137
17 141
17 151
17 157
17 160
17 163
17 194
18 4
18 17
18 18
18 31
18 39
18 62
18 64
18 115
18 121
18 138
18 187
