0 5
0 17
0 30
0 34
0 51
0 59
0 69
0 85
0 109
0 126
0 130
0 142
0 159
0 166
0 170
0 200
0 201
0 228
0 274
0 295
0 302
0 321
0 331
0 333
0 336
0 352
0 354
0 361
0 378
0 381
0 382
0 386
1 14
1 16
1 25
1 32
1 39
1 42
1 47
1 49
1 53
1 54
1 83
1 118
1 129
1 143
1 192
1 215
1 217
1 221
1 223
1 225
1 226
1 237
1 246
1 268
1 280
1 282
1 286
1 287
1 305
1 319
1 357
1 365
1 375
1 385
1 399
2 3
2 22
2 37
2 56
2 62
2 67
2 82
2 87
2 92
2 111
2 115
2 119
2 131
2 136
2 144
2 147
2 151
2 156
2 163
2 164
2 172
2 188
2 213
2 218
2 219
2 231
2 247
2 251
2 253
2 255
2 259
2 263
2 266
2 297
2 304
2 337
2 341
2 363
2 367
2 368
2 376
2 387
3 8
3 24
3 80
3 84
3 89
3 108
3 110
3 165
3 182
3 205
3 212
3 249
3 265
3 290
3 294
3 308
3 318
3 320
3 334
3 345
3 351
4 2
4 11
4 12
4 46
4 61
4 65
4 73
4 76
4 77
4 79
4 90
4 100
4 102
4 104
4 140
4 169
4 257
4 306
4 329
4 343
4 349
4 364
4 379
4 389
5 7
5 10
5 15
5 19
5 68
5 70
5 96
5 107
5 113
5 121
5 123
5 141
5 146
5 161
5 190
5 210
5 220
5 229
5 238
5 241
5 254
5 271
5 275
5 281
5 310
5 311
5 340
5 348
5 350
5 384
6 9
6 29
6 38
6 41
6 43
6 63
6 91
6 98
6 99
6 101
6 103
6 117
6 134
6 153
6 157
6 173
6 174
6 187
6 189
6 207
6 224
6 252
6 258
6 260
6 272
6 279
6 285
6 301
6 312
6 326
6 327
6 328
6 335
6 346
6 353
6 355
6 358
6 360
6 362
6 373
6 374
6 383
6 393
6 398
7 18
7 20
7 26
7 31
7 35
7 45
7 52
7 58
7 74
7 88
7 97
7 106
7 122
7 127
7 128
7 139
7 150
7 152
7 158
7 162
7 175
7 178
7 179
7 180
7 181
7 197
7 198
7 202
7 222
7 230
7 244
7 256
7 288
7 293
7 307
7 315
7 317
7 325
7 339
7 347
7 359
7 371
7 390
7 391
7 395
7 396
8 48
8 64
8 93
8 135
8 138
8 171
8 196
8 204
8 208
8 323
8 392
8 394
9 44
9 78
9 116
9 120
9 124
9 137
9 176
9 183
9 194
9 199
9 206
9 209
9 214
9 216
9 232
9 233
9 240
9 261
9 264
9 273
9 276
9 283
9 284
9 303
9 313
9 338
9 370
9 380
10 6
10 33
10 36
10 55
10 60
10 66
10 71
10 86
10 95
10 114
10 125
10 132
10 149
10 154
10 160
10 168
10 177
10 185
10 186
10 193
10 203
10 211
10 235
10 239
10 242
10 243
10 245
10 248
10 289
10 292
10 296
10 298
10 299
10 322
10 324
10 366
10 369
10 372
10 377
11 0
11 1
11 4
11 13
11 21
11 23
11 27
11 28
11 40
11 50
11 57
11 72
11 75
11 81
11 94
11 105
11 112
11 133
11 145
11 148
11 155
11 167
11 184
11 191
11 195
11 227
11 234
11 236
11 250
11 262
11 267
11 269
11 270
11 277
11 278
11 291
11 300
11 309
11 314
11 316
11 330
11 332
11 342
11 344
11 356
11 388
11 397
