0 7
0 86
0 89
0 114
0 132
0 160
0 185
0 203
0 205
0 248
0 254
0 292
0 310
0 311
0 324
0 334
0 369
1 3
1 13
1 14
1 47
1 56
1 67
1 79
1 83
1 119
1 143
1 152
1 164
1 169
1 212
1 244
1 251
1 265
1 306
1 307
1 308
1 363
1 364
1 387
2 9
2 16
2 49
2 63
2 101
2 103
2 187
2 192
2 197
2 207
2 219
2 341
2 355
2 357
2 360
2 365
2 383
2 393
3 64
3 93
3 104
3 138
3 171
3 196
3 208
3 257
3 377
3 392
4 29
4 41
4 43
4 48
4 70
4 88
4 98
4 99
4 130
4 157
4 173
4 174
4 224
4 285
4 312
4 315
4 326
4 362
4 372
4 373
4 374
5 0
5 1
5 4
5 27
5 28
5 31
5 40
5 50
5 52
5 57
5 72
5 74
5 75
5 85
5 94
5 108
5 126
5 133
5 139
5 142
5 148
5 155
5 167
5 175
5 184
5 191
5 195
5 202
5 227
5 242
5 262
5 270
5 277
5 278
5 300
5 301
5 319
5 321
5 332
5 333
5 339
5 342
5 349
5 352
5 354
5 356
5 386
5 397
6 2
6 11
6 12
6 46
6 61
6 73
6 76
6 90
6 102
6 329
6 343
6 379
6 389
7 10
7 44
7 78
7 81
7 96
7 116
7 120
7 121
7 137
7 161
7 176
7 181
7 183
7 194
7 199
7 206
7 209
7 214
7 216
7 232
7 233
7 236
7 240
7 261
7 264
7 269
7 273
7 276
7 283
7 284
7 293
7 313
7 325
7 338
7 348
7 370
7 380
8 8
8 24
8 55
8 80
8 84
8 95
8 110
8 125
8 149
8 154
8 182
8 186
8 243
8 290
8 294
8 298
8 318
8 320
8 351
8 366
9 15
9 18
9 42
9 54
9 66
9 106
9 122
9 127
9 162
9 177
9 179
9 180
9 211
9 230
9 237
9 249
9 256
9 275
9 286
9 288
9 296
9 345
9 347
9 359
9 385
9 391
9 395
9 396
9 399
10 38
10 105
10 145
10 189
10 272
10 291
10 309
10 314
10 316
10 328
11 17
11 32
11 115
11 129
11 172
11 201
11 215
11 220
11 223
11 226
11 259
11 266
11 282
11 295
11 337
11 368
11 375
11 378
12 6
12 33
12 36
12 65
12 71
12 77
12 91
12 100
12 117
12 134
12 140
12 153
12 168
12 193
12 235
12 239
12 245
12 252
12 258
12 260
12 279
12 289
12 299
12 322
12 327
12 335
12 346
12 353
12 358
12 398
13 5
13 22
13 25
13 30
13 34
13 37
13 51
13 53
13 59
13 69
13 82
13 92
13 109
13 118
13 131
13 144
13 147
13 151
13 156
13 159
13 166
13 170
13 200
13 213
13 221
13 228
13 231
13 255
13 274
13 287
13 302
13 331
13 336
13 361
13 367
13 376
13 381
13 382
14 35
14 39
14 62
14 87
14 107
14 111
14 123
14 124
14 136
14 141
14 163
14 188
14 198
14 218
14 222
14 225
14 241
14 247
14 253
14 263
14 280
14 281
14 297
14 303
14 304
14 317
14 350
14 390
15 20
15 26
15 45
15 58
15 97
15 128
15 150
15 158
15 178
15 217
15 246
15 268
15 305
15 371
16 19
16 21
16 23
16 60
16 68
16 112
16 113
16 135
16 146
16 165
16 190
16 204
16 210
16 229
16 234
16 238
16 250
16 267
16 271
16 323
16 330
16 340
16 344
16 384
16 388
16 394
