0 17
0 32
0 83
0 129
0 201
0 215
0 223
0 226
0 228
0 259
0 282
0 295
0 336
0 352
0 375
0 378
0 382
1 10
1 44
1 78
1 81
1 96
1 116
1 120
1 121
1 137
1 161
1 176
1 181
1 183
1 194
1 199
1 206
1 209
1 214
1 216
1 232
1 233
1 236
1 240
1 261
1 269
1 273
1 276
1 283
1 284
1 293
1 313
1 325
1 338
1 348
1 370
1 380
2 35
2 62
2 87
2 111
2 115
2 123
2 124
2 136
2 163
2 172
2 188
2 198
2 218
2 220
2 222
2 225
2 241
2 247
2 253
2 263
2 266
2 280
2 281
2 297
2 303
2 304
2 337
2 368
3 19
3 21
3 23
3 29
3 43
3 68
3 112
3 113
3 210
3 224
3 229
3 234
3 238
3 250
3 271
3 330
3 344
3 388
3 397
4 24
4 196
4 212
4 249
4 265
4 290
4 294
4 307
4 345
4 349
4 351
5 1
5 27
5 94
5 133
5 155
5 195
5 227
5 270
5 277
5 278
5 300
5 332
6 7
6 60
6 66
6 86
6 89
6 114
6 122
6 132
6 160
6 162
6 177
6 185
6 203
6 205
6 211
6 248
6 254
6 275
6 292
6 296
6 299
6 310
6 311
6 324
6 334
6 359
6 369
6 391
7 48
7 64
7 85
7 126
7 135
7 138
7 142
7 165
7 204
7 208
7 301
7 321
7 323
7 333
7 354
7 392
7 394
8 6
8 33
8 36
8 41
8 70
8 71
8 77
8 91
8 98
8 99
8 100
8 117
8 130
8 134
8 153
8 168
8 171
8 173
8 174
8 193
8 197
8 252
8 258
8 260
8 279
8 285
8 312
8 327
8 335
8 346
8 353
8 358
8 362
8 372
8 384
8 398
9 15
9 18
9 26
9 45
9 58
9 88
9 106
9 107
9 127
9 140
9 141
9 146
9 150
9 158
9 175
9 178
9 179
9 180
9 190
9 230
9 315
9 317
9 340
9 347
9 350
9 390
9 395
10 9
10 16
10 49
10 63
10 101
10 103
10 187
10 192
10 207
10 355
10 357
10 360
10 365
10 383
10 393
11 0
11 4
11 13
11 20
11 25
11 28
11 31
11 40
11 42
11 50
11 52
11 54
11 57
11 72
11 74
11 75
11 97
11 108
11 128
11 139
11 148
11 167
11 184
11 191
11 202
11 217
11 237
11 242
11 246
11 262
11 267
11 268
11 286
11 305
11 308
11 342
11 356
11 371
11 385
11 396
11 399
12 3
12 14
12 47
12 56
12 67
12 79
12 143
12 152
12 164
12 169
12 244
12 256
12 264
12 288
12 291
12 306
12 319
12 339
12 363
12 364
12 387
13 22
13 30
13 37
13 39
13 53
13 69
13 82
13 118
13 131
13 147
13 156
13 166
13 170
13 213
13 219
13 221
13 231
13 274
13 287
13 341
14 8
14 55
14 80
14 84
14 95
14 110
14 125
14 149
14 154
14 182
14 186
14 235
14 239
14 243
14 245
14 298
14 318
14 320
14 366
15 38
15 105
15 145
15 157
15 189
15 272
15 309
15 314
15 316
15 326
15 328
15 373
15 374
16 34
16 51
16 92
16 119
16 144
16 151
16 159
16 251
16 255
16 302
16 331
16 367
16 376
17 5
17 59
17 109
17 200
17 361
17 381
17 386
18 2
18 11
18 12
18 46
18 61
18 65
18 73
18 76
18 90
18 93
18 102
18 104
18 257
18 289
18 322
18 329
18 343
18 377
18 379
18 389
