0 0
0 1
0 3
0 4
0 5
0 9
0 10
0 11
0 12
0 13
0 14
0 16
0 17
0 20
0 21
0 22
0 23
0 24
0 25
0 27
0 28
0 29
0 30
0 31
0 32
0 34
0 38
0 39
0 40
0 41
0 42
0 43
0 44
0 46
0 47
0 48
0 49
0 50
0 51
0 52
0 53
0 54
0 56
0 57
0 59
0 60
0 61
0 63
0 64
0 66
0 67
0 68
0 69
0 70
0 72
0 73
0 74
0 75
0 76
0 77
0 78
0 79
0 81
0 82
0 83
0 85
0 91
0 92
0 93
0 94
0 96
0 97
0 98
0 99
0 100
0 101
0 102
0 103
0 105
0 108
0 109
0 112
0 113
0 116
0 117
0 118
0 119
0 120
0 121
0 126
0 128
0 129
0 130
0 131
0 133
0 134
0 135
0 138
0 139
0 142
0 143
0 144
0 145
0 147
0 148
0 151
0 152
0 153
0 155
0 156
0 157
0 159
0 161
0 164
0 165
0 166
0 167
0 168
0 169
0 170
0 171
0 173
0 174
0 176
0 181
0 183
0 184
0 187
0 189
0 191
0 192
0 194
0 195
0 196
0 197
0 199
0 200
0 201
0 202
0 204
0 207
0 208
0 209
0 210
0 212
0 213
0 214
0 215
0 216
0 217
0 219
0 221
0 223
0 224
0 226
0 227
0 228
0 229
0 231
0 232
0 233
0 234
0 236
0 237
0 238
0 240
0 242
0 244
0 246
0 250
0 251
0 252
0 254
0 255
0 256
0 257
0 258
0 260
0 261
0 262
0 264
0 265
0 267
0 268
0 269
0 270
0 271
0 272
0 273
0 274
0 276
0 277
0 278
0 279
0 282
0 284
0 285
0 286
0 287
0 288
0 289
0 291
0 293
0 295
0 300
0 301
0 302
0 305
0 306
0 307
0 308
0 309
0 312
0 314
0 316
0 319
0 321
0 323
0 325
0 326
0 328
0 329
0 330
0 331
0 332
0 333
0 335
0 336
0 338
0 339
0 341
0 342
0 343
0 344
0 345
0 346
0 348
0 349
0 351
0 352
0 353
0 354
0 355
0 356
0 357
0 358
0 360
0 361
0 362
0 363
0 364
0 365
0 367
0 370
0 371
0 372
0 373
0 374
0 375
0 376
0 378
0 379
0 380
0 381
0 382
0 383
0 384
0 385
0 386
0 387
0 388
0 392
0 393
0 394
0 396
0 397
0 398
0 399
1 2
1 6
1 8
1 33
1 36
1 55
1 65
1 71
1 80
1 84
1 86
1 89
1 90
1 95
1 104
1 110
1 114
1 125
1 132
1 149
1 154
1 160
1 177
1 182
1 185
1 186
1 193
1 203
1 205
1 235
1 239
1 243
1 245
1 248
1 249
1 290
1 292
1 294
1 298
1 299
1 311
1 318
1 320
1 322
1 324
1 334
1 366
1 369
1 377
1 389
2 7
2 15
2 18
2 19
2 26
2 35
2 37
2 45
2 58
2 62
2 87
2 88
2 106
2 107
2 111
2 115
2 122
2 123
2 124
2 127
2 136
2 137
2 140
2 141
2 146
2 150
2 158
2 162
2 163
2 172
2 175
2 178
2 179
2 180
2 188
2 190
2 198
2 206
2 211
2 218
2 220
2 222
2 225
2 230
2 241
2 247
2 253
2 259
2 263
2 266
2 275
2 280
2 281
2 283
2 296
2 297
2 303
2 304
2 310
2 313
2 315
2 317
2 327
2 337
2 340
2 347
2 350
2 359
2 368
2 390
2 391
2 395
