0 0
0 2
0 3
0 11
0 12
0 13
0 19
0 21
0 23
0 28
0 46
0 57
0 60
0 61
0 65
0 73
0 76
0 79
0 86
0 90
0 93
0 102
0 104
0 113
0 138
0 148
0 171
0 203
0 210
0 229
0 238
0 239
0 244
0 250
0 257
0 265
0 289
0 322
0 328
0 329
0 342
0 343
0 353
0 377
0 379
0 387
0 388
0 389
0 398
1 18
1 20
1 25
1 26
1 39
1 42
1 45
1 54
1 58
1 66
1 97
1 114
1 118
1 122
1 127
1 128
1 129
1 132
1 150
1 152
1 158
1 160
1 162
1 178
1 179
1 180
1 185
1 191
1 211
1 217
1 221
1 230
1 237
1 246
1 248
1 249
1 254
1 267
1 268
1 275
1 286
1 287
1 288
1 292
1 296
1 305
1 310
1 311
1 324
1 334
1 347
1 359
1 369
1 371
1 385
1 391
1 396
1 399
2 1
2 4
2 8
2 15
2 24
2 27
2 31
2 40
2 52
2 55
2 64
2 72
2 74
2 80
2 84
2 89
2 94
2 95
2 108
2 110
2 125
2 133
2 139
2 149
2 154
2 155
2 165
2 177
2 182
2 184
2 186
2 195
2 196
2 202
2 204
2 205
2 208
2 212
2 227
2 234
2 243
2 262
2 270
2 272
2 277
2 278
2 290
2 291
2 294
2 298
2 300
2 301
2 308
2 318
2 319
2 320
2 323
2 330
2 332
2 345
2 351
2 366
2 397
3 5
3 22
3 30
3 34
3 51
3 53
3 56
3 59
3 67
3 69
3 82
3 85
3 92
3 105
3 109
3 112
3 119
3 126
3 131
3 135
3 142
3 144
3 145
3 147
3 151
3 156
3 159
3 164
3 166
3 170
3 189
3 200
3 201
3 213
3 228
3 231
3 242
3 251
3 255
3 274
3 302
3 307
3 309
3 314
3 316
3 321
3 331
3 333
3 336
3 344
3 349
3 352
3 354
3 361
3 363
3 367
3 376
3 378
3 381
3 382
3 386
3 394
4 35
4 37
4 62
4 87
4 106
4 107
4 111
4 115
4 123
4 124
4 136
4 140
4 141
4 146
4 163
4 172
4 175
4 188
4 190
4 198
4 218
4 220
4 222
4 225
4 241
4 247
4 253
4 263
4 266
4 280
4 281
4 297
4 303
4 304
4 317
4 337
4 340
4 350
4 368
4 390
4 395
5 6
5 7
5 14
5 29
5 33
5 36
5 38
5 41
5 43
5 47
5 48
5 68
5 70
5 71
5 77
5 88
5 91
5 98
5 99
5 100
5 117
5 130
5 134
5 143
5 153
5 157
5 168
5 169
5 173
5 174
5 193
5 197
5 224
5 235
5 245
5 252
5 256
5 258
5 260
5 271
5 279
5 285
5 299
5 306
5 312
5 315
5 326
5 327
5 335
5 339
5 346
5 358
5 362
5 364
5 372
5 373
5 374
5 384
5 392
6 9
6 16
6 17
6 32
6 49
6 63
6 83
6 101
6 103
6 187
6 192
6 207
6 215
6 219
6 223
6 226
6 259
6 282
6 295
6 341
6 355
6 357
6 360
6 365
6 375
6 383
6 393
7 10
7 44
7 50
7 75
7 78
7 81
7 96
7 116
7 120
7 121
7 137
7 161
7 167
7 176
7 181
7 183
7 194
7 199
7 206
7 209
7 214
7 216
7 232
7 233
7 236
7 240
7 261
7 264
7 269
7 273
7 276
7 283
7 284
7 293
7 313
7 325
7 338
7 348
7 356
7 370
7 380
