0 11
0 12
0 16
0 32
0 41
0 49
0 59
0 85
0 100
0 115
0 129
0 130
0 132
0 134
0 142
0 154
0 191
0 194
0 207
0 214
0 237
0 249
0 272
0 279
0 301
0 358
0 359
0 379
0 384
1 33
1 38
1 47
1 52
1 63
1 86
1 87
1 89
1 92
1 111
1 112
1 122
1 126
1 143
1 147
1 162
1 166
1 169
1 172
1 179
1 186
1 192
1 225
1 240
1 243
1 244
1 256
1 257
1 259
1 274
1 275
1 285
1 292
1 303
1 314
1 318
1 326
1 337
1 342
1 343
1 346
1 351
1 352
1 357
1 378
1 386
2 2
2 4
2 17
2 18
2 20
2 24
2 35
2 39
2 43
2 91
2 102
2 103
2 105
2 107
2 117
2 121
2 125
2 127
2 128
2 136
2 161
2 171
2 177
2 178
2 183
2 185
2 189
2 195
2 203
2 209
2 210
2 218
2 224
2 233
2 241
2 246
2 247
2 248
2 277
2 284
2 298
2 300
2 307
2 309
2 311
2 324
2 345
2 348
2 355
2 356
2 360
2 366
2 373
2 390
2 392
3 5
3 15
3 23
3 25
3 26
3 28
3 40
3 45
3 55
3 58
3 71
3 75
3 95
3 98
3 113
3 116
3 135
3 138
3 145
3 160
3 167
3 202
3 216
3 227
3 230
3 232
3 239
3 245
3 253
3 263
3 265
3 267
3 268
3 294
3 295
3 319
3 320
3 323
3 331
3 333
3 347
3 362
3 368
3 376
3 389
4 9
4 21
4 67
4 72
4 83
4 84
4 99
4 110
4 119
4 124
4 141
4 146
4 153
4 165
4 176
4 198
4 222
4 231
4 238
4 242
4 250
4 264
4 269
4 291
4 293
4 328
4 332
4 354
4 364
4 371
4 377
5 3
5 8
5 64
5 76
5 79
5 80
5 93
5 96
5 97
5 108
5 109
5 131
5 137
5 149
5 157
5 164
5 174
5 182
5 190
5 199
5 200
5 204
5 206
5 217
5 229
5 235
5 252
5 266
5 271
5 273
5 281
5 286
5 288
5 296
5 302
5 305
5 312
5 317
5 339
5 341
5 367
5 380
5 383
5 387
5 395
5 399
6 37
6 44
6 50
6 51
6 78
6 81
6 104
6 152
6 180
6 187
6 201
6 208
6 213
6 228
6 234
6 261
6 280
6 308
6 310
6 322
6 334
6 385
7 19
7 22
7 30
7 34
7 36
7 42
7 53
7 57
7 61
7 65
7 70
7 90
7 94
7 114
7 120
7 151
7 158
7 159
7 168
7 205
7 215
7 220
7 226
7 236
7 254
7 255
7 260
7 270
7 283
7 287
7 304
7 306
7 313
7 315
7 316
7 321
7 325
7 350
7 353
7 361
7 381
7 382
7 388
8 0
8 7
8 46
8 48
8 66
8 69
8 77
8 82
8 106
8 123
8 140
8 156
8 170
8 193
8 196
8 221
8 258
8 297
8 329
8 330
8 336
8 374
8 375
8 393
8 394
8 398
9 1
9 6
9 10
9 13
9 14
9 27
9 29
9 31
9 54
9 56
9 60
9 62
9 68
9 73
9 74
9 88
9 101
9 118
9 133
9 139
9 144
9 148
9 150
9 155
9 163
9 173
9 175
9 181
9 184
9 188
9 197
9 211
9 212
9 219
9 223
9 251
9 262
9 276
9 278
9 282
9 289
9 290
9 299
9 327
9 335
9 338
9 340
9 344
9 349
9 363
9 365
9 369
9 370
9 372
9 391
9 396
9 397
