0 19
0 46
0 52
0 61
0 69
0 90
0 111
0 114
0 120
0 140
0 151
0 168
0 193
0 205
0 215
0 220
0 226
0 254
0 255
0 260
0 283
0 287
0 292
0 297
0 313
0 314
0 316
0 325
0 350
0 352
0 353
0 361
0 374
0 382
1 4
1 17
1 24
1 39
1 43
1 62
1 102
1 107
1 117
1 125
1 127
1 128
1 133
1 155
1 171
1 178
1 181
1 183
1 185
1 195
1 203
1 209
1 210
1 212
1 224
1 233
1 241
1 246
1 278
1 298
1 300
1 307
1 311
1 324
1 338
1 345
1 355
1 356
1 360
1 366
1 370
1 372
1 373
1 390
1 392
2 2
2 20
2 25
2 55
2 71
2 78
2 91
2 103
2 105
2 135
2 136
2 138
2 145
2 160
2 161
2 177
2 189
2 218
2 227
2 245
2 247
2 267
2 284
2 309
2 331
2 347
2 348
3 18
3 35
3 38
3 47
3 48
3 63
3 73
3 87
3 89
3 121
3 122
3 126
3 143
3 162
3 169
3 179
3 186
3 192
3 225
3 240
3 244
3 248
3 256
3 257
3 259
3 274
3 275
3 285
3 303
3 329
3 337
3 340
3 342
3 343
3 346
3 351
3 357
4 7
4 77
4 79
4 82
4 84
4 106
4 108
4 156
4 182
4 196
4 217
4 229
4 250
4 258
4 268
4 296
4 312
4 317
4 339
4 367
4 375
4 380
4 393
5 64
5 67
5 72
5 96
5 109
5 137
5 157
5 164
5 165
5 174
5 176
5 190
5 199
5 200
5 264
5 266
5 269
5 271
5 281
5 302
5 341
5 363
5 364
5 395
5 399
6 12
6 41
6 58
6 85
6 100
6 115
6 129
6 130
6 132
6 134
6 142
6 154
6 191
6 194
6 207
6 214
6 237
6 249
6 272
6 279
6 301
6 358
6 359
6 389
7 3
7 8
7 11
7 16
7 32
7 49
7 59
7 76
7 80
7 93
7 97
7 131
7 149
7 204
7 206
7 235
7 252
7 273
7 286
7 288
7 305
7 379
7 383
7 384
7 387
8 0
8 33
8 37
8 44
8 50
8 51
8 66
8 81
8 86
8 92
8 104
8 112
8 123
8 147
8 152
8 166
8 170
8 172
8 180
8 187
8 201
8 208
8 213
8 221
8 228
8 234
8 243
8 261
8 277
8 280
8 308
8 310
8 318
8 322
8 326
8 334
8 336
8 378
8 385
8 386
8 394
8 398
9 9
9 21
9 34
9 36
9 83
9 94
9 99
9 110
9 119
9 124
9 141
9 146
9 153
9 158
9 159
9 198
9 222
9 231
9 236
9 238
9 242
9 270
9 291
9 293
9 321
9 328
9 330
9 332
9 354
9 371
9 377
9 388
9 391
10 1
10 6
10 10
10 13
10 14
10 22
10 27
10 29
10 30
10 31
10 42
10 53
10 54
10 56
10 57
10 60
10 65
10 68
10 70
10 74
10 88
10 101
10 118
10 139
10 144
10 148
10 150
10 163
10 173
10 175
10 184
10 188
10 197
10 211
10 219
10 223
10 251
10 262
10 276
10 282
10 289
10 290
10 299
10 304
10 306
10 315
10 327
10 335
10 344
10 349
10 365
10 369
10 381
10 396
10 397
11 5
11 15
11 23
11 26
11 28
11 40
11 45
11 75
11 95
11 98
11 113
11 116
11 167
11 202
11 216
11 230
11 232
11 239
11 253
11 263
11 265
11 294
11 295
11 319
11 320
11 323
11 333
11 362
11 368
11 376
