0 1
0 6
0 10
0 14
0 27
0 29
0 31
0 56
0 62
0 68
0 74
0 118
0 139
0 144
0 148
0 150
0 163
0 173
0 175
0 188
0 197
0 219
0 223
0 251
0 262
0 276
0 282
0 290
0 299
0 327
0 335
0 344
0 349
0 369
0 396
0 397
1 4
1 17
1 18
1 24
1 35
1 39
1 43
1 102
1 107
1 117
1 121
1 125
1 127
1 128
1 136
1 171
1 178
1 181
1 183
1 185
1 189
1 203
1 209
1 210
1 224
1 233
1 241
1 246
1 248
1 275
1 278
1 298
1 300
1 307
1 309
1 311
1 324
1 338
1 343
1 345
1 351
1 355
1 356
1 360
1 366
1 372
1 373
1 390
1 392
2 23
2 26
2 45
2 58
2 75
2 85
2 98
2 100
2 132
2 134
2 142
2 145
2 191
2 194
2 195
2 230
2 249
2 272
2 279
2 331
2 347
2 389
3 64
3 93
3 96
3 97
3 109
3 137
3 157
3 164
3 174
3 190
3 199
3 200
3 204
3 206
3 217
3 229
3 264
3 266
3 271
3 273
3 281
3 296
3 302
3 305
3 312
3 317
3 339
3 341
3 363
3 367
3 380
3 387
3 395
3 399
4 19
4 52
4 61
4 63
4 90
4 111
4 112
4 120
4 140
4 168
4 215
4 226
4 260
4 283
4 287
4 289
4 292
4 313
4 314
4 350
4 352
4 353
4 361
4 374
5 5
5 15
5 25
5 28
5 40
5 95
5 108
5 113
5 116
5 167
5 182
5 202
5 216
5 232
5 239
5 253
5 263
5 265
5 268
5 294
5 295
5 319
5 320
5 323
5 333
5 362
5 368
5 376
6 0
6 7
6 46
6 48
6 66
6 69
6 77
6 82
6 106
6 123
6 156
6 170
6 179
6 193
6 196
6 221
6 258
6 274
6 297
6 329
6 330
6 336
6 375
6 393
6 394
6 398
7 47
7 60
7 73
7 87
7 88
7 89
7 122
7 133
7 143
7 155
7 162
7 186
7 211
7 212
7 225
7 240
7 256
7 259
7 285
7 303
7 337
7 340
7 342
7 346
7 357
7 370
8 9
8 21
8 67
8 72
8 83
8 84
8 99
8 110
8 119
8 141
8 146
8 153
8 165
8 176
8 198
8 222
8 231
8 238
8 242
8 250
8 269
8 291
8 293
8 328
8 332
8 354
8 364
8 371
8 377
9 3
9 8
9 11
9 12
9 16
9 32
9 41
9 49
9 59
9 76
9 79
9 80
9 115
9 129
9 130
9 131
9 149
9 154
9 207
9 214
9 235
9 237
9 252
9 286
9 288
9 301
9 358
9 359
9 379
9 383
9 384
10 33
10 37
10 38
10 44
10 50
10 51
10 81
10 86
10 92
10 104
10 126
10 147
10 152
10 166
10 169
10 172
10 180
10 187
10 192
10 201
10 208
10 213
10 228
10 234
10 243
10 244
10 257
10 261
10 277
10 280
10 308
10 310
10 318
10 322
10 326
10 334
10 378
10 385
10 386
11 2
11 20
11 55
11 71
11 78
11 91
11 103
11 105
11 135
11 138
11 160
11 161
11 177
11 218
11 227
11 245
11 247
11 267
11 284
11 348
12 13
12 22
12 30
12 34
12 36
12 42
12 53
12 54
12 57
12 65
12 70
12 94
12 101
12 114
12 124
12 151
12 158
12 159
12 184
12 205
12 220
12 236
12 254
12 255
12 270
12 304
12 306
12 315
12 316
12 321
12 325
12 365
12 381
12 382
12 388
12 391
