0 33
0 38
0 51
0 86
0 87
0 92
0 126
0 143
0 147
0 166
0 169
0 172
0 192
0 243
0 244
0 257
0 261
0 285
0 326
0 343
0 357
0 378
0 386
1 13
1 22
1 30
1 34
1 36
1 42
1 53
1 54
1 57
1 65
1 94
1 101
1 119
1 124
1 151
1 158
1 159
1 184
1 220
1 236
1 242
1 254
1 255
1 270
1 304
1 306
1 315
1 316
1 321
1 325
1 328
1 365
1 381
1 382
1 388
1 391
2 23
2 26
2 45
2 58
2 75
2 85
2 98
2 100
2 132
2 134
2 142
2 145
2 191
2 194
2 230
2 249
2 272
2 279
2 331
2 389
3 9
3 21
3 62
3 64
3 67
3 72
3 93
3 96
3 97
3 109
3 137
3 141
3 157
3 164
3 174
3 190
3 199
3 200
3 206
3 222
3 231
3 238
3 264
3 266
3 269
3 271
3 281
3 291
3 302
3 305
3 317
3 341
3 354
3 363
3 364
3 371
3 372
3 395
3 399
4 7
4 77
4 83
4 84
4 99
4 106
4 110
4 146
4 153
4 156
4 165
4 176
4 198
4 229
4 250
4 258
4 293
4 296
4 312
4 330
4 332
4 339
4 367
4 375
4 377
5 5
5 15
5 25
5 28
5 40
5 95
5 113
5 116
5 167
5 182
5 202
5 216
5 232
5 239
5 253
5 263
5 265
5 268
5 294
5 295
5 319
5 323
5 333
5 362
5 368
5 376
6 19
6 52
6 61
6 63
6 70
6 90
6 111
6 112
6 114
6 120
6 122
6 168
6 205
6 215
6 226
6 260
6 283
6 287
6 289
6 292
6 313
6 346
6 350
6 352
6 353
7 4
7 17
7 20
7 103
7 121
7 127
7 128
7 136
7 161
7 171
7 183
7 189
7 195
7 203
7 209
7 210
7 241
7 245
7 248
7 277
7 284
7 307
7 309
7 311
7 320
7 347
7 348
7 356
7 360
7 392
8 3
8 8
8 11
8 12
8 16
8 32
8 41
8 49
8 59
8 76
8 79
8 80
8 108
8 115
8 129
8 130
8 131
8 149
8 154
8 204
8 207
8 214
8 217
8 235
8 237
8 252
8 273
8 286
8 288
8 301
8 358
8 359
8 379
8 380
8 383
8 384
8 387
9 1
9 6
9 10
9 14
9 27
9 29
9 31
9 56
9 60
9 68
9 74
9 88
9 118
9 139
9 144
9 148
9 150
9 163
9 173
9 175
9 188
9 197
9 211
9 219
9 223
9 251
9 262
9 276
9 282
9 290
9 299
9 327
9 335
9 340
9 344
9 349
9 369
9 396
9 397
10 0
10 46
10 48
10 66
10 69
10 81
10 82
10 123
10 140
10 170
10 179
10 193
10 196
10 221
10 274
10 297
10 314
10 318
10 329
10 336
10 361
10 374
10 393
10 394
10 398
11 37
11 44
11 50
11 78
11 104
11 152
11 180
11 187
11 201
11 208
11 213
11 228
11 234
11 280
11 308
11 310
11 322
11 334
11 385
12 18
12 24
12 35
12 39
12 43
12 47
12 73
12 89
12 102
12 107
12 117
12 125
12 133
12 155
12 162
12 178
12 181
12 185
12 186
12 212
12 224
12 225
12 233
12 240
12 246
12 256
12 259
12 275
12 278
12 298
12 300
12 303
12 324
12 337
12 338
12 342
12 345
12 351
12 355
12 366
12 370
12 373
12 390
13 2
13 55
13 71
13 91
13 105
13 135
13 138
13 160
13 177
13 218
13 227
13 247
13 267
