0 37
0 44
0 50
0 78
0 104
0 152
0 180
0 187
0 201
0 208
0 213
0 228
0 234
0 277
0 280
0 308
0 310
0 322
0 334
0 385
1 17
1 20
1 103
1 127
1 128
1 136
1 171
1 183
1 189
1 195
1 203
1 209
1 210
1 241
1 245
1 248
1 284
1 307
1 309
1 320
1 347
1 356
1 360
1 392
2 18
2 36
2 52
2 60
2 61
2 63
2 111
2 112
2 114
2 122
2 140
2 151
2 260
2 270
2 292
2 297
2 306
2 313
2 325
2 346
2 352
2 353
2 361
3 9
3 21
3 67
3 72
3 119
3 124
3 141
3 146
3 165
3 222
3 231
3 238
3 242
3 264
3 269
3 291
3 328
3 354
3 364
3 371
3 388
4 6
4 14
4 31
4 34
4 56
4 62
4 68
4 73
4 74
4 88
4 139
4 144
4 148
4 150
4 173
4 175
4 188
4 211
4 219
4 223
4 240
4 246
4 251
4 262
4 276
4 290
4 303
4 321
4 324
4 327
4 338
4 340
4 344
4 369
4 391
4 396
4 397
5 3
5 41
5 49
5 59
5 115
5 129
5 130
5 154
5 207
5 214
5 237
5 272
5 288
5 301
5 379
5 384
6 2
6 24
6 55
6 71
6 91
6 105
6 135
6 138
6 160
6 161
6 177
6 218
6 227
6 247
6 267
6 348
7 8
7 11
7 12
7 16
7 32
7 76
7 80
7 93
7 97
7 131
7 149
7 235
7 252
7 358
7 359
7 383
8 5
8 15
8 25
8 40
8 45
8 95
8 116
8 167
8 232
8 239
8 253
8 265
8 295
8 319
8 323
8 362
8 368
8 376
9 19
9 70
9 90
9 120
9 168
9 205
9 215
9 220
9 226
9 254
9 255
9 283
9 287
9 289
9 316
9 350
9 382
10 0
10 39
10 46
10 48
10 66
10 69
10 81
10 82
10 121
10 123
10 156
10 170
10 179
10 193
10 196
10 221
10 274
10 314
10 318
10 329
10 336
10 374
10 393
10 394
10 398
11 4
11 35
11 43
11 47
11 102
11 107
11 117
11 125
11 133
11 155
11 178
11 181
11 185
11 186
11 212
11 224
11 233
11 256
11 261
11 278
11 298
11 300
11 311
11 345
11 355
11 366
11 370
11 372
11 373
11 390
12 1
12 10
12 13
12 22
12 27
12 29
12 30
12 42
12 53
12 54
12 57
12 65
12 94
12 101
12 118
12 158
12 159
12 163
12 184
12 197
12 236
12 282
12 299
12 304
12 315
12 335
12 349
12 365
12 381
13 33
13 38
13 51
13 86
13 87
13 89
13 92
13 126
13 143
13 147
13 162
13 166
13 169
13 172
13 192
13 225
13 243
13 244
13 257
13 259
13 275
13 285
13 326
13 337
13 342
13 343
13 351
13 357
13 378
13 386
14 64
14 96
14 109
14 137
14 157
14 164
14 174
14 190
14 199
14 200
14 204
14 206
14 266
14 271
14 273
14 281
14 286
14 302
14 305
14 341
14 363
14 387
14 395
14 399
15 7
15 77
15 83
15 84
15 99
15 106
15 110
15 153
15 176
15 198
15 229
15 250
15 258
15 293
15 296
15 312
15 330
15 332
15 339
15 367
15 377
16 28
16 79
16 108
16 113
16 182
16 202
16 216
16 217
16 263
16 268
16 294
16 317
16 333
16 375
16 380
17 23
17 26
17 58
17 75
17 85
17 98
17 100
17 132
17 134
17 142
17 145
17 191
17 194
17 230
17 249
17 279
17 331
17 389
