0 17
0 20
0 25
0 26
0 103
0 128
0 136
0 145
0 161
0 189
0 195
0 203
0 209
0 210
0 232
0 245
0 284
0 307
0 309
0 320
0 331
0 347
0 348
0 356
0 360
0 362
0 392
1 19
1 52
1 61
1 63
1 90
1 114
1 120
1 140
1 151
1 168
1 205
1 215
1 226
1 260
1 283
1 287
1 292
1 313
1 325
1 350
1 352
1 353
1 361
1 382
2 14
2 18
2 35
2 39
2 73
2 87
2 89
2 125
2 127
2 133
2 155
2 162
2 171
2 181
2 183
2 186
2 212
2 225
2 241
2 246
2 248
2 256
2 259
2 275
2 278
2 311
2 324
2 337
2 338
2 342
2 345
2 351
2 370
2 372
3 9
3 21
3 67
3 72
3 119
3 141
3 146
3 153
3 165
3 222
3 231
3 238
3 264
3 269
3 291
3 328
3 354
3 364
3 371
4 0
4 46
4 48
4 66
4 69
4 82
4 121
4 123
4 156
4 170
4 179
4 193
4 196
4 221
4 274
4 297
4 314
4 329
4 336
4 374
4 394
4 398
5 23
5 58
5 75
5 85
5 98
5 100
5 132
5 134
5 142
5 191
5 194
5 230
5 249
5 272
5 279
5 389
6 37
6 44
6 78
6 104
6 180
6 187
6 201
6 208
6 213
6 234
6 308
6 310
6 334
6 385
7 76
7 79
7 80
7 93
7 97
7 108
7 131
7 149
7 182
7 206
7 217
7 229
7 235
7 268
7 296
7 305
7 317
7 339
7 375
7 380
8 3
8 8
8 59
8 96
8 137
8 204
8 273
8 286
8 288
8 379
8 387
9 33
9 38
9 50
9 51
9 81
9 86
9 92
9 112
9 126
9 143
9 147
9 152
9 166
9 169
9 172
9 192
9 228
9 243
9 244
9 257
9 277
9 280
9 285
9 318
9 322
9 326
9 343
9 357
9 378
9 386
10 7
10 77
10 83
10 84
10 99
10 106
10 110
10 176
10 198
10 250
10 258
10 312
10 330
10 332
10 367
10 377
10 393
11 11
11 12
11 16
11 32
11 41
11 49
11 115
11 129
11 130
11 154
11 207
11 214
11 237
11 252
11 301
11 358
11 359
11 383
11 384
12 5
12 15
12 28
12 40
12 45
12 95
12 113
12 116
12 167
12 202
12 216
12 239
12 253
12 263
12 265
12 294
12 295
12 319
12 323
12 333
12 368
12 376
13 62
13 64
13 109
13 157
13 164
13 174
13 190
13 199
13 200
13 266
13 271
13 281
13 302
13 341
13 363
13 395
13 399
14 4
14 24
14 43
14 47
14 102
14 107
14 117
14 178
14 185
14 224
14 233
14 261
14 298
14 300
14 355
14 366
14 373
14 390
15 6
15 10
15 13
15 27
15 29
15 54
15 56
15 65
15 74
15 101
15 139
15 144
15 150
15 163
15 173
15 175
15 188
15 197
15 219
15 251
15 262
15 276
15 282
15 290
15 299
15 327
15 335
15 344
15 349
15 365
15 369
15 396
16 2
16 55
16 71
16 91
16 105
16 135
16 138
16 160
16 177
16 218
16 227
16 247
16 267
17 22
17 30
17 34
17 36
17 42
17 53
17 57
17 94
17 124
17 158
17 159
17 184
17 220
17 236
17 242
17 254
17 255
17 270
17 293
17 304
17 306
17 315
17 316
17 321
17 381
17 388
17 391
18 1
18 31
18 60
18 68
18 70
18 88
18 111
18 118
18 122
18 148
18 211
18 223
18 240
18 289
18 303
18 340
18 346
18 397
