0 19
0 60
0 61
0 63
0 70
0 90
0 111
0 114
0 118
0 120
0 122
0 148
0 168
0 215
0 226
0 260
0 283
0 287
0 289
0 346
1 11
1 16
1 32
1 76
1 80
1 93
1 97
1 108
1 131
1 149
1 182
1 206
1 217
1 235
1 252
1 305
1 317
1 358
1 359
1 372
1 380
1 383
2 50
2 81
2 86
2 121
2 126
2 128
2 147
2 152
2 169
2 179
2 196
2 228
2 244
2 248
2 275
2 277
2 280
2 322
2 329
2 343
2 351
3 5
3 15
3 28
3 40
3 45
3 95
3 113
3 116
3 167
3 202
3 216
3 232
3 239
3 253
3 263
3 265
3 268
3 294
3 295
3 319
3 323
3 333
3 362
3 368
3 376
4 7
4 77
4 83
4 84
4 99
4 106
4 110
4 153
4 165
4 176
4 198
4 229
4 250
4 258
4 296
4 312
4 332
4 339
4 367
4 375
4 377
5 1
5 6
5 10
5 13
5 27
5 29
5 31
5 54
5 56
5 68
5 74
5 101
5 139
5 144
5 150
5 163
5 173
5 175
5 188
5 197
5 219
5 223
5 251
5 262
5 276
5 282
5 290
5 299
5 327
5 335
5 344
5 349
5 365
5 369
5 396
6 12
6 41
6 49
6 85
6 115
6 129
6 130
6 142
6 154
6 207
6 214
6 237
6 272
6 301
6 384
7 52
7 112
7 140
7 274
7 292
7 313
7 314
7 318
7 352
7 353
7 361
7 374
8 23
8 26
8 58
8 75
8 98
8 100
8 132
8 134
8 145
8 191
8 194
8 230
8 249
8 279
8 331
8 389
9 37
9 44
9 78
9 104
9 180
9 187
9 201
9 208
9 213
9 234
9 308
9 310
9 334
9 385
10 24
10 35
10 43
10 47
10 102
10 107
10 117
10 125
10 178
10 185
10 224
10 233
10 261
10 298
10 300
10 345
10 355
10 366
10 373
10 390
11 4
11 17
11 20
11 25
11 103
11 136
11 161
11 171
11 183
11 189
11 195
11 203
11 209
11 210
11 241
11 245
11 284
11 307
11 309
11 320
11 347
11 348
11 356
11 360
11 392
12 62
12 64
12 67
12 72
12 109
12 157
12 164
12 174
12 190
12 199
12 200
12 264
12 266
12 269
12 271
12 281
12 302
12 341
12 363
12 364
12 395
12 399
13 2
13 55
13 71
13 91
13 105
13 135
13 138
13 160
13 177
13 218
13 227
13 247
13 267
14 22
14 30
14 36
14 42
14 53
14 57
14 65
14 94
14 151
14 159
14 184
14 205
14 220
14 236
14 254
14 255
14 270
14 304
14 306
14 315
14 316
14 325
14 350
14 381
14 382
14 388
15 0
15 46
15 66
15 69
15 82
15 123
15 170
15 193
15 221
15 297
15 336
15 393
15 394
15 398
16 9
16 21
16 34
16 39
16 48
16 119
16 124
16 141
16 146
16 156
16 158
16 222
16 231
16 238
16 242
16 246
16 291
16 293
16 321
16 324
16 328
16 330
16 338
16 354
16 371
16 391
17 33
17 38
17 51
17 87
17 92
17 143
17 166
17 172
17 192
17 243
17 257
17 285
17 326
17 357
17 378
17 386
18 14
18 18
18 73
18 88
18 89
18 127
18 133
18 155
18 162
18 181
18 186
18 211
18 212
18 225
18 240
18 256
18 259
18 278
18 303
18 311
18 337
18 340
18 342
18 370
18 397
19 3
19 8
19 59
19 79
19 96
19 137
19 204
19 273
19 286
19 288
19 379
19 387
