0 1
0 4
0 6
0 10
0 13
0 14
0 18
0 19
0 22
0 24
0 27
0 29
0 30
0 31
0 34
0 35
0 36
0 39
0 42
0 43
0 47
0 48
0 53
0 54
0 56
0 57
0 60
0 61
0 62
0 63
0 65
0 68
0 70
0 73
0 74
0 88
0 89
0 90
0 101
0 102
0 107
0 111
0 114
0 117
0 118
0 120
0 122
0 125
0 127
0 133
0 139
0 144
0 148
0 150
0 151
0 155
0 158
0 162
0 163
0 171
0 173
0 175
0 178
0 181
0 183
0 184
0 185
0 186
0 188
0 197
0 205
0 209
0 210
0 211
0 212
0 215
0 219
0 220
0 223
0 224
0 225
0 226
0 233
0 240
0 241
0 246
0 251
0 254
0 255
0 256
0 259
0 260
0 262
0 270
0 275
0 276
0 278
0 282
0 287
0 289
0 290
0 298
0 299
0 300
0 303
0 304
0 306
0 311
0 315
0 316
0 321
0 324
0 325
0 327
0 335
0 337
0 338
0 340
0 342
0 344
0 345
0 346
0 349
0 350
0 351
0 355
0 363
0 365
0 366
0 369
0 370
0 372
0 373
0 381
0 382
0 391
0 396
0 397
1 7
1 9
1 21
1 64
1 67
1 72
1 77
1 83
1 84
1 94
1 96
1 97
1 99
1 106
1 109
1 110
1 119
1 124
1 137
1 141
1 146
1 153
1 156
1 157
1 159
1 164
1 165
1 174
1 176
1 190
1 198
1 199
1 200
1 222
1 229
1 231
1 236
1 238
1 242
1 250
1 258
1 264
1 266
1 269
1 271
1 281
1 291
1 293
1 296
1 302
1 305
1 312
1 317
1 328
1 330
1 332
1 339
1 341
1 354
1 364
1 367
1 371
1 377
1 388
1 395
1 399
2 3
2 8
2 11
2 12
2 16
2 32
2 41
2 49
2 59
2 76
2 79
2 80
2 85
2 93
2 108
2 115
2 129
2 130
2 131
2 134
2 142
2 149
2 154
2 182
2 191
2 204
2 206
2 207
2 214
2 217
2 235
2 237
2 252
2 268
2 272
2 273
2 279
2 286
2 288
2 301
2 358
2 359
2 375
2 379
2 380
2 383
2 384
2 387
3 2
3 5
3 15
3 17
3 20
3 23
3 25
3 26
3 28
3 40
3 45
3 55
3 58
3 71
3 75
3 78
3 91
3 95
3 98
3 100
3 103
3 105
3 113
3 116
3 132
3 135
3 136
3 138
3 145
3 160
3 161
3 167
3 177
3 189
3 194
3 195
3 202
3 216
3 218
3 227
3 230
3 232
3 239
3 245
3 247
3 249
3 253
3 263
3 265
3 267
3 284
3 294
3 295
3 307
3 309
3 319
3 320
3 323
3 331
3 333
3 347
3 348
3 356
3 360
3 362
3 368
3 376
3 389
3 392
4 0
4 33
4 37
4 38
4 44
4 46
4 50
4 51
4 52
4 66
4 69
4 81
4 82
4 86
4 87
4 92
4 104
4 112
4 121
4 123
4 126
4 128
4 140
4 143
4 147
4 152
4 166
4 168
4 169
4 170
4 172
4 179
4 180
4 187
4 192
4 193
4 196
4 201
4 203
4 208
4 213
4 221
4 228
4 234
4 243
4 244
4 248
4 257
4 261
4 274
4 277
4 280
4 283
4 285
4 292
4 297
4 308
4 310
4 313
4 314
4 318
4 322
4 326
4 329
4 334
4 336
4 343
4 352
4 353
4 357
4 361
4 374
4 378
4 385
4 386
4 390
4 393
4 394
4 398
