0 3
0 8
0 11
0 12
0 16
0 32
0 41
0 49
0 59
0 76
0 79
0 80
0 93
0 108
0 115
0 129
0 130
0 131
0 142
0 149
0 154
0 182
0 204
0 206
0 207
0 214
0 217
0 235
0 237
0 252
0 273
0 286
0 288
0 301
0 358
0 359
0 375
0 379
0 380
0 383
0 384
0 387
1 0
1 33
1 46
1 48
1 52
1 66
1 69
1 77
1 81
1 82
1 106
1 112
1 123
1 140
1 156
1 170
1 179
1 193
1 196
1 221
1 258
1 274
1 292
1 297
1 313
1 314
1 318
1 326
1 329
1 330
1 336
1 352
1 353
1 361
1 374
1 393
1 394
1 398
2 2
2 20
2 37
2 44
2 50
2 55
2 71
2 78
2 91
2 104
2 105
2 138
2 152
2 160
2 161
2 177
2 180
2 187
2 201
2 208
2 213
2 218
2 227
2 228
2 234
2 245
2 247
2 261
2 277
2 280
2 308
2 309
2 310
2 322
2 334
2 348
2 356
2 385
3 4
3 18
3 24
3 35
3 38
3 39
3 43
3 47
3 51
3 73
3 86
3 87
3 89
3 92
3 102
3 107
3 117
3 121
3 125
3 126
3 128
3 133
3 143
3 147
3 155
3 162
3 166
3 169
3 171
3 172
3 178
3 183
3 185
3 186
3 192
3 203
3 209
3 212
3 224
3 225
3 233
3 240
3 241
3 243
3 244
3 246
3 248
3 256
3 257
3 259
3 275
3 278
3 285
3 298
3 300
3 303
3 324
3 337
3 342
3 343
3 345
3 346
3 351
3 355
3 357
3 366
3 370
3 373
3 378
3 386
3 390
3 392
4 19
4 22
4 30
4 34
4 36
4 42
4 53
4 57
4 61
4 63
4 65
4 70
4 83
4 90
4 94
4 111
4 114
4 120
4 151
4 158
4 159
4 168
4 205
4 215
4 220
4 226
4 236
4 242
4 254
4 255
4 260
4 270
4 283
4 287
4 304
4 306
4 315
4 316
4 321
4 325
4 350
4 381
4 382
4 388
5 7
5 9
5 21
5 64
5 67
5 72
5 84
5 96
5 97
5 99
5 109
5 110
5 119
5 124
5 137
5 141
5 146
5 153
5 157
5 164
5 165
5 174
5 176
5 190
5 198
5 199
5 200
5 222
5 229
5 231
5 238
5 250
5 264
5 266
5 269
5 271
5 281
5 291
5 293
5 296
5 302
5 305
5 312
5 317
5 328
5 332
5 339
5 341
5 354
5 364
5 367
5 371
5 377
5 395
5 399
6 1
6 6
6 10
6 13
6 14
6 27
6 29
6 31
6 54
6 56
6 60
6 62
6 68
6 74
6 88
6 101
6 118
6 122
6 127
6 139
6 144
6 148
6 150
6 163
6 173
6 175
6 181
6 184
6 188
6 197
6 210
6 211
6 219
6 223
6 251
6 262
6 276
6 282
6 289
6 290
6 299
6 311
6 327
6 335
6 338
6 340
6 344
6 349
6 363
6 365
6 369
6 372
6 391
6 396
6 397
7 5
7 15
7 17
7 23
7 25
7 26
7 28
7 40
7 45
7 58
7 75
7 85
7 95
7 98
7 100
7 103
7 113
7 116
7 132
7 134
7 135
7 136
7 145
7 167
7 189
7 191
7 194
7 195
7 202
7 216
7 230
7 232
7 239
7 249
7 253
7 263
7 265
7 267
7 268
7 272
7 279
7 284
7 294
7 295
7 307
7 319
7 320
7 323
7 331
7 333
7 347
7 360
7 362
7 368
7 376
7 389
