0 0
0 33
0 37
0 38
0 44
0 50
0 51
0 66
0 81
0 86
0 92
0 104
0 112
0 123
0 126
0 143
0 147
0 152
0 166
0 169
0 170
0 172
0 179
0 180
0 187
0 192
0 201
0 208
0 213
0 221
0 228
0 234
0 243
0 244
0 257
0 261
0 277
0 280
0 308
0 310
0 318
0 322
0 326
0 334
0 378
0 385
0 386
0 394
0 398
1 1
1 6
1 10
1 13
1 14
1 22
1 27
1 29
1 30
1 31
1 34
1 42
1 53
1 54
1 56
1 57
1 60
1 65
1 68
1 74
1 88
1 101
1 118
1 139
1 144
1 148
1 150
1 158
1 163
1 173
1 175
1 184
1 188
1 197
1 211
1 219
1 223
1 251
1 262
1 276
1 282
1 290
1 299
1 304
1 315
1 321
1 327
1 335
1 340
1 344
1 349
1 365
1 369
1 381
1 391
1 396
1 397
2 2
2 17
2 20
2 23
2 25
2 26
2 45
2 55
2 58
2 71
2 78
2 91
2 95
2 98
2 100
2 103
2 105
2 132
2 134
2 135
2 136
2 138
2 145
2 160
2 161
2 177
2 189
2 194
2 195
2 218
2 227
2 230
2 232
2 245
2 247
2 249
2 267
2 279
2 284
2 307
2 309
2 331
2 347
2 348
2 360
2 389
3 62
3 64
3 76
3 80
3 93
3 96
3 97
3 109
3 131
3 137
3 141
3 149
3 157
3 164
3 174
3 190
3 199
3 200
3 206
3 217
3 235
3 252
3 264
3 266
3 271
3 281
3 291
3 302
3 305
3 317
3 341
3 358
3 363
3 371
3 372
3 380
3 387
3 395
3 399
4 7
4 9
4 21
4 67
4 72
4 77
4 83
4 84
4 94
4 99
4 106
4 110
4 119
4 124
4 146
4 153
4 156
4 159
4 165
4 176
4 198
4 222
4 229
4 231
4 236
4 238
4 242
4 250
4 258
4 269
4 293
4 296
4 312
4 328
4 330
4 332
4 339
4 354
4 364
4 367
4 377
4 388
4 393
5 5
5 15
5 28
5 40
5 69
5 75
5 82
5 108
5 113
5 116
5 121
5 167
5 182
5 196
5 202
5 216
5 239
5 253
5 263
5 265
5 268
5 294
5 295
5 319
5 320
5 323
5 333
5 336
5 362
5 368
5 375
5 376
6 19
6 36
6 46
6 52
6 61
6 63
6 70
6 90
6 111
6 114
6 120
6 122
6 140
6 151
6 168
6 193
6 205
6 215
6 220
6 226
6 254
6 255
6 260
6 270
6 274
6 283
6 287
6 289
6 292
6 297
6 306
6 313
6 314
6 316
6 325
6 329
6 346
6 350
6 352
6 353
6 361
6 374
6 382
7 4
7 18
7 24
7 35
7 39
7 43
7 47
7 48
7 73
7 87
7 89
7 102
7 107
7 117
7 125
7 127
7 128
7 133
7 155
7 162
7 171
7 178
7 181
7 183
7 185
7 186
7 203
7 209
7 210
7 212
7 224
7 225
7 233
7 240
7 241
7 246
7 248
7 256
7 259
7 275
7 278
7 285
7 298
7 300
7 303
7 311
7 324
7 337
7 338
7 342
7 343
7 345
7 351
7 355
7 356
7 357
7 366
7 370
7 373
7 390
7 392
8 3
8 8
8 11
8 12
8 16
8 32
8 41
8 49
8 59
8 79
8 85
8 115
8 129
8 130
8 142
8 154
8 191
8 204
8 207
8 214
8 237
8 272
8 273
8 286
8 288
8 301
8 359
8 379
8 383
8 384
