0 7
0 11
0 19
0 21
0 44
0 64
0 74
0 90
0 98
0 132
0 135
0 166
0 183
1 5
1 13
1 42
1 50
1 62
1 69
1 88
1 112
1 113
1 118
1 122
1 126
1 137
1 142
1 147
1 150
1 162
1 164
1 167
1 176
1 184
1 186
2 6
2 31
2 37
2 43
2 47
2 66
2 67
2 70
2 78
2 84
2 85
2 104
2 105
2 124
2 125
2 134
2 155
2 159
2 174
2 178
2 185
2 188
2 195
3 10
3 24
3 28
3 32
3 33
3 35
3 38
3 40
3 53
3 59
3 61
3 63
3 68
3 73
3 86
3 97
3 99
3 101
3 107
3 108
3 115
3 121
3 128
3 140
3 143
3 149
3 152
3 158
3 175
3 181
3 199
4 2
4 12
4 16
4 17
4 18
4 26
4 29
4 30
4 41
4 65
4 94
4 120
4 127
4 131
4 138
4 151
4 161
4 170
4 171
4 192
5 22
5 34
5 45
5 54
5 76
5 79
5 80
5 81
5 87
5 92
5 109
5 117
5 136
5 146
5 148
5 154
5 168
5 169
5 177
5 180
5 182
5 191
6 0
6 27
6 36
6 51
6 77
6 83
6 93
6 96
6 106
6 110
6 116
6 123
6 129
6 153
6 156
6 160
6 189
7 8
7 14
7 20
7 23
7 52
7 57
7 60
7 91
7 95
7 100
7 102
7 119
7 141
7 145
7 172
7 173
7 187
7 198
8 1
8 3
8 4
8 15
8 39
8 48
8 49
8 55
8 71
8 75
8 82
8 89
8 114
8 130
8 139
8 144
8 163
8 179
8 190
8 193
8 196
9 9
9 25
9 46
9 56
9 58
9 72
9 103
9 111
9 133
9 157
9 165
9 194
9 197
