0 31
0 37
0 67
0 78
0 84
0 104
0 125
0 134
0 155
0 159
0 174
0 188
0 195
1 2
1 16
1 17
1 18
1 23
1 26
1 29
1 30
1 41
1 52
1 57
1 65
1 102
1 119
1 120
1 127
1 131
1 138
1 141
1 151
1 161
1 170
1 171
1 172
1 173
1 198
2 7
2 9
2 11
2 21
2 25
2 36
2 44
2 46
2 51
2 56
2 58
2 83
2 90
2 98
2 103
2 111
2 123
2 129
2 132
2 133
2 153
2 156
2 166
2 194
2 197
3 8
3 14
3 20
3 22
3 76
3 80
3 91
3 136
3 145
3 148
3 154
3 168
3 180
3 184
4 1
4 3
4 40
4 55
4 61
4 64
4 73
4 74
4 75
4 105
4 135
4 139
4 143
4 179
4 183
4 196
4 199
5 5
5 42
5 45
5 50
5 81
5 88
5 109
5 126
5 142
5 164
5 169
5 176
5 177
5 186
5 191
6 4
6 15
6 39
6 43
6 47
6 48
6 49
6 71
6 82
6 85
6 89
6 101
6 108
6 114
6 115
6 124
6 130
6 144
6 163
6 181
6 190
6 193
7 12
7 34
7 54
7 66
7 79
7 87
7 92
7 117
7 140
7 146
7 178
7 182
7 192
8 13
8 60
8 62
8 69
8 94
8 95
8 100
8 112
8 113
8 118
8 122
8 137
8 147
8 150
8 162
8 167
9 0
9 27
9 33
9 53
9 59
9 63
9 68
9 77
9 86
9 93
9 96
9 97
9 99
9 106
9 110
9 116
9 121
9 149
9 152
9 158
9 160
9 175
9 189
10 6
10 10
10 19
10 24
10 28
10 32
10 35
10 38
10 70
10 72
10 107
10 128
10 157
10 165
10 185
10 187
