0 7
0 19
0 21
0 46
0 58
0 72
0 90
0 98
0 103
0 111
0 132
0 133
0 166
0 194
1 22
1 76
1 80
1 91
1 100
1 109
1 118
1 126
1 136
1 145
1 147
1 154
1 164
1 168
1 180
1 184
2 6
2 10
2 24
2 28
2 32
2 35
2 38
2 64
2 70
2 86
2 105
2 107
2 128
2 157
2 165
2 181
2 185
3 2
3 8
3 16
3 17
3 18
3 26
3 29
3 30
3 41
3 52
3 57
3 60
3 65
3 95
3 102
3 119
3 120
3 127
3 131
3 138
3 141
3 151
3 161
3 170
3 171
3 198
4 1
4 3
4 4
4 48
4 55
4 71
4 75
4 82
4 89
4 108
4 114
4 130
4 139
4 163
4 179
4 190
4 193
4 196
5 11
5 36
5 40
5 44
5 61
5 63
5 73
5 74
5 96
5 116
5 121
5 123
5 135
5 143
5 149
5 158
5 183
5 199
6 12
6 34
6 54
6 66
6 79
6 87
6 92
6 117
6 140
6 146
6 148
6 182
6 192
7 5
7 42
7 45
7 50
7 81
7 142
7 169
7 176
7 177
7 186
7 191
8 13
8 62
8 69
8 88
8 94
8 112
8 113
8 122
8 137
8 150
8 162
8 167
9 33
9 39
9 53
9 59
9 68
9 77
9 93
9 97
9 99
9 101
9 106
9 115
9 152
9 175
9 189
10 0
10 9
10 14
10 20
10 23
10 25
10 27
10 51
10 56
10 83
10 110
10 129
10 153
10 156
10 160
10 172
10 173
10 187
10 197
11 15
11 31
11 37
11 43
11 47
11 49
11 67
11 78
11 84
11 85
11 104
11 124
11 125
11 134
11 144
11 155
11 159
11 174
11 178
11 188
11 195
