0 5
0 13
0 42
0 50
0 62
0 69
0 88
0 112
0 113
0 118
0 122
0 137
0 142
0 150
0 162
0 167
0 176
0 186
1 24
1 33
1 53
1 59
1 68
1 77
1 86
1 93
1 97
1 99
1 101
1 106
1 108
1 115
1 152
1 158
1 175
1 189
2 4
2 15
2 39
2 48
2 49
2 71
2 82
2 89
2 114
2 124
2 130
2 144
2 163
2 181
2 190
2 193
3 7
3 9
3 21
3 25
3 46
3 56
3 58
3 72
3 90
3 98
3 103
3 111
3 132
3 133
3 166
3 194
3 197
4 0
4 11
4 27
4 36
4 38
4 40
4 44
4 63
4 73
4 74
4 96
4 110
4 116
4 121
4 123
4 129
4 135
4 143
4 149
4 160
4 183
4 199
5 2
5 16
5 17
5 18
5 26
5 29
5 30
5 41
5 65
5 120
5 127
5 131
5 138
5 151
5 161
5 170
5 171
5 198
6 22
6 45
6 80
6 81
6 109
6 126
6 136
6 154
6 164
6 168
6 169
6 177
6 191
7 34
7 54
7 66
7 79
7 87
7 92
7 117
7 140
7 146
7 148
7 178
7 182
7 188
8 1
8 3
8 55
8 61
8 64
8 75
8 105
8 139
8 179
8 196
9 8
9 12
9 14
9 20
9 23
9 51
9 57
9 83
9 119
9 153
9 156
9 172
9 173
9 187
9 192
10 31
10 37
10 43
10 47
10 67
10 70
10 78
10 84
10 85
10 104
10 125
10 134
10 155
10 159
10 174
10 185
10 195
11 52
11 60
11 91
11 94
11 95
11 100
11 102
11 141
11 145
11 147
11 184
12 6
12 10
12 19
12 28
12 32
12 35
12 76
12 107
12 128
12 157
12 165
12 180
