0 22
0 45
0 80
0 81
0 104
0 109
0 126
0 136
0 164
0 168
0 169
0 177
0 191
1 6
1 10
1 24
1 28
1 32
1 35
1 38
1 70
1 78
1 85
1 86
1 107
1 128
1 157
1 159
1 165
1 181
1 185
2 2
2 16
2 26
2 94
2 120
2 127
2 141
2 151
2 161
2 162
2 170
3 0
3 27
3 36
3 51
3 63
3 83
3 96
3 110
3 121
3 123
3 129
3 149
3 153
3 156
3 158
3 160
3 189
4 31
4 37
4 67
4 84
4 125
4 134
4 155
4 174
4 178
4 188
4 195
5 8
5 14
5 20
5 76
5 119
5 145
5 148
5 154
5 172
5 173
5 187
6 1
6 3
6 55
6 64
6 75
6 89
6 105
6 139
6 179
6 196
6 199
7 7
7 9
7 19
7 21
7 25
7 46
7 56
7 58
7 72
7 90
7 98
7 103
7 111
7 132
7 166
7 194
7 197
8 5
8 13
8 42
8 50
8 62
8 69
8 88
8 112
8 113
8 118
8 122
8 137
8 142
8 150
8 167
8 176
8 186
9 17
9 18
9 23
9 29
9 30
9 41
9 57
9 65
9 102
9 131
9 138
9 171
9 198
10 12
10 34
10 54
10 66
10 79
10 87
10 92
10 117
10 140
10 146
10 182
10 192
11 4
11 15
11 39
11 43
11 47
11 48
11 49
11 71
11 82
11 108
11 114
11 124
11 130
11 144
11 163
11 190
11 193
12 52
12 60
12 91
12 95
12 100
12 133
12 147
12 180
12 184
13 11
13 40
13 44
13 61
13 73
13 74
13 116
13 135
13 143
13 183
14 33
14 53
14 59
14 68
14 77
14 93
14 97
14 99
14 101
14 106
14 115
14 152
14 175
