0 15
0 39
0 48
0 49
0 71
0 101
0 108
0 115
0 130
0 190
0 193
1 14
1 22
1 52
1 60
1 76
1 80
1 91
1 95
1 100
1 145
1 147
1 154
1 180
1 184
2 10
2 19
2 72
2 157
2 165
2 187
3 8
3 17
3 18
3 20
3 23
3 30
3 41
3 57
3 65
3 102
3 119
3 131
3 138
3 171
3 172
3 173
3 198
4 31
4 43
4 47
4 70
4 78
4 82
4 84
4 85
4 114
4 124
4 144
4 159
4 163
4 181
4 185
4 195
5 45
5 81
5 109
5 113
5 118
5 126
5 136
5 164
5 168
5 169
5 177
5 191
6 40
6 44
6 61
6 73
6 74
6 116
6 135
6 143
6 183
7 9
7 21
7 25
7 46
7 56
7 58
7 98
7 103
7 111
7 132
7 133
7 166
7 194
8 12
8 34
8 54
8 66
8 87
8 92
8 117
8 140
8 146
8 148
8 182
8 192
9 5
9 13
9 42
9 50
9 62
9 69
9 88
9 112
9 122
9 137
9 142
9 150
9 167
9 176
9 186
10 1
10 3
10 4
10 55
10 75
10 89
10 105
10 139
10 179
10 196
11 6
11 24
11 28
11 32
11 35
11 38
11 64
11 86
11 107
11 128
11 149
11 199
12 0
12 7
12 11
12 27
12 36
12 51
12 83
12 90
12 96
12 110
12 123
12 129
12 153
12 156
12 160
12 197
13 2
13 16
13 26
13 29
13 94
13 120
13 127
13 141
13 151
13 161
13 162
13 170
14 33
14 53
14 59
14 63
14 68
14 77
14 93
14 97
14 99
14 106
14 121
14 152
14 158
14 175
14 189
15 37
15 67
15 79
15 104
15 125
15 134
15 155
15 174
15 178
15 188
