0 13
0 62
0 69
0 112
0 113
0 118
0 122
0 137
0 150
0 167
1 1
1 3
1 55
1 61
1 73
1 75
1 89
1 139
1 179
1 190
1 196
2 37
2 67
2 84
2 125
2 134
2 155
2 174
2 178
2 188
2 195
3 0
3 27
3 36
3 40
3 63
3 96
3 110
3 116
3 121
3 123
3 129
3 143
3 149
3 158
3 160
3 189
4 24
4 43
4 47
4 85
4 86
4 108
4 144
4 163
4 181
5 17
5 18
5 20
5 23
5 29
5 30
5 41
5 57
5 65
5 102
5 119
5 131
5 138
5 161
5 171
5 198
6 9
6 14
6 25
6 51
6 52
6 56
6 58
6 83
6 111
6 153
6 156
6 172
6 173
6 187
6 194
6 197
7 45
7 81
7 109
7 126
7 136
7 164
7 168
7 169
7 177
7 182
7 191
8 33
8 53
8 59
8 68
8 77
8 93
8 97
8 99
8 101
8 106
8 115
8 152
8 175
9 5
9 42
9 50
9 88
9 142
9 176
9 186
10 2
10 16
10 26
10 94
10 95
10 120
10 127
10 141
10 151
10 162
10 170
11 6
11 10
11 19
11 28
11 32
11 35
11 38
11 64
11 72
11 107
11 128
11 157
11 165
11 199
12 7
12 11
12 21
12 44
12 46
12 74
12 90
12 98
12 103
12 132
12 135
12 166
12 183
13 54
13 66
13 79
13 87
13 117
13 140
14 4
14 15
14 39
14 48
14 49
14 71
14 82
14 114
14 124
14 130
14 193
15 22
15 60
15 76
15 80
15 91
15 100
15 133
15 145
15 147
15 154
15 180
15 184
16 31
16 70
16 78
16 104
16 105
16 159
16 185
17 8
17 12
17 34
17 92
17 146
17 148
17 192
