0 1
0 3
0 4
0 6
0 15
0 31
0 37
0 39
0 43
0 47
0 48
0 49
0 55
0 61
0 64
0 66
0 67
0 70
0 71
0 73
0 75
0 78
0 79
0 81
0 82
0 84
0 85
0 89
0 104
0 105
0 108
0 114
0 124
0 125
0 130
0 134
0 139
0 144
0 155
0 159
0 163
0 174
0 178
0 179
0 181
0 182
0 185
0 188
0 190
0 193
0 195
0 196
0 199
1 0
1 2
1 5
1 7
1 8
1 9
1 10
1 11
1 12
1 13
1 14
1 16
1 17
1 18
1 19
1 20
1 21
1 22
1 23
1 24
1 25
1 26
1 27
1 28
1 29
1 30
1 32
1 33
1 34
1 35
1 36
1 38
1 40
1 41
1 42
1 44
1 45
1 46
1 50
1 51
1 52
1 53
1 54
1 56
1 57
1 58
1 59
1 60
1 62
1 63
1 65
1 68
1 69
1 72
1 74
1 76
1 77
1 80
1 83
1 86
1 87
1 88
1 90
1 91
1 92
1 93
1 94
1 95
1 96
1 97
1 98
1 99
1 100
1 101
1 102
1 103
1 106
1 107
1 109
1 110
1 111
1 112
1 113
1 115
1 116
1 117
1 118
1 119
1 120
1 121
1 122
1 123
1 126
1 127
1 128
1 129
1 131
1 132
1 133
1 135
1 136
1 137
1 138
1 140
1 141
1 142
1 143
1 145
1 146
1 147
1 148
1 149
1 150
1 151
1 152
1 153
1 154
1 156
1 157
1 158
1 160
1 161
1 162
1 164
1 165
1 166
1 167
1 168
1 169
1 170
1 171
1 172
1 173
1 175
1 176
1 177
1 180
1 183
1 184
1 186
1 187
1 189
1 191
1 192
1 194
1 197
1 198
