0 6
0 31
0 70
0 78
0 104
0 105
0 159
0 185
1 2
1 16
1 17
1 18
1 26
1 29
1 94
1 120
1 127
1 141
1 151
1 161
1 162
1 170
2 0
2 27
2 36
2 51
2 83
2 96
2 110
2 129
2 153
2 156
2 160
2 197
3 37
3 66
3 67
3 84
3 125
3 134
3 155
3 174
3 178
3 188
3 195
4 13
4 62
4 69
4 88
4 112
4 113
4 118
4 122
4 137
4 150
4 167
5 10
5 19
5 28
5 32
5 35
5 72
5 76
5 80
5 107
5 128
5 157
5 165
5 180
5 187
6 24
6 38
6 63
6 86
6 121
6 123
6 149
6 158
6 189
7 98
7 103
7 133
8 8
8 12
8 34
8 92
8 146
8 148
8 192
9 1
9 3
9 55
9 75
9 89
9 139
9 179
9 196
10 9
10 20
10 23
10 30
10 41
10 57
10 65
10 102
10 119
10 131
10 138
10 171
10 172
10 173
10 198
11 7
11 21
11 25
11 46
11 56
11 58
11 90
11 111
11 132
11 166
11 194
12 45
12 79
12 81
12 109
12 126
12 136
12 164
12 168
12 169
12 177
12 182
12 191
13 15
13 39
13 43
13 47
13 49
13 85
13 108
13 124
13 144
13 163
13 181
14 5
14 42
14 50
14 142
14 176
14 186
15 14
15 22
15 52
15 60
15 91
15 95
15 100
15 145
15 147
15 154
15 184
16 33
16 53
16 59
16 68
16 77
16 93
16 97
16 99
16 101
16 106
16 115
16 152
16 175
17 54
17 87
17 117
17 140
18 4
18 48
18 71
18 82
18 114
18 130
18 190
18 193
19 11
19 40
19 44
19 61
19 64
19 73
19 74
19 116
19 135
19 143
19 183
19 199
