0 1
0 3
0 4
0 6
0 15
0 31
0 37
0 39
0 43
0 47
0 48
0 49
0 55
0 67
0 70
0 71
0 75
0 78
0 82
0 84
0 85
0 89
0 101
0 104
0 105
0 108
0 114
0 115
0 124
0 125
0 130
0 134
0 139
0 144
0 155
0 159
0 163
0 174
0 178
0 179
0 181
0 185
0 188
0 190
0 193
0 195
0 196
1 2
1 8
1 9
1 12
1 14
1 16
1 17
1 18
1 20
1 23
1 26
1 29
1 30
1 41
1 52
1 57
1 58
1 60
1 65
1 76
1 91
1 94
1 95
1 100
1 102
1 112
1 119
1 120
1 127
1 131
1 133
1 138
1 140
1 141
1 145
1 147
1 151
1 161
1 162
1 170
1 171
1 172
1 173
1 198
2 0
2 7
2 10
2 11
2 19
2 21
2 24
2 25
2 27
2 28
2 32
2 33
2 35
2 36
2 38
2 40
2 44
2 46
2 51
2 53
2 56
2 59
2 61
2 63
2 64
2 68
2 72
2 73
2 74
2 77
2 83
2 86
2 90
2 93
2 96
2 97
2 98
2 99
2 103
2 106
2 107
2 110
2 111
2 116
2 121
2 123
2 128
2 129
2 132
2 135
2 143
2 149
2 152
2 153
2 156
2 157
2 158
2 160
2 165
2 166
2 175
2 180
2 183
2 187
2 189
2 194
2 197
2 199
3 5
3 13
3 22
3 34
3 42
3 45
3 50
3 54
3 62
3 66
3 69
3 79
3 80
3 81
3 87
3 88
3 92
3 109
3 113
3 117
3 118
3 122
3 126
3 136
3 137
3 142
3 146
3 148
3 150
3 154
3 164
3 167
3 168
3 169
3 176
3 177
3 182
3 184
3 186
3 191
3 192
