0 2
0 13
0 16
0 26
0 52
0 60
0 69
0 91
0 94
0 95
0 100
0 102
0 112
0 113
0 120
0 127
0 141
0 145
0 147
0 150
0 151
0 162
0 167
0 170
0 184
1 1
1 3
1 6
1 10
1 19
1 24
1 28
1 31
1 32
1 35
1 38
1 55
1 64
1 70
1 75
1 78
1 80
1 104
1 105
1 128
1 136
1 139
1 157
1 159
1 165
1 179
1 181
1 185
1 199
2 7
2 9
2 14
2 21
2 25
2 46
2 51
2 56
2 58
2 72
2 76
2 83
2 90
2 98
2 103
2 107
2 111
2 132
2 133
2 153
2 156
2 166
2 173
2 180
2 187
2 194
2 197
3 8
3 12
3 17
3 18
3 20
3 23
3 29
3 30
3 34
3 41
3 54
3 57
3 65
3 87
3 92
3 117
3 119
3 131
3 138
3 140
3 146
3 148
3 154
3 161
3 171
3 172
3 192
3 198
4 4
4 15
4 37
4 39
4 43
4 47
4 48
4 49
4 66
4 67
4 71
4 82
4 84
4 85
4 89
4 101
4 114
4 124
4 125
4 130
4 134
4 144
4 155
4 163
4 174
4 178
4 188
4 190
4 193
4 195
4 196
5 5
5 22
5 42
5 45
5 50
5 62
5 79
5 81
5 88
5 109
5 118
5 122
5 126
5 137
5 142
5 164
5 168
5 169
5 176
5 177
5 182
5 186
5 191
6 0
6 11
6 27
6 33
6 36
6 40
6 44
6 53
6 59
6 61
6 63
6 68
6 73
6 74
6 77
6 86
6 93
6 96
6 97
6 99
6 106
6 108
6 110
6 115
6 116
6 121
6 123
6 129
6 135
6 143
6 149
6 152
6 158
6 160
6 175
6 183
6 189
