0 1
0 3
0 4
0 48
0 55
0 71
0 75
0 82
0 89
0 105
0 114
0 130
0 139
0 163
0 179
0 181
0 190
0 193
0 196
1 8
1 9
1 14
1 20
1 23
1 25
1 41
1 51
1 52
1 56
1 57
1 58
1 83
1 91
1 100
1 119
1 145
1 153
1 154
1 156
1 172
1 173
1 187
1 198
2 15
2 31
2 37
2 43
2 47
2 49
2 67
2 78
2 84
2 85
2 104
2 124
2 125
2 134
2 144
2 155
2 159
2 174
2 178
2 188
2 195
3 0
3 24
3 27
3 33
3 39
3 40
3 53
3 59
3 61
3 63
3 68
3 73
3 77
3 86
3 93
3 96
3 97
3 99
3 101
3 106
3 108
3 110
3 115
3 116
3 121
3 143
3 149
3 152
3 158
3 160
3 175
3 189
4 5
4 13
4 22
4 42
4 45
4 50
4 62
4 69
4 81
4 88
4 109
4 113
4 118
4 122
4 126
4 137
4 142
4 147
4 150
4 164
4 167
4 168
4 169
4 176
4 177
4 184
4 186
4 191
5 7
5 11
5 21
5 36
5 44
5 46
5 74
5 90
5 98
5 103
5 111
5 123
5 129
5 132
5 133
5 135
5 166
5 183
5 194
5 197
6 12
6 34
6 54
6 66
6 79
6 87
6 92
6 117
6 140
6 146
6 148
6 182
6 192
7 2
7 16
7 17
7 18
7 26
7 29
7 30
7 60
7 65
7 94
7 95
7 102
7 112
7 120
7 127
7 131
7 138
7 141
7 151
7 161
7 162
7 170
7 171
8 6
8 10
8 19
8 28
8 32
8 35
8 38
8 64
8 70
8 72
8 76
8 80
8 107
8 128
8 136
8 157
8 165
8 180
8 185
8 199
