0 3
0 23
0 25
0 40
0 41
0 66
0 75
0 80
0 81
0 82
0 96
0 98
0 99
0 109
0 128
0 131
0 134
0 153
0 157
0 195
1 5
1 13
1 49
1 58
1 60
1 83
1 89
1 100
1 127
1 135
1 137
1 141
1 154
1 182
1 187
1 191
2 9
2 11
2 17
2 24
2 31
2 38
2 39
2 44
2 50
2 55
2 56
2 65
2 74
2 76
2 88
2 91
2 118
2 142
2 145
2 155
3 12
3 45
3 62
3 85
3 103
3 120
3 152
3 159
3 174
3 179
3 196
4 93
4 121
4 165
4 167
5 16
5 32
5 69
5 105
5 106
5 115
5 130
5 156
5 183
5 185
5 194
6 0
6 8
6 18
6 21
6 28
6 33
6 42
6 57
6 64
6 68
6 72
6 73
6 78
6 94
6 101
6 158
6 171
6 175
6 190
6 198
7 4
7 14
7 37
7 43
7 47
7 53
7 102
7 107
7 125
7 140
7 144
7 148
7 160
7 180
7 188
7 189
8 2
8 7
8 20
8 34
8 35
8 36
8 46
8 51
8 77
8 87
8 92
8 110
8 113
8 114
8 124
8 129
8 132
8 136
8 138
8 143
8 149
8 151
8 161
8 162
8 166
8 178
8 181
8 186
8 193
8 197
9 30
9 54
9 61
9 63
9 90
9 111
9 112
9 139
9 146
9 163
9 176
10 6
10 52
10 67
10 86
10 170
10 173
10 184
11 1
11 10
11 15
11 19
11 22
11 26
11 27
11 29
11 48
11 59
11 70
11 71
11 79
11 84
11 95
11 97
11 104
11 108
11 116
11 117
11 119
11 122
11 123
11 126
11 133
11 147
11 150
11 164
11 168
11 169
11 172
11 177
11 192
11 199
