0 25
0 53
0 57
0 60
0 61
0 63
0 133
0 158
0 180
0 183
0 192
0 194
0 203
0 225
0 226
0 257
0 259
0 298
0 345
0 353
0 393
1 2
1 6
1 12
1 14
1 18
1 33
1 43
1 45
1 56
1 67
1 74
1 84
1 86
1 91
1 102
1 107
1 119
1 126
1 131
1 136
1 140
1 144
1 150
1 159
1 160
1 167
1 169
1 174
1 184
1 185
1 186
1 190
1 195
1 199
1 209
1 215
1 221
1 223
1 224
1 239
1 241
1 249
1 251
1 252
1 256
1 258
1 262
1 276
1 278
1 287
1 292
1 310
1 327
1 337
1 342
1 349
1 352
1 358
1 363
1 365
1 370
1 371
1 380
1 382
1 397
2 5
2 8
2 16
2 76
2 85
2 103
2 112
2 115
2 127
2 132
2 142
2 181
2 228
2 263
2 288
2 306
2 307
2 333
2 336
2 379
2 392
2 398
3 23
3 66
3 148
3 201
3 208
3 284
3 346
3 348
3 362
3 373
4 20
4 28
4 116
4 134
4 147
4 153
4 168
4 172
4 176
4 182
4 193
4 232
4 244
4 253
4 254
4 261
4 275
4 329
4 343
4 374
5 19
5 27
5 54
5 94
5 122
5 125
5 173
5 197
5 270
5 271
5 293
5 304
5 309
5 311
5 315
5 317
5 335
5 340
5 369
6 11
6 17
6 24
6 32
6 64
6 77
6 78
6 80
6 81
6 82
6 120
6 129
6 137
6 145
6 149
6 152
6 154
6 191
6 207
6 279
6 294
6 301
6 308
6 319
6 320
6 323
6 331
6 360
6 377
6 383
7 26
7 58
7 71
7 75
7 98
7 105
7 108
7 121
7 135
7 138
7 171
7 210
7 214
7 230
7 267
7 272
7 384
7 389
8 1
8 15
8 29
8 31
8 36
8 38
8 40
8 47
8 51
8 69
8 70
8 87
8 89
8 113
8 118
8 128
8 139
8 162
8 163
8 175
8 177
8 178
8 196
8 205
8 227
8 229
8 233
8 243
8 246
8 255
8 260
8 277
8 280
8 282
8 285
8 291
8 295
8 299
8 305
8 313
8 314
8 324
8 330
8 332
8 338
8 355
8 357
8 367
8 375
8 376
8 378
8 390
9 7
9 9
9 22
9 30
9 46
9 90
9 95
9 104
9 106
9 123
9 124
9 141
9 151
9 198
9 216
9 235
9 238
9 240
9 250
9 274
9 296
9 312
9 316
9 385
9 388
10 0
10 3
10 21
10 34
10 42
10 48
10 49
10 59
10 62
10 72
10 79
10 83
10 99
10 100
10 109
10 130
10 146
10 157
10 165
10 170
10 204
10 206
10 217
10 236
10 264
10 265
10 266
10 269
10 273
10 321
10 328
10 334
10 339
10 341
10 354
10 359
10 387
10 391
10 394
10 395
10 399
11 4
11 10
11 13
11 35
11 37
11 39
11 44
11 50
11 52
11 55
11 65
11 68
11 73
11 88
11 92
11 93
11 96
11 97
11 101
11 111
11 114
11 117
11 143
11 155
11 156
11 161
11 164
11 166
11 179
11 187
11 188
11 189
11 200
11 202
11 211
11 212
11 213
11 218
11 219
11 220
11 222
11 231
11 234
11 237
11 242
11 245
11 247
11 248
11 268
11 283
11 286
11 289
11 290
11 297
11 300
11 303
11 318
11 322
11 325
11 326
11 344
11 347
11 350
11 351
11 356
11 361
11 364
11 366
11 372
11 381
11 386
11 396
12 41
12 110
12 281
12 302
12 368
