0 0
0 1
0 3
0 5
0 10
0 13
0 27
0 28
0 44
0 50
0 56
0 57
0 59
0 63
0 64
0 74
0 76
0 83
0 97
0 105
0 107
0 109
0 114
0 133
0 139
0 147
0 148
0 154
0 155
0 156
0 157
0 159
0 161
0 164
0 165
0 169
0 184
0 191
0 198
0 200
0 204
0 207
0 222
0 227
0 231
0 242
0 243
0 251
0 267
0 270
0 277
0 278
0 298
0 300
0 305
0 306
0 323
0 329
0 332
0 342
0 360
0 363
0 364
0 367
0 374
0 376
0 381
0 382
0 383
0 388
0 398
1 14
1 18
1 20
1 25
1 40
1 47
1 72
1 75
1 79
1 81
1 120
1 143
1 150
1 152
1 167
1 176
1 217
1 221
1 236
1 237
1 244
1 246
1 256
1 264
1 269
1 286
1 287
1 288
1 293
1 319
1 325
1 339
1 356
1 371
1 385
1 387
1 396
1 399
2 26
2 35
2 45
2 58
2 88
2 106
2 121
2 124
2 137
2 141
2 146
2 162
2 172
2 175
2 179
2 190
2 194
2 197
2 199
2 206
2 214
2 216
2 226
2 230
2 232
2 247
2 273
2 281
2 297
2 313
2 315
2 317
2 327
2 337
2 347
2 384
2 390
2 391
2 395
3 17
3 30
3 85
3 126
3 142
3 166
3 201
3 274
3 316
3 321
3 326
3 331
3 333
3 352
3 354
3 386
3 394
4 37
4 49
4 101
4 111
4 123
4 136
4 158
4 163
4 180
4 187
4 218
4 220
4 253
4 259
4 263
4 280
4 357
4 368
4 378
4 393
5 11
5 12
5 61
5 71
5 91
5 100
5 104
5 117
5 134
5 140
5 153
5 193
5 196
5 239
5 252
5 257
5 258
5 260
5 279
5 335
5 343
5 346
5 358
5 362
5 379
5 389
6 7
6 15
6 86
6 110
6 122
6 127
6 178
6 203
6 211
6 296
6 312
6 359
6 369
6 372
7 9
7 16
7 22
7 32
7 34
7 39
7 42
7 51
7 53
7 54
7 62
7 67
7 69
7 82
7 87
7 92
7 115
7 118
7 119
7 128
7 129
7 131
7 144
7 151
7 170
7 188
7 192
7 213
7 215
7 219
7 223
7 225
7 228
7 255
7 266
7 268
7 282
7 295
7 302
7 304
7 336
7 341
7 361
7 365
7 375
8 6
8 8
8 33
8 36
8 46
8 55
8 65
8 66
8 70
8 77
8 80
8 89
8 90
8 95
8 102
8 125
8 132
8 149
8 160
8 168
8 177
8 182
8 186
8 205
8 224
8 235
8 275
8 292
8 299
8 310
8 320
8 322
8 345
8 353
8 366
8 377
9 29
9 41
9 48
9 98
9 99
9 103
9 130
9 173
9 174
9 189
9 285
9 355
9 373
10 24
10 73
10 84
10 108
10 249
10 265
10 289
10 290
10 294
10 307
10 334
10 349
10 351
11 2
11 38
11 43
11 93
11 135
11 138
11 145
11 171
11 208
11 272
11 291
11 301
11 309
11 314
11 328
11 392
12 19
12 21
12 78
12 94
12 96
12 116
12 181
12 183
12 209
12 233
12 238
12 240
12 241
12 248
12 250
12 261
12 271
12 276
12 283
12 284
12 303
12 311
12 324
12 338
12 340
12 348
12 350
12 370
12 380
13 4
13 23
13 31
13 52
13 60
13 68
13 112
13 113
13 185
13 195
13 202
13 210
13 212
13 229
13 234
13 245
13 254
13 262
13 308
13 318
13 330
13 344
13 397
