0 19
0 21
0 66
0 68
0 112
0 113
0 185
0 195
0 229
0 234
0 238
0 241
0 248
0 250
0 254
0 261
0 271
0 310
0 311
0 324
0 330
0 340
0 348
0 350
0 397
1 9
1 16
1 18
1 20
1 32
1 39
1 42
1 53
1 87
1 97
1 115
1 118
1 128
1 129
1 150
1 172
1 192
1 215
1 217
1 221
1 223
1 225
1 237
1 266
1 268
1 282
1 295
1 304
1 337
1 365
1 371
1 375
1 399
2 2
2 43
2 48
2 103
2 135
2 145
2 272
2 301
2 309
2 314
2 328
2 373
2 392
3 0
3 1
3 3
3 4
3 5
3 10
3 13
3 23
3 27
3 28
3 31
3 44
3 50
3 56
3 57
3 59
3 60
3 63
3 64
3 74
3 76
3 83
3 107
3 109
3 114
3 133
3 139
3 147
3 148
3 154
3 155
3 156
3 159
3 161
3 164
3 169
3 184
3 191
3 198
3 200
3 202
3 204
3 210
3 212
3 222
3 227
3 231
3 242
3 243
3 251
3 262
3 267
3 270
3 277
3 278
3 298
3 300
3 305
3 306
3 318
3 323
3 329
3 332
3 342
3 344
3 360
3 363
3 367
3 376
3 382
3 388
3 398
4 26
4 35
4 88
4 106
4 121
4 137
4 141
4 146
4 162
4 175
4 179
4 190
4 194
4 197
4 199
4 206
4 214
4 216
4 226
4 230
4 232
4 247
4 281
4 297
4 315
4 317
4 327
4 347
4 384
4 390
4 391
4 395
5 11
5 12
5 38
5 61
5 71
5 91
5 93
5 100
5 104
5 117
5 138
5 140
5 171
5 193
5 196
5 208
5 239
5 257
5 260
5 291
5 343
5 379
5 389
6 37
6 45
6 49
6 58
6 101
6 111
6 123
6 136
6 158
6 163
6 180
6 187
6 218
6 220
6 253
6 259
6 263
6 280
6 357
6 368
6 378
7 22
7 34
7 51
7 54
7 62
7 67
7 69
7 82
7 92
7 119
7 131
7 144
7 151
7 170
7 188
7 213
7 219
7 255
7 341
7 361
8 24
8 73
8 84
8 108
8 249
8 265
8 289
8 290
8 294
8 307
8 334
8 349
8 351
9 78
9 81
9 94
9 96
9 116
9 120
9 124
9 181
9 183
9 209
9 233
9 240
9 273
9 276
9 283
9 284
9 303
9 313
9 338
9 370
9 380
10 6
10 8
10 33
10 36
10 46
10 52
10 55
10 65
10 70
10 77
10 80
10 89
10 90
10 95
10 102
10 125
10 132
10 149
10 160
10 168
10 177
10 182
10 186
10 205
10 224
10 235
10 245
10 275
10 292
10 299
10 308
10 320
10 322
10 345
10 353
10 366
10 377
11 7
11 15
11 86
11 110
11 122
11 127
11 178
11 203
11 211
11 296
11 312
11 359
11 369
11 372
12 17
12 30
12 85
12 105
12 126
12 130
12 142
12 157
12 165
12 166
12 189
12 201
12 207
12 228
12 274
12 302
12 316
12 321
12 326
12 331
12 333
12 336
12 352
12 354
12 355
12 374
12 381
12 383
12 386
12 393
12 394
13 14
13 25
13 40
13 47
13 72
13 75
13 79
13 143
13 152
13 167
13 176
13 236
13 244
13 246
13 256
13 264
13 269
13 286
13 287
13 288
13 293
13 319
13 325
13 339
13 356
13 364
13 385
13 387
13 396
14 29
14 41
14 98
14 99
14 134
14 153
14 173
14 174
14 252
14 258
14 279
14 285
14 335
14 346
14 358
14 362
