0 9
0 17
0 39
0 44
0 50
0 74
1 3
1 23
1 25
1 40
1 41
1 75
1 80
1 81
1 96
1 109
1 128
1 131
1 153
1 157
1 195
1 198
2 0
2 8
2 18
2 21
2 33
2 42
2 57
2 62
2 64
2 68
2 72
2 73
2 78
2 94
2 101
2 158
2 171
2 175
2 190
3 11
3 13
3 31
3 38
3 49
3 55
3 56
3 65
3 76
3 91
3 118
3 137
3 154
3 155
4 24
4 88
4 100
4 110
4 135
4 142
4 145
5 16
5 32
5 105
5 106
5 115
5 130
5 156
5 183
5 185
5 194
6 93
6 121
6 165
6 167
7 20
7 28
7 34
7 35
7 36
7 46
7 51
7 66
7 77
7 108
7 114
7 124
7 143
7 149
7 151
7 166
7 186
7 193
7 197
8 12
8 45
8 85
8 99
8 120
8 152
8 159
8 174
8 179
8 196
9 1
9 10
9 15
9 19
9 22
9 26
9 27
9 29
9 47
9 59
9 70
9 71
9 84
9 95
9 119
9 122
9 123
9 126
9 147
9 150
9 160
9 164
9 168
9 169
9 172
9 176
9 180
9 189
9 192
9 199
10 6
10 14
10 37
10 43
10 52
10 53
10 67
10 86
10 107
10 125
10 140
10 144
10 148
10 170
10 173
10 184
10 188
11 30
11 54
11 61
11 63
11 90
11 111
11 112
11 139
11 146
11 163
12 48
12 79
12 82
12 97
12 98
12 104
12 116
12 117
12 129
12 133
12 134
12 136
12 177
12 181
13 5
13 7
13 58
13 60
13 83
13 89
13 92
13 127
13 141
13 182
13 187
13 191
14 2
14 4
14 69
14 87
14 102
14 113
14 132
14 138
14 161
14 162
14 178
15 103
