0 4
0 44
0 50
0 74
0 78
0 93
0 102
0 108
0 133
0 141
0 149
0 154
0 155
0 160
0 190
0 193
0 195
0 196
0 198
0 205
0 209
0 213
0 217
0 232
0 250
0 284
0 317
0 318
0 321
0 332
0 337
0 345
0 351
0 359
0 368
0 372
0 383
1 25
1 57
1 62
1 65
1 82
1 240
1 242
1 273
1 292
1 313
1 335
1 336
1 342
2 7
2 46
2 61
2 68
2 69
2 85
2 86
2 101
2 128
2 159
2 171
2 173
2 176
2 182
2 211
2 215
2 223
2 243
2 343
2 365
2 386
3 23
3 24
3 27
3 45
3 52
3 75
3 77
3 79
3 162
3 169
3 192
3 244
3 262
3 302
3 346
3 348
3 361
3 363
3 377
3 378
4 5
4 6
4 13
4 29
4 36
4 56
4 67
4 87
4 91
4 117
4 122
4 129
4 135
4 142
4 167
4 172
4 179
4 189
4 194
4 218
4 221
4 246
4 249
4 251
4 256
4 295
4 303
4 306
4 340
4 350
4 352
4 358
4 364
4 374
4 390
4 399
5 1
5 8
5 11
5 12
5 17
5 30
5 38
5 40
5 43
5 73
5 99
5 106
5 114
5 124
5 130
5 139
5 188
5 222
5 224
5 229
5 245
5 264
5 266
5 288
5 293
5 296
5 304
5 312
5 326
5 339
5 379
5 389
5 392
6 15
6 16
6 113
6 119
6 163
6 166
6 197
6 199
6 258
6 261
6 267
6 272
6 334
7 21
7 34
7 63
7 103
7 105
7 110
7 150
7 157
7 175
7 185
7 202
7 204
7 219
7 228
7 276
7 279
7 311
7 316
7 327
7 373
7 388
7 394
7 395
8 3
8 28
8 55
8 81
8 95
8 96
8 121
8 134
8 153
8 178
8 184
8 206
8 252
8 294
8 297
8 305
8 308
8 314
8 319
8 325
8 356
8 382
8 384
9 20
9 33
9 35
9 37
9 47
9 66
9 107
9 138
9 168
9 187
9 208
9 226
9 247
9 257
9 259
9 285
9 298
9 309
9 331
9 338
9 366
9 370
9 380
9 396
10 18
10 19
10 76
10 127
10 183
10 237
10 255
10 265
10 275
10 282
10 289
10 291
10 362
10 375
10 385
11 10
11 22
11 32
11 39
11 42
11 49
11 72
11 84
11 89
11 92
11 118
11 126
11 140
11 144
11 151
11 161
11 164
11 191
11 207
11 210
11 216
11 225
11 227
11 230
11 274
11 277
11 280
11 299
11 322
11 330
11 355
11 360
11 376
11 387
12 2
12 53
12 58
12 60
12 71
12 94
12 104
12 109
12 111
12 112
12 131
12 137
12 143
12 145
12 146
12 147
12 152
12 212
12 214
12 220
12 234
12 235
12 254
12 286
12 287
12 290
12 300
12 310
12 344
12 349
12 354
12 381
12 391
12 397
12 398
13 9
13 48
13 88
13 90
13 120
13 136
13 174
13 186
13 200
13 238
13 241
13 268
13 269
13 329
13 341
14 14
14 31
14 80
14 97
14 98
14 115
14 116
14 123
14 132
14 148
14 158
14 170
14 181
14 201
14 231
14 236
14 263
14 270
14 281
14 283
14 307
14 328
14 353
15 0
15 26
15 51
15 54
15 59
15 83
15 100
15 177
15 180
15 239
15 253
15 260
15 278
15 333
15 347
15 357
15 367
15 371
15 393
16 41
16 64
16 70
16 125
16 156
16 165
16 203
16 233
16 248
16 271
16 301
16 315
16 320
16 323
16 324
16 369
