0 11
0 17
0 32
0 64
0 77
0 80
0 81
0 82
0 100
0 120
0 129
0 137
0 149
0 152
0 154
0 207
0 236
0 301
0 319
0 323
0 360
0 377
0 383
1 2
1 12
1 14
1 18
1 33
1 43
1 45
1 56
1 74
1 86
1 91
1 102
1 107
1 119
1 126
1 131
1 136
1 140
1 144
1 159
1 160
1 167
1 169
1 174
1 184
1 185
1 186
1 190
1 195
1 209
1 215
1 221
1 223
1 224
1 239
1 241
1 249
1 251
1 256
1 258
1 262
1 276
1 278
1 287
1 300
1 327
1 342
1 349
1 358
1 363
1 365
1 370
1 371
1 380
1 382
1 397
2 5
2 8
2 16
2 23
2 76
2 85
2 103
2 112
2 115
2 127
2 132
2 145
2 181
2 228
2 263
2 288
2 306
2 307
2 333
2 336
2 392
2 398
3 7
3 9
3 21
3 22
3 30
3 34
3 46
3 62
3 72
3 90
3 106
3 123
3 141
3 146
3 216
3 235
3 240
3 273
3 312
3 316
3 321
3 339
3 341
4 4
4 13
4 35
4 37
4 39
4 44
4 48
4 50
4 55
4 65
4 67
4 68
4 73
4 84
4 88
4 93
4 96
4 97
4 111
4 113
4 114
4 117
4 156
4 161
4 164
4 179
4 187
4 189
4 199
4 200
4 202
4 212
4 213
4 218
4 219
4 220
4 222
4 237
4 242
4 245
4 247
4 248
4 252
4 264
4 268
4 286
4 289
4 290
4 303
4 310
4 318
4 322
4 325
4 347
4 351
4 356
4 361
4 364
4 366
4 372
4 394
5 1
5 29
5 31
5 47
5 51
5 69
5 70
5 87
5 89
5 118
5 128
5 139
5 162
5 163
5 175
5 177
5 178
5 192
5 203
5 205
5 260
5 277
5 282
5 285
5 295
5 298
5 299
5 330
5 335
5 345
5 355
5 367
5 378
5 390
6 25
6 57
6 60
6 182
6 225
6 257
6 393
7 61
7 63
7 95
7 104
7 124
7 151
7 158
7 176
7 183
7 194
7 198
7 226
7 238
7 250
7 274
7 296
7 353
7 374
7 385
7 388
8 41
8 110
8 142
8 281
8 302
8 368
8 379
9 26
9 58
9 75
9 78
9 98
9 105
9 108
9 191
9 214
9 230
9 232
9 261
9 267
9 279
9 284
9 294
9 314
9 331
9 384
10 116
10 134
10 153
10 172
10 193
10 244
10 253
10 254
10 275
10 329
10 343
11 20
11 28
11 53
11 133
11 147
11 168
11 180
11 259
12 3
12 49
12 59
12 83
12 99
12 109
12 130
12 157
12 165
12 204
12 217
12 265
12 266
12 269
12 328
12 354
12 359
12 387
12 395
12 399
13 0
13 36
13 40
13 42
13 54
13 79
13 92
13 170
13 196
13 197
13 206
13 227
13 229
13 231
13 233
13 243
13 246
13 255
13 280
13 291
13 305
13 313
13 324
13 332
13 338
13 357
13 375
13 376
13 391
14 15
14 24
14 38
14 66
14 148
14 201
14 208
14 334
14 346
14 362
14 373
15 6
15 10
15 52
15 101
15 143
15 150
15 155
15 166
15 188
15 211
15 234
15 283
15 292
15 297
15 315
15 326
15 337
15 344
15 350
15 352
15 381
15 386
15 396
16 71
16 121
16 135
16 138
16 171
16 210
16 272
16 308
16 320
16 348
16 389
17 19
17 27
17 94
17 122
17 125
17 173
17 270
17 271
17 293
17 304
17 309
17 311
17 317
17 340
17 369
