0 6
0 10
0 19
0 101
0 122
0 125
0 143
0 150
0 155
0 188
0 211
0 234
0 292
0 297
0 315
0 326
0 337
0 344
0 352
0 396
1 11
1 32
1 64
1 77
1 78
1 80
1 81
1 82
1 120
1 129
1 137
1 149
1 207
1 301
1 319
1 323
1 360
1 377
1 383
2 41
2 110
2 142
2 281
2 302
2 368
2 379
3 36
3 40
3 92
3 196
3 197
3 206
3 227
3 229
3 231
3 233
3 238
3 243
3 246
3 260
3 280
3 291
3 305
3 313
3 324
3 330
3 332
3 338
3 357
3 375
3 376
4 116
4 134
4 153
4 172
4 193
4 232
4 244
4 253
4 254
4 261
4 275
4 329
4 343
4 374
5 4
5 13
5 35
5 37
5 39
5 44
5 50
5 52
5 55
5 65
5 68
5 73
5 88
5 93
5 96
5 97
5 111
5 113
5 114
5 117
5 156
5 161
5 164
5 166
5 179
5 187
5 189
5 200
5 202
5 212
5 213
5 218
5 219
5 220
5 222
5 237
5 242
5 245
5 247
5 248
5 268
5 283
5 286
5 289
5 290
5 303
5 318
5 322
5 325
5 347
5 350
5 351
5 356
5 361
5 364
5 366
5 372
5 381
5 386
5 394
6 29
6 60
6 61
6 63
6 118
6 158
6 183
6 192
6 194
6 203
6 225
6 226
6 257
6 298
6 335
6 345
6 353
7 26
7 71
7 75
7 98
7 121
7 135
7 138
7 171
7 230
7 272
7 384
7 389
8 3
8 49
8 59
8 83
8 99
8 100
8 109
8 130
8 157
8 165
8 204
8 217
8 236
8 265
8 266
8 269
8 328
8 354
8 359
8 387
8 395
8 399
9 112
9 191
9 210
9 279
9 320
9 331
10 7
10 9
10 22
10 30
10 90
10 95
10 104
10 106
10 124
10 141
10 151
10 176
10 198
10 240
10 250
10 274
10 296
10 385
10 388
11 15
11 17
11 38
11 58
11 105
11 108
11 152
11 154
11 214
11 267
11 294
11 308
11 314
12 2
12 12
12 14
12 18
12 33
12 43
12 45
12 56
12 67
12 74
12 84
12 86
12 91
12 102
12 107
12 119
12 126
12 131
12 136
12 140
12 144
12 159
12 160
12 167
12 169
12 174
12 184
12 185
12 186
12 190
12 195
12 199
12 209
12 215
12 221
12 223
12 224
12 239
12 241
12 249
12 251
12 252
12 256
12 258
12 262
12 276
12 278
12 287
12 300
12 310
12 327
12 342
12 349
12 358
12 363
12 365
12 370
12 371
12 380
12 382
12 397
13 24
13 66
13 148
13 201
13 208
13 284
13 334
13 346
13 362
13 373
14 5
14 8
14 16
14 23
14 76
14 85
14 103
14 115
14 127
14 132
14 145
14 181
14 228
14 263
14 288
14 306
14 307
14 333
14 336
14 348
14 392
14 398
15 27
15 94
15 173
15 182
15 270
15 271
15 309
15 311
15 317
15 340
15 369
16 1
16 31
16 47
16 51
16 69
16 70
16 87
16 89
16 128
16 139
16 162
16 163
16 175
16 177
16 178
16 205
16 277
16 282
16 285
16 295
16 299
16 355
16 367
16 378
16 390
17 0
17 21
17 34
17 42
17 46
17 48
17 54
17 62
17 72
17 79
17 123
17 146
17 170
17 216
17 235
17 255
17 264
17 273
17 293
17 304
17 312
17 316
17 321
17 339
17 341
17 391
18 20
18 25
18 28
18 53
18 57
18 133
18 147
18 168
18 180
18 259
18 393
