0 0
0 1
0 7
0 9
0 14
0 18
0 19
0 20
0 21
0 23
0 24
0 27
0 30
0 31
0 33
0 34
0 35
0 37
0 41
0 45
0 46
0 47
0 48
0 52
0 57
0 61
0 62
0 64
0 65
0 66
0 68
0 69
0 70
0 73
0 75
0 76
0 79
0 82
0 83
0 85
0 86
0 88
0 90
0 101
0 102
0 103
0 105
0 110
0 120
0 125
0 127
0 128
0 136
0 138
0 139
0 150
0 156
0 159
0 162
0 165
0 168
0 169
0 171
0 173
0 174
0 175
0 176
0 182
0 183
0 186
0 187
0 192
0 200
0 202
0 203
0 204
0 208
0 211
0 213
0 215
0 219
0 223
0 226
0 228
0 233
0 237
0 238
0 240
0 241
0 243
0 244
0 247
0 248
0 253
0 255
0 257
0 259
0 262
0 265
0 268
0 269
0 271
0 273
0 275
0 276
0 279
0 282
0 285
0 289
0 291
0 292
0 295
0 296
0 298
0 301
0 302
0 309
0 311
0 313
0 315
0 316
0 320
0 323
0 324
0 327
0 328
0 329
0 331
0 333
0 335
0 336
0 337
0 338
0 341
0 342
0 343
0 346
0 348
0 361
0 362
0 363
0 365
0 366
0 367
0 369
0 370
0 371
0 373
0 375
0 377
0 378
0 380
0 385
0 386
0 388
0 392
0 394
0 395
0 396
1 2
1 3
1 4
1 5
1 6
1 8
1 10
1 11
1 12
1 13
1 15
1 16
1 17
1 22
1 25
1 26
1 28
1 29
1 32
1 36
1 38
1 39
1 40
1 42
1 43
1 44
1 49
1 50
1 51
1 53
1 54
1 55
1 56
1 58
1 59
1 60
1 63
1 67
1 71
1 72
1 74
1 77
1 78
1 80
1 81
1 84
1 87
1 89
1 91
1 92
1 93
1 94
1 95
1 96
1 97
1 98
1 99
1 100
1 104
1 106
1 107
1 108
1 109
1 111
1 112
1 113
1 114
1 115
1 116
1 117
1 118
1 119
1 121
1 122
1 123
1 124
1 126
1 129
1 130
1 131
1 132
1 133
1 134
1 135
1 137
1 140
1 141
1 142
1 143
1 144
1 145
1 146
1 147
1 148
1 149
1 151
1 152
1 153
1 154
1 155
1 157
1 158
1 160
1 161
1 163
1 164
1 166
1 167
1 170
1 172
1 177
1 178
1 179
1 180
1 181
1 184
1 185
1 188
1 189
1 190
1 191
1 193
1 194
1 195
1 196
1 197
1 198
1 199
1 201
1 205
1 206
1 207
1 209
1 210
1 212
1 214
1 216
1 217
1 218
1 220
1 221
1 222
1 224
1 225
1 227
1 229
1 230
1 231
1 232
1 234
1 235
1 236
1 239
1 242
1 245
1 246
1 249
1 250
1 251
1 252
1 254
1 256
1 258
1 260
1 261
1 263
1 264
1 266
1 267
1 270
1 272
1 274
1 277
1 278
1 280
1 281
1 283
1 284
1 286
1 287
1 288
1 290
1 293
1 294
1 297
1 299
1 300
1 303
1 304
1 305
1 306
1 307
1 308
1 310
1 312
1 314
1 317
1 318
1 319
1 321
1 322
1 325
1 326
1 330
1 332
1 334
1 339
1 340
1 344
1 345
1 347
1 349
1 350
1 351
1 352
1 353
1 354
1 355
1 356
1 357
1 358
1 359
1 360
1 364
1 368
1 372
1 374
1 376
1 379
1 381
1 382
1 383
1 384
1 387
1 389
1 390
1 391
1 393
1 397
1 398
1 399
