0 6
0 8
0 33
0 36
0 46
0 52
0 55
0 65
0 66
0 70
0 80
0 89
0 95
0 102
0 125
0 132
0 149
0 160
0 168
0 177
0 182
0 186
0 205
0 235
0 245
0 275
0 292
0 299
0 308
0 310
0 320
0 322
0 345
0 353
0 366
0 377
1 9
1 37
1 49
1 101
1 123
1 136
1 163
1 187
1 218
1 220
1 253
1 259
1 280
1 357
1 368
1 378
1 393
2 45
2 58
2 111
2 124
2 158
2 179
2 180
2 230
2 263
2 273
2 313
3 29
3 41
3 48
3 98
3 99
3 103
3 130
3 174
3 285
3 355
3 373
4 7
4 15
4 86
4 122
4 127
4 178
4 203
4 211
4 296
4 312
4 359
4 369
4 372
5 18
5 20
5 32
5 39
5 42
5 53
5 62
5 87
5 97
5 115
5 118
5 128
5 129
5 150
5 172
5 192
5 215
5 217
5 221
5 223
5 225
5 237
5 266
5 268
5 282
5 295
5 304
5 337
5 365
5 371
5 375
5 399
6 17
6 30
6 85
6 166
6 201
6 274
6 316
6 321
6 326
6 331
6 352
6 386
6 394
7 11
7 12
7 61
7 71
7 77
7 90
7 91
7 100
7 117
7 134
7 140
7 224
7 239
7 252
7 257
7 260
7 343
7 362
7 379
7 389
8 14
8 25
8 47
8 79
8 143
8 152
8 244
8 246
8 264
8 286
8 287
8 288
8 293
8 319
8 339
9 110
9 153
9 173
9 258
9 279
9 335
9 346
9 358
10 0
10 5
10 13
10 59
10 67
10 69
10 82
10 83
10 131
10 147
10 156
10 159
10 164
10 191
10 200
10 231
10 242
10 305
10 363
10 367
10 376
10 381
10 382
11 19
11 21
11 68
11 112
11 113
11 185
11 195
11 238
11 241
11 248
11 261
11 271
11 311
11 324
11 330
11 340
11 350
12 3
12 4
12 10
12 23
12 27
12 31
12 56
12 60
12 64
12 74
12 76
12 107
12 109
12 114
12 133
12 139
12 148
12 154
12 155
12 161
12 169
12 184
12 198
12 202
12 210
12 212
12 222
12 227
12 229
12 234
12 243
12 251
12 254
12 262
12 267
12 277
12 298
12 300
12 318
12 329
12 332
12 344
12 388
12 397
12 398
13 26
13 35
13 88
13 106
13 121
13 137
13 141
13 146
13 162
13 175
13 190
13 194
13 197
13 199
13 206
13 214
13 216
13 226
13 232
13 247
13 281
13 297
13 315
13 317
13 327
13 347
13 348
13 384
13 390
13 391
13 395
14 16
14 63
14 105
14 126
14 142
14 157
14 165
14 189
14 204
14 207
14 323
14 333
14 336
14 354
14 360
14 374
14 383
15 75
15 78
15 81
15 96
15 116
15 120
15 176
15 181
15 183
15 209
15 233
15 240
15 250
15 276
15 283
15 284
15 303
15 338
15 370
15 380
16 24
16 73
16 84
16 108
16 249
16 265
16 289
16 290
16 294
16 307
16 334
16 349
16 351
17 22
17 34
17 51
17 54
17 92
17 119
17 144
17 151
17 170
17 188
17 213
17 219
17 228
17 255
17 302
17 341
17 361
18 1
18 28
18 40
18 44
18 50
18 57
18 72
18 94
18 167
18 236
18 256
18 269
18 270
18 278
18 306
18 325
18 342
18 356
18 364
18 385
18 387
18 396
19 2
19 38
19 43
19 93
19 104
19 135
19 138
19 145
19 171
19 193
19 196
19 208
19 272
19 291
19 301
19 309
19 314
19 328
19 392
