0 11
0 15
0 17
0 24
0 26
0 32
0 58
0 64
0 71
0 75
0 77
0 78
0 80
0 81
0 82
0 98
0 99
0 105
0 108
0 120
0 121
0 129
0 135
0 137
0 145
0 148
0 149
0 152
0 154
0 171
0 191
0 201
0 207
0 210
0 214
0 230
0 232
0 236
0 261
0 267
0 272
0 279
0 284
0 294
0 301
0 308
0 314
0 319
0 320
0 323
0 331
0 346
0 359
0 360
0 362
0 373
0 374
0 377
0 383
0 389
1 2
1 4
1 6
1 10
1 12
1 13
1 14
1 18
1 19
1 33
1 34
1 35
1 37
1 39
1 43
1 44
1 45
1 48
1 50
1 52
1 54
1 55
1 56
1 65
1 67
1 68
1 73
1 74
1 83
1 84
1 86
1 88
1 91
1 92
1 93
1 96
1 97
1 100
1 101
1 102
1 107
1 111
1 113
1 114
1 117
1 119
1 122
1 125
1 126
1 130
1 131
1 136
1 140
1 143
1 144
1 150
1 155
1 156
1 157
1 159
1 160
1 161
1 163
1 164
1 165
1 166
1 167
1 169
1 174
1 179
1 184
1 185
1 186
1 187
1 188
1 189
1 190
1 195
1 199
1 200
1 202
1 209
1 211
1 212
1 213
1 215
1 217
1 218
1 219
1 220
1 221
1 222
1 223
1 224
1 227
1 231
1 234
1 237
1 239
1 241
1 242
1 245
1 247
1 248
1 249
1 251
1 252
1 256
1 258
1 262
1 264
1 265
1 268
1 269
1 276
1 278
1 283
1 286
1 287
1 289
1 290
1 292
1 297
1 300
1 303
1 310
1 315
1 318
1 322
1 325
1 326
1 327
1 332
1 337
1 338
1 342
1 344
1 347
1 349
1 350
1 351
1 352
1 356
1 358
1 361
1 363
1 364
1 365
1 366
1 370
1 371
1 372
1 380
1 381
1 382
1 386
1 394
1 396
1 397
2 0
2 1
2 3
2 7
2 9
2 21
2 22
2 25
2 27
2 29
2 30
2 31
2 36
2 38
2 40
2 42
2 46
2 47
2 49
2 51
2 53
2 57
2 59
2 60
2 61
2 62
2 63
2 66
2 69
2 70
2 72
2 79
2 87
2 89
2 90
2 94
2 95
2 104
2 106
2 109
2 118
2 123
2 124
2 128
2 133
2 139
2 141
2 146
2 151
2 158
2 162
2 170
2 173
2 175
2 176
2 177
2 178
2 180
2 183
2 192
2 194
2 196
2 197
2 198
2 203
2 204
2 205
2 206
2 208
2 216
2 225
2 226
2 229
2 233
2 235
2 238
2 240
2 243
2 246
2 250
2 255
2 257
2 259
2 260
2 266
2 270
2 271
2 273
2 274
2 277
2 280
2 282
2 285
2 291
2 293
2 295
2 296
2 298
2 299
2 304
2 305
2 309
2 311
2 312
2 313
2 316
2 317
2 321
2 324
2 328
2 330
2 334
2 335
2 339
2 340
2 341
2 345
2 353
2 354
2 355
2 357
2 367
2 369
2 375
2 376
2 378
2 387
2 388
2 390
2 391
2 393
2 395
2 399
3 5
3 8
3 16
3 20
3 23
3 28
3 41
3 76
3 85
3 103
3 110
3 112
3 115
3 116
3 127
3 132
3 134
3 138
3 142
3 147
3 153
3 168
3 172
3 181
3 182
3 193
3 228
3 244
3 253
3 254
3 263
3 275
3 281
3 288
3 302
3 306
3 307
3 329
3 333
3 336
3 343
3 348
3 368
3 379
3 384
3 385
3 392
3 398
