0 2
0 4
0 6
0 10
0 12
0 13
0 14
0 18
0 33
0 35
0 37
0 39
0 43
0 44
0 45
0 50
0 52
0 55
0 56
0 65
0 67
0 68
0 73
0 74
0 83
0 84
0 86
0 88
0 91
0 92
0 93
0 96
0 97
0 101
0 102
0 107
0 111
0 113
0 114
0 117
0 119
0 125
0 126
0 131
0 136
0 140
0 143
0 144
0 150
0 155
0 156
0 157
0 159
0 160
0 161
0 164
0 166
0 167
0 169
0 174
0 179
0 184
0 185
0 186
0 187
0 188
0 189
0 190
0 195
0 199
0 200
0 202
0 209
0 211
0 212
0 213
0 215
0 218
0 219
0 220
0 221
0 223
0 224
0 227
0 231
0 234
0 237
0 239
0 241
0 242
0 245
0 247
0 248
0 249
0 251
0 252
0 256
0 258
0 262
0 264
0 268
0 269
0 276
0 278
0 283
0 286
0 287
0 289
0 290
0 292
0 297
0 300
0 303
0 310
0 315
0 318
0 322
0 325
0 326
0 327
0 337
0 342
0 344
0 347
0 349
0 350
0 351
0 352
0 356
0 358
0 361
0 363
0 364
0 365
0 366
0 370
0 371
0 372
0 380
0 381
0 382
0 386
0 394
0 396
0 397
1 11
1 15
1 17
1 24
1 26
1 32
1 58
1 64
1 66
1 71
1 75
1 77
1 78
1 80
1 81
1 82
1 98
1 105
1 108
1 120
1 121
1 129
1 135
1 137
1 145
1 148
1 149
1 152
1 154
1 171
1 191
1 201
1 207
1 208
1 210
1 214
1 230
1 236
1 267
1 272
1 279
1 284
1 294
1 301
1 308
1 314
1 319
1 320
1 323
1 331
1 346
1 360
1 362
1 373
1 377
1 383
1 389
2 5
2 8
2 16
2 23
2 41
2 76
2 85
2 103
2 110
2 112
2 115
2 127
2 132
2 138
2 142
2 181
2 193
2 228
2 244
2 263
2 281
2 288
2 302
2 306
2 307
2 333
2 336
2 348
2 368
2 379
2 392
2 398
3 0
3 1
3 3
3 7
3 9
3 19
3 21
3 22
3 27
3 29
3 30
3 31
3 34
3 36
3 38
3 40
3 42
3 46
3 47
3 48
3 49
3 51
3 54
3 59
3 62
3 63
3 69
3 70
3 72
3 79
3 87
3 89
3 90
3 94
3 99
3 100
3 104
3 106
3 109
3 118
3 122
3 123
3 124
3 128
3 130
3 139
3 141
3 146
3 158
3 162
3 163
3 165
3 170
3 173
3 175
3 177
3 178
3 183
3 192
3 196
3 197
3 198
3 203
3 204
3 205
3 206
3 216
3 217
3 222
3 226
3 229
3 233
3 235
3 238
3 240
3 243
3 246
3 250
3 255
3 260
3 265
3 266
3 270
3 271
3 273
3 274
3 277
3 280
3 282
3 285
3 291
3 293
3 295
3 296
3 298
3 299
3 304
3 305
3 309
3 311
3 312
3 313
3 316
3 317
3 321
3 324
3 328
3 330
3 332
3 334
3 335
3 338
3 339
3 340
3 341
3 345
3 354
3 355
3 357
3 359
3 367
3 369
3 375
3 376
3 378
3 387
3 388
3 390
3 391
3 395
3 399
4 20
4 25
4 28
4 53
4 57
4 60
4 61
4 95
4 116
4 133
4 134
4 147
4 151
4 153
4 168
4 172
4 176
4 180
4 182
4 194
4 225
4 232
4 253
4 254
4 257
4 259
4 261
4 275
4 329
4 343
4 353
4 374
4 384
4 385
4 393
