0 0
0 2
0 23
0 25
0 26
0 27
0 51
0 52
0 54
0 57
0 62
0 65
0 71
0 77
0 82
0 83
0 94
0 100
0 104
0 109
0 111
0 112
0 143
0 145
0 146
0 152
0 162
0 169
0 180
0 192
0 212
0 234
0 239
0 240
0 242
0 244
0 253
0 254
0 260
0 262
0 273
0 278
0 287
0 292
0 300
0 302
0 310
0 313
0 333
0 335
0 336
0 342
0 344
0 346
0 347
0 348
0 354
0 357
0 363
0 367
0 371
0 377
0 378
0 393
0 397
1 1
1 8
1 11
1 12
1 14
1 17
1 30
1 31
1 38
1 40
1 43
1 50
1 74
1 80
1 97
1 98
1 99
1 106
1 114
1 115
1 116
1 123
1 124
1 130
1 132
1 158
1 170
1 175
1 181
1 185
1 188
1 201
1 220
1 222
1 224
1 229
1 231
1 236
1 245
1 263
1 264
1 266
1 270
1 276
1 281
1 283
1 288
1 293
1 296
1 304
1 307
1 312
1 317
1 321
1 326
1 328
1 339
1 349
1 353
1 359
1 379
1 381
1 389
1 391
1 392
1 394
2 3
2 15
2 16
2 28
2 42
2 59
2 81
2 96
2 113
2 119
2 121
2 134
2 148
2 153
2 163
2 166
2 177
2 178
2 184
2 197
2 199
2 206
2 227
2 230
2 252
2 258
2 261
2 267
2 272
2 280
2 286
2 294
2 297
2 308
2 314
2 319
2 325
2 334
2 356
2 382
2 384
3 5
3 6
3 13
3 24
3 29
3 36
3 47
3 53
3 56
3 67
3 75
3 79
3 87
3 91
3 107
3 117
3 122
3 129
3 135
3 137
3 142
3 147
3 167
3 172
3 179
3 187
3 189
3 194
3 208
3 218
3 221
3 226
3 246
3 249
3 251
3 256
3 259
3 295
3 303
3 306
3 340
3 350
3 352
3 358
3 361
3 364
3 374
3 390
3 399
4 9
4 41
4 46
4 48
4 64
4 69
4 70
4 73
4 86
4 88
4 90
4 103
4 120
4 125
4 139
4 150
4 156
4 165
4 173
4 174
4 176
4 182
4 186
4 200
4 202
4 203
4 204
4 223
4 228
4 233
4 238
4 241
4 243
4 248
4 268
4 269
4 271
4 301
4 315
4 316
4 320
4 323
4 324
4 327
4 329
4 341
4 365
4 369
4 373
4 388
4 395
5 4
5 10
5 21
5 22
5 32
5 34
5 39
5 44
5 49
5 55
5 58
5 60
5 63
5 72
5 78
5 84
5 89
5 92
5 93
5 95
5 102
5 105
5 108
5 110
5 118
5 126
5 131
5 133
5 140
5 141
5 144
5 149
5 151
5 154
5 155
5 157
5 160
5 161
5 164
5 190
5 191
5 193
5 195
5 196
5 198
5 205
5 207
5 209
5 210
5 213
5 214
5 216
5 217
5 219
5 225
5 232
5 235
5 250
5 274
5 277
5 279
5 284
5 290
5 299
5 305
5 311
5 318
5 322
5 330
5 332
5 337
5 343
5 345
5 351
5 355
5 360
5 368
5 372
5 376
5 383
5 387
5 398
6 7
6 18
6 19
6 20
6 33
6 35
6 37
6 45
6 61
6 66
6 68
6 76
6 85
6 101
6 127
6 128
6 136
6 138
6 159
6 168
6 171
6 183
6 211
6 215
6 237
6 247
6 255
6 257
6 265
6 275
6 282
6 285
6 289
6 291
6 298
6 309
6 331
6 338
6 362
6 366
6 370
6 375
6 380
6 385
6 386
6 396
