0 11
0 28
0 32
0 36
0 41
0 44
0 56
0 57
0 72
0 79
0 90
0 111
0 141
0 151
0 156
0 157
0 160
1 3
1 13
1 15
1 31
1 50
1 71
1 82
1 84
1 117
1 121
1 139
1 186
2 0
2 1
2 4
2 9
2 17
2 39
2 55
2 62
2 65
2 70
2 74
2 78
2 101
2 102
2 123
2 124
2 130
2 132
2 138
2 150
2 164
2 166
2 173
2 177
2 187
2 188
2 195
3 7
3 21
3 27
3 33
3 47
3 48
3 53
3 59
3 75
3 97
3 106
3 107
3 108
3 110
3 116
3 135
3 144
3 148
3 152
3 153
3 158
3 159
3 174
3 180
4 8
4 10
4 18
4 24
4 26
4 51
4 77
4 86
4 99
4 114
4 115
4 128
4 142
4 145
4 163
4 172
4 183
5 2
5 16
5 83
5 85
5 103
5 112
5 120
5 127
5 133
5 136
5 161
5 170
5 184
5 199
6 5
6 6
6 14
6 20
6 25
6 35
6 40
6 46
6 52
6 58
6 68
6 73
6 89
6 93
6 95
6 96
6 100
6 105
6 129
6 137
6 143
6 175
6 179
6 185
6 189
6 194
6 197
7 22
7 34
7 43
7 49
7 64
7 66
7 81
7 92
7 122
7 125
7 134
7 140
7 146
7 155
7 190
7 191
7 193
7 196
8 12
8 37
8 38
8 54
8 60
8 61
8 63
8 67
8 69
8 80
8 87
8 88
8 98
8 104
8 109
8 113
8 118
8 119
8 126
8 131
8 147
8 149
8 154
8 165
8 167
8 168
8 169
8 178
8 181
8 192
8 198
9 19
9 23
9 29
9 30
9 42
9 45
9 76
9 91
9 94
9 162
9 171
9 176
9 182
