0 38
0 63
0 69
0 88
0 98
0 107
0 123
0 126
0 145
0 149
0 150
0 165
0 166
0 167
0 168
0 169
0 198
1 11
1 32
1 54
1 60
1 61
1 67
1 72
1 80
1 87
1 111
1 118
1 119
1 131
1 147
1 154
1 156
1 157
1 160
1 178
1 181
1 192
2 5
2 19
2 23
2 29
2 30
2 42
2 76
2 91
2 93
2 162
2 171
2 182
3 3
3 13
3 15
3 31
3 66
3 71
3 79
3 82
3 84
3 117
3 121
3 125
3 139
3 146
3 186
3 190
3 191
3 193
3 196
4 4
4 6
4 14
4 25
4 28
4 33
4 36
4 41
4 44
4 48
4 52
4 57
4 58
4 68
4 75
4 90
4 101
4 110
4 129
4 130
4 138
4 144
4 148
4 159
4 179
4 185
4 187
4 189
5 1
5 17
5 39
5 55
5 62
5 65
5 70
5 78
5 132
5 133
5 163
5 164
5 173
5 195
6 12
6 22
6 34
6 37
6 43
6 49
6 50
6 64
6 74
6 81
6 92
6 102
6 109
6 113
6 122
6 134
6 140
6 155
6 177
6 188
7 9
7 10
7 18
7 51
7 114
7 115
7 124
7 183
8 2
8 8
8 16
8 24
8 26
8 45
8 83
8 85
8 86
8 94
8 99
8 103
8 104
8 112
8 120
8 127
8 128
8 136
8 142
8 161
8 170
8 176
8 184
8 199
9 20
9 35
9 56
9 73
9 77
9 95
9 96
9 100
9 105
9 137
9 141
9 143
9 151
9 172
9 175
9 194
9 197
10 0
10 7
10 21
10 27
10 40
10 46
10 47
10 53
10 59
10 89
10 97
10 106
10 108
10 116
10 135
10 152
10 153
10 158
10 174
10 180
