0 3
0 15
0 31
0 49
0 64
0 66
0 71
0 82
0 117
0 121
0 125
0 134
0 139
0 146
0 186
0 190
0 191
0 193
0 196
1 7
1 14
1 33
1 44
1 48
1 53
1 57
1 58
1 75
1 97
1 107
1 110
1 144
1 148
1 152
1 159
1 179
1 185
2 2
2 8
2 16
2 19
2 24
2 26
2 45
2 83
2 85
2 86
2 94
2 99
2 103
2 112
2 120
2 127
2 128
2 136
2 161
2 170
2 176
2 184
2 199
3 13
3 29
3 38
3 50
3 54
3 60
3 69
3 76
3 80
3 84
3 88
3 98
3 104
3 118
3 119
3 126
3 131
3 147
3 149
3 150
3 181
3 192
3 198
4 21
4 27
4 35
4 40
4 46
4 47
4 89
4 106
4 108
4 116
4 135
4 153
4 158
4 174
4 180
5 6
5 41
5 52
5 56
5 61
5 63
5 68
5 90
5 129
5 151
5 167
5 169
5 189
6 12
6 22
6 34
6 37
6 43
6 67
6 81
6 87
6 92
6 109
6 113
6 122
6 140
6 154
6 155
6 178
7 20
7 72
7 73
7 77
7 95
7 96
7 100
7 105
7 111
7 137
7 141
7 143
7 156
7 160
7 172
7 175
7 194
7 197
8 5
8 23
8 25
8 30
8 42
8 91
8 93
8 162
8 171
8 182
9 0
9 1
9 4
9 9
9 28
9 36
9 59
9 74
9 79
9 101
9 102
9 130
9 132
9 138
9 164
9 173
9 177
9 187
9 188
10 10
10 11
10 18
10 32
10 51
10 115
10 124
10 142
10 145
10 157
10 163
10 166
10 183
11 17
11 39
11 55
11 62
11 65
11 70
11 78
11 114
11 123
11 133
11 165
11 168
11 195
