0 13
0 31
0 49
0 50
0 64
0 66
0 71
0 82
0 84
0 121
0 134
0 186
1 2
1 8
1 16
1 24
1 26
1 51
1 83
1 85
1 86
1 94
1 99
1 103
1 104
1 112
1 120
1 127
1 128
1 133
1 136
1 142
1 161
1 170
1 184
1 199
2 5
2 20
2 73
2 77
2 93
2 95
2 96
2 105
2 137
2 143
2 172
2 175
2 194
2 197
3 0
3 4
3 9
3 28
3 36
3 57
3 74
3 75
3 101
3 102
3 110
3 117
3 130
3 138
3 148
3 177
3 179
3 183
3 185
3 187
3 188
4 1
4 10
4 17
4 18
4 39
4 55
4 62
4 65
4 70
4 78
4 114
4 115
4 124
4 132
4 164
4 166
4 173
4 195
5 7
5 33
5 47
5 48
5 53
5 59
5 97
5 106
5 108
5 135
5 144
5 152
5 158
5 159
5 174
6 3
6 79
6 125
6 139
6 146
6 190
6 191
6 193
6 196
7 15
7 87
7 107
7 123
7 131
7 149
7 150
7 165
7 168
7 178
7 192
7 198
8 6
8 25
8 41
8 44
8 52
8 56
8 58
8 68
8 90
8 116
8 129
8 151
8 153
8 180
8 189
9 14
9 21
9 27
9 35
9 40
9 46
9 89
9 100
10 11
10 32
10 72
10 111
10 141
10 145
10 156
10 157
10 160
10 163
11 19
11 23
11 29
11 30
11 42
11 45
11 76
11 91
11 162
11 171
11 176
11 182
12 38
12 54
12 60
12 61
12 63
12 69
12 80
12 88
12 98
12 118
12 119
12 126
12 147
12 167
12 169
12 181
13 12
13 22
13 34
13 37
13 43
13 67
13 81
13 92
13 109
13 113
13 122
13 140
13 154
13 155
