0 5
0 20
0 73
0 93
0 96
0 105
0 137
0 172
0 194
0 197
0 198
1 17
1 39
1 62
1 70
1 123
1 145
1 163
1 166
2 19
2 23
2 29
2 30
2 38
2 42
2 50
2 60
2 61
2 63
2 69
2 76
2 88
2 91
2 98
2 126
2 162
2 167
2 169
2 171
2 182
3 28
3 36
3 57
3 74
3 75
3 101
3 102
3 110
3 130
3 138
3 148
3 177
3 179
3 185
3 188
4 8
4 16
4 24
4 26
4 51
4 55
4 77
4 83
4 85
4 86
4 94
4 95
4 99
4 128
4 133
4 136
4 142
4 170
4 176
5 14
5 27
5 35
5 40
5 46
5 89
5 100
5 129
6 21
6 47
6 106
6 108
6 116
6 135
6 152
6 153
6 158
6 174
6 180
7 6
7 25
7 143
7 175
8 2
8 45
8 103
8 112
8 120
8 127
8 161
8 184
8 199
9 3
9 65
9 78
9 79
9 125
9 132
9 139
9 190
9 191
9 193
9 195
9 196
10 10
10 18
10 107
10 114
10 115
10 124
10 183
11 0
11 1
11 4
11 7
11 9
11 33
11 48
11 53
11 59
11 97
11 144
11 159
11 164
11 173
11 187
12 12
12 22
12 34
12 37
12 43
12 49
12 67
12 81
12 92
12 109
12 113
12 122
12 134
12 140
12 155
13 54
13 80
13 87
13 104
13 118
13 119
13 131
13 147
13 149
13 150
13 154
13 168
13 178
13 181
13 192
14 13
14 15
14 31
14 64
14 66
14 71
14 82
14 84
14 117
14 121
14 146
14 165
14 186
15 11
15 32
15 41
15 44
15 52
15 56
15 58
15 68
15 72
15 90
15 111
15 141
15 151
15 156
15 157
15 160
15 189
