0 8
0 24
0 26
0 51
0 56
0 77
0 83
0 85
0 86
0 94
0 95
0 99
0 142
0 145
1 4
1 33
1 36
1 48
1 53
1 59
1 97
1 144
1 152
1 159
1 164
2 35
2 40
2 46
2 89
2 100
3 12
3 22
3 34
3 37
3 43
3 54
3 67
3 80
3 81
3 87
3 92
3 109
3 113
3 118
3 119
3 122
3 131
3 140
3 154
3 155
3 178
4 13
4 29
4 30
4 50
4 71
4 76
4 82
4 84
4 91
4 104
4 171
4 182
4 192
5 16
5 17
5 39
5 55
5 62
5 65
5 70
5 78
5 123
5 132
5 133
5 163
5 166
5 195
6 19
6 23
6 128
6 136
6 176
7 21
7 27
7 47
7 106
7 108
7 116
7 135
7 153
7 158
7 174
7 180
8 74
8 102
8 130
8 138
8 177
8 188
9 6
9 28
9 44
9 52
9 58
9 75
9 101
9 107
9 110
9 129
9 148
9 149
9 150
9 189
9 198
10 2
10 42
10 45
10 103
10 112
10 120
10 127
10 161
10 162
10 170
10 184
10 199
11 11
11 32
11 41
11 57
11 72
11 90
11 111
11 141
11 143
11 156
11 157
11 160
12 38
12 60
12 61
12 63
12 69
12 88
12 98
12 126
12 147
12 167
12 169
12 181
13 3
13 15
13 31
13 49
13 64
13 79
13 117
13 121
13 125
13 134
13 139
13 146
13 165
13 168
13 186
13 190
13 191
13 193
13 196
14 0
14 1
14 7
14 9
14 66
14 173
14 179
14 185
14 187
15 5
15 14
15 20
15 25
15 68
15 73
15 93
15 96
15 105
15 137
15 151
15 172
15 175
15 194
15 197
16 10
16 18
16 114
16 115
16 124
16 183
