0 3
0 31
0 65
0 79
0 121
0 125
0 139
0 146
0 186
0 190
0 191
0 193
0 196
1 16
1 24
1 26
1 56
1 77
1 86
1 99
1 128
1 142
1 170
2 5
2 10
2 18
2 20
2 73
2 93
2 96
2 105
2 114
2 115
2 143
2 151
2 172
2 183
2 194
2 197
3 14
3 25
3 35
3 40
3 46
3 89
3 95
3 100
3 129
3 137
3 175
4 13
4 50
4 60
4 71
4 82
4 84
4 119
4 131
4 192
5 8
5 45
5 51
5 83
5 85
5 94
5 104
5 133
5 136
6 37
6 67
6 87
6 109
6 154
6 178
7 21
7 27
7 106
7 108
7 116
7 135
7 153
7 158
7 180
8 36
8 74
8 101
8 102
8 130
8 138
8 177
8 188
9 11
9 32
9 41
9 72
9 90
9 111
9 141
9 156
9 157
9 160
10 19
10 23
10 29
10 38
10 76
10 88
10 91
10 126
11 15
11 62
11 107
11 123
11 145
11 149
11 150
11 163
11 165
11 166
11 168
11 198
12 0
12 1
12 4
12 9
12 17
12 39
12 55
12 66
12 70
12 78
12 124
12 132
12 164
12 173
12 187
12 195
13 28
13 52
13 57
13 58
13 68
13 75
13 110
13 117
13 148
13 179
13 185
13 189
14 12
14 22
14 34
14 43
14 49
14 64
14 81
14 92
14 113
14 122
14 134
14 140
14 155
15 2
15 30
15 42
15 103
15 112
15 120
15 127
15 161
15 162
15 171
15 176
15 182
15 184
15 199
16 54
16 80
16 118
16 147
16 181
17 6
17 61
17 63
17 69
17 98
17 167
17 169
18 7
18 33
18 44
18 47
18 48
18 53
18 59
18 97
18 144
18 152
18 159
18 174
