0 7
0 14
0 21
0 25
0 27
0 33
0 35
0 40
0 41
0 44
0 46
0 47
0 48
0 52
0 53
0 58
0 68
0 75
0 89
0 90
0 97
0 100
0 106
0 108
0 116
0 129
0 135
0 144
0 148
0 151
0 152
0 153
0 158
0 159
0 160
0 174
0 180
0 189
1 2
1 8
1 16
1 19
1 23
1 24
1 26
1 29
1 30
1 42
1 45
1 51
1 56
1 77
1 83
1 85
1 86
1 91
1 94
1 95
1 99
1 103
1 104
1 112
1 120
1 127
1 128
1 133
1 136
1 142
1 161
1 162
1 170
1 176
1 182
1 184
1 199
2 0
2 1
2 4
2 5
2 6
2 9
2 10
2 11
2 17
2 18
2 20
2 28
2 32
2 36
2 39
2 54
2 55
2 57
2 59
2 62
2 63
2 65
2 69
2 70
2 72
2 73
2 74
2 78
2 79
2 88
2 93
2 96
2 101
2 102
2 105
2 107
2 110
2 111
2 114
2 115
2 123
2 124
2 126
2 130
2 132
2 137
2 138
2 141
2 143
2 145
2 149
2 150
2 156
2 157
2 163
2 164
2 165
2 166
2 167
2 169
2 172
2 173
2 175
2 177
2 179
2 183
2 185
2 187
2 188
2 194
2 195
2 197
2 198
3 3
3 12
3 13
3 15
3 22
3 31
3 34
3 37
3 38
3 43
3 49
3 50
3 60
3 61
3 64
3 66
3 67
3 71
3 76
3 80
3 81
3 82
3 84
3 87
3 92
3 98
3 109
3 113
3 117
3 118
3 119
3 121
3 122
3 125
3 131
3 134
3 139
3 140
3 146
3 147
3 154
3 155
3 168
3 171
3 178
3 181
3 186
3 190
3 191
3 192
3 193
3 196
