0 0
0 1
0 4
0 6
0 9
0 10
0 17
0 18
0 38
0 39
0 55
0 62
0 63
0 65
0 69
0 70
0 74
0 78
0 88
0 98
0 101
0 102
0 107
0 110
0 114
0 115
0 123
0 124
0 126
0 130
0 132
0 138
0 145
0 149
0 150
0 163
0 164
0 165
0 166
0 167
0 168
0 169
0 173
0 177
0 183
0 187
0 188
0 195
0 198
1 5
1 11
1 14
1 20
1 25
1 28
1 32
1 35
1 36
1 40
1 41
1 44
1 46
1 52
1 56
1 57
1 58
1 68
1 72
1 73
1 77
1 79
1 89
1 90
1 93
1 95
1 96
1 100
1 105
1 111
1 129
1 137
1 141
1 143
1 151
1 156
1 157
1 160
1 172
1 175
1 179
1 185
1 189
1 194
1 197
2 2
2 8
2 16
2 19
2 23
2 24
2 26
2 29
2 30
2 42
2 45
2 51
2 76
2 83
2 85
2 86
2 91
2 94
2 99
2 103
2 112
2 120
2 127
2 128
2 133
2 136
2 142
2 161
2 162
2 170
2 176
2 182
2 184
2 199
3 12
3 13
3 22
3 34
3 37
3 43
3 50
3 54
3 60
3 61
3 64
3 67
3 80
3 81
3 84
3 87
3 92
3 104
3 109
3 113
3 118
3 119
3 122
3 131
3 140
3 147
3 154
3 155
3 178
3 181
3 192
3 193
4 3
4 7
4 15
4 21
4 27
4 31
4 33
4 47
4 48
4 49
4 53
4 59
4 66
4 71
4 75
4 82
4 97
4 106
4 108
4 116
4 117
4 121
4 125
4 134
4 135
4 139
4 144
4 146
4 148
4 152
4 153
4 158
4 159
4 171
4 174
4 180
4 186
4 190
4 191
4 196
