0 3
0 12
0 13
0 15
0 31
0 43
0 49
0 50
0 64
0 65
0 66
0 71
0 80
0 82
0 84
0 117
0 119
0 121
0 125
0 131
0 134
0 139
0 146
0 165
0 168
0 178
0 186
0 190
0 191
0 192
0 193
0 196
1 6
1 38
1 54
1 60
1 61
1 63
1 69
1 87
1 88
1 98
1 101
1 102
1 107
1 110
1 118
1 126
1 130
1 138
1 147
1 149
1 150
1 167
1 169
1 177
1 181
1 198
2 7
2 11
2 21
2 27
2 32
2 33
2 41
2 44
2 47
2 48
2 52
2 53
2 56
2 57
2 58
2 68
2 72
2 75
2 90
2 97
2 106
2 108
2 111
2 116
2 129
2 135
2 144
2 148
2 151
2 152
2 153
2 157
2 158
2 159
2 160
2 174
2 180
2 189
3 0
3 1
3 4
3 5
3 9
3 14
3 22
3 25
3 28
3 34
3 35
3 36
3 37
3 40
3 46
3 59
3 67
3 70
3 74
3 78
3 79
3 81
3 89
3 92
3 93
3 100
3 109
3 113
3 122
3 132
3 140
3 154
3 155
3 156
3 164
3 173
3 175
3 179
3 185
3 187
3 188
4 10
4 17
4 18
4 20
4 39
4 51
4 55
4 62
4 73
4 77
4 95
4 96
4 99
4 105
4 114
4 115
4 123
4 124
4 137
4 141
4 142
4 143
4 145
4 163
4 166
4 172
4 183
4 194
4 195
4 197
5 2
5 8
5 16
5 19
5 23
5 24
5 26
5 29
5 30
5 42
5 45
5 76
5 83
5 85
5 86
5 91
5 94
5 103
5 104
5 112
5 120
5 127
5 128
5 133
5 136
5 161
5 162
5 170
5 171
5 176
5 182
5 184
5 199
