0 12
0 37
0 54
0 67
0 80
0 87
0 104
0 109
0 113
0 118
0 119
0 131
0 147
0 154
0 168
0 178
0 181
0 192
0 193
1 2
1 8
1 16
1 19
1 24
1 26
1 45
1 51
1 56
1 77
1 83
1 85
1 86
1 94
1 99
1 103
1 112
1 114
1 120
1 127
1 128
1 133
1 136
1 142
1 161
1 170
1 176
1 184
1 199
2 13
2 15
2 23
2 29
2 30
2 31
2 42
2 50
2 64
2 71
2 76
2 82
2 84
2 91
2 121
2 125
2 139
2 146
2 162
2 171
2 182
2 186
2 196
3 7
3 21
3 27
3 33
3 44
3 47
3 48
3 52
3 53
3 57
3 58
3 75
3 106
3 107
3 108
3 110
3 116
3 117
3 129
3 135
3 144
3 148
3 153
3 158
3 174
3 180
3 183
3 189
4 0
4 1
4 4
4 9
4 22
4 34
4 43
4 49
4 66
4 74
4 81
4 88
4 92
4 102
4 122
4 130
4 134
4 138
4 140
4 155
4 177
4 187
4 188
5 5
5 10
5 14
5 18
5 20
5 25
5 28
5 35
5 40
5 46
5 68
5 73
5 89
5 93
5 95
5 100
5 105
5 115
5 137
5 143
5 151
5 172
5 175
5 179
5 185
5 194
5 197
6 3
6 17
6 39
6 55
6 59
6 62
6 65
6 70
6 78
6 79
6 97
6 124
6 132
6 152
6 159
6 164
6 173
6 190
6 191
6 195
7 11
7 32
7 36
7 41
7 72
7 90
7 96
7 111
7 126
7 141
7 145
7 149
7 150
7 156
7 157
7 160
7 163
7 165
7 166
7 198
8 6
8 38
8 60
8 61
8 63
8 69
8 98
8 101
8 123
8 167
8 169
