0 1
0 31
0 35
0 38
0 41
0 44
0 45
0 48
0 51
0 53
0 68
0 93
0 99
0 103
0 133
0 139
0 143
0 150
0 151
0 154
0 163
0 190
1 14
1 16
1 24
1 26
1 27
1 50
1 56
1 57
1 60
1 66
1 69
1 92
1 104
1 132
1 137
1 158
1 162
1 168
1 171
1 177
1 180
1 188
2 79
2 89
2 100
2 101
2 105
2 141
2 164
2 174
2 195
3 3
3 32
3 36
3 42
3 67
3 86
3 96
3 106
3 116
3 122
3 124
3 135
3 156
3 159
3 170
3 185
3 199
4 0
4 8
4 15
4 33
4 39
4 61
4 75
4 77
4 80
4 85
4 95
4 110
4 114
4 115
4 123
4 155
4 166
4 167
4 179
4 186
4 189
4 196
5 7
5 9
5 40
5 49
5 52
5 62
5 63
5 65
5 87
5 94
5 98
5 118
5 134
5 172
5 176
6 5
6 13
6 17
6 18
6 23
6 25
6 47
6 58
6 64
6 74
6 83
6 88
6 90
6 91
6 102
6 109
6 120
6 126
6 127
6 128
6 131
6 144
6 146
6 147
6 148
6 169
6 173
6 187
6 191
6 197
7 4
7 11
7 30
7 76
7 78
7 84
7 97
7 108
7 117
7 130
7 140
7 142
7 152
7 157
7 165
7 178
7 181
7 182
7 192
7 193
8 2
8 6
8 10
8 12
8 19
8 20
8 21
8 22
8 29
8 34
8 37
8 43
8 54
8 55
8 59
8 70
8 71
8 72
8 73
8 81
8 82
8 107
8 111
8 119
8 121
8 125
8 129
8 136
8 138
8 145
8 149
8 153
8 160
8 161
8 175
8 183
8 184
8 194
8 198
9 28
9 46
9 112
9 113
