0 22
0 34
0 35
0 51
0 59
0 65
0 70
0 80
0 82
0 107
0 110
0 124
0 128
0 140
0 152
0 166
0 175
0 177
0 181
0 198
1 3
1 10
1 21
1 28
1 30
1 33
1 40
1 45
1 56
1 69
1 90
1 96
1 116
1 130
1 135
1 139
1 150
1 151
1 168
1 183
1 185
1 186
2 43
2 49
2 63
2 79
2 85
2 108
2 109
2 132
2 164
2 167
2 172
2 176
2 184
2 187
3 11
3 14
3 19
3 50
3 52
3 53
3 57
3 60
3 64
3 66
3 89
3 101
3 106
3 129
3 134
3 155
3 169
3 178
4 0
4 7
4 29
4 74
4 76
4 84
4 100
4 112
4 126
4 133
4 143
4 145
4 156
4 160
4 170
4 180
5 15
5 24
5 25
5 38
5 97
5 111
5 118
5 125
5 131
5 137
5 147
5 165
5 173
5 188
5 191
6 5
6 8
6 32
6 36
6 41
6 48
6 58
6 83
6 87
6 88
6 98
6 99
6 115
6 141
6 146
6 154
6 190
7 42
7 61
7 67
7 68
7 73
7 105
7 114
7 117
7 127
7 144
7 163
7 189
7 195
7 199
8 17
8 18
8 27
8 39
8 47
8 54
8 72
8 75
8 77
8 86
8 91
8 94
8 103
8 113
8 119
8 120
8 138
8 161
8 171
8 194
8 196
9 9
9 12
9 16
9 31
9 44
9 55
9 95
9 104
9 142
9 162
9 197
10 1
10 2
10 4
10 13
10 26
10 37
10 46
10 62
10 71
10 81
10 102
10 122
10 123
10 136
10 148
10 149
10 153
10 158
10 174
10 179
10 192
10 193
11 6
11 20
11 23
11 78
11 92
11 93
11 121
11 157
11 159
11 182
