0 51
0 67
0 93
0 99
0 133
0 151
0 154
0 163
0 186
1 13
1 17
1 21
1 22
1 25
1 29
1 34
1 47
1 55
1 64
1 70
1 74
1 81
1 88
1 90
1 109
1 119
1 120
1 129
1 131
1 146
1 147
1 153
1 160
1 161
1 173
1 191
1 197
2 2
2 8
2 30
2 85
2 97
2 152
3 7
3 24
3 40
3 50
3 56
3 92
3 132
3 134
4 0
4 15
4 39
4 80
4 95
4 110
4 115
4 123
4 155
4 167
4 179
4 189
4 196
5 11
5 19
5 33
5 72
5 76
5 77
5 78
5 84
5 114
5 157
5 165
5 166
5 175
5 178
5 181
5 182
5 193
6 3
6 32
6 36
6 42
6 86
6 96
6 106
6 116
6 122
6 124
6 135
6 156
6 159
6 170
6 185
6 199
7 6
7 10
7 12
7 20
7 37
7 43
7 59
7 71
7 73
7 82
7 107
7 111
7 121
7 136
7 138
7 145
7 149
7 183
7 194
7 198
8 5
8 18
8 23
8 26
8 57
8 58
8 83
8 91
8 102
8 126
8 127
8 128
8 137
8 144
8 148
8 162
8 168
8 169
8 180
8 187
9 79
9 108
9 164
9 174
9 195
10 9
10 49
10 52
10 63
10 65
10 87
10 94
10 98
10 118
10 172
10 176
11 14
11 16
11 27
11 60
11 62
11 66
11 69
11 104
11 158
11 171
11 177
11 184
11 188
12 61
12 75
12 89
12 100
12 101
12 105
12 141
13 4
13 54
13 117
13 125
13 130
13 140
13 142
13 192
14 28
14 46
14 112
14 113
15 1
15 31
15 35
15 38
15 41
15 44
15 45
15 48
15 53
15 68
15 103
15 139
15 143
15 150
15 190
