0 4
0 108
0 130
0 140
0 142
0 192
1 2
1 10
1 30
1 97
1 117
1 121
1 152
2 0
2 89
2 95
2 105
2 110
2 155
3 32
3 36
3 42
3 86
3 96
3 106
3 116
3 122
3 124
3 135
3 156
3 159
3 170
3 185
3 199
4 16
4 23
4 24
4 26
4 27
4 50
4 56
4 57
4 69
4 137
4 162
4 168
4 169
4 180
4 187
5 8
5 15
5 33
5 39
5 61
5 75
5 77
5 80
5 84
5 85
5 114
5 115
5 123
5 166
5 179
5 189
5 196
6 9
6 49
6 63
6 87
6 94
6 98
6 176
7 21
7 22
7 25
7 29
7 34
7 47
7 55
7 64
7 70
7 71
7 73
7 81
7 88
7 90
7 109
7 119
7 129
7 146
7 153
7 160
7 161
7 173
7 183
7 191
7 194
7 198
8 14
8 60
8 66
8 104
8 158
8 171
8 177
8 184
8 188
9 7
9 40
9 52
9 62
9 65
9 92
9 118
9 132
9 134
9 172
10 1
10 31
10 35
10 38
10 41
10 44
10 45
10 48
10 53
10 68
10 103
10 139
10 143
10 150
10 190
11 79
11 100
11 101
11 141
11 164
11 174
11 195
12 3
12 5
12 58
12 83
12 91
12 126
12 144
12 148
13 13
13 17
13 18
13 74
13 102
13 120
13 127
13 128
13 131
13 147
13 197
14 51
14 67
14 93
14 99
14 133
14 151
14 154
14 163
14 167
14 186
15 6
15 12
15 20
15 37
15 43
15 54
15 59
15 82
15 107
15 111
15 125
15 136
15 138
15 145
15 149
16 28
16 46
16 112
16 113
17 11
17 19
17 72
17 76
17 78
17 157
17 165
17 175
17 178
17 181
17 182
17 193
