0 3
0 5
0 58
0 83
0 91
0 126
0 144
0 148
1 11
1 19
1 30
1 72
1 76
1 78
1 84
1 97
1 157
1 165
1 175
1 178
1 181
1 182
1 193
2 2
2 10
2 16
2 23
2 26
2 27
2 69
2 145
2 158
2 184
3 0
3 80
3 95
3 110
3 123
3 155
3 167
4 51
4 67
4 93
4 99
4 133
4 151
4 154
4 163
4 186
5 9
5 49
5 52
5 63
5 65
5 87
5 94
5 98
5 172
5 176
6 28
6 46
6 112
6 113
7 32
7 36
7 42
7 86
7 96
7 106
7 116
7 122
7 124
7 135
7 156
7 159
7 170
7 185
7 199
8 79
8 89
8 164
8 174
8 195
9 21
9 22
9 25
9 29
9 34
9 55
9 64
9 70
9 71
9 73
9 81
9 88
9 90
9 107
9 109
9 119
9 129
9 138
9 153
9 160
9 161
9 173
9 183
9 194
9 198
10 8
10 15
10 33
10 39
10 77
10 85
10 115
10 166
10 179
10 189
10 196
11 24
11 40
11 50
11 56
11 92
11 132
11 134
12 18
12 47
12 57
12 102
12 128
12 137
12 146
12 162
12 168
12 169
12 180
12 187
13 7
13 14
13 60
13 62
13 66
13 104
13 118
13 171
13 177
13 188
14 20
14 37
14 43
14 59
14 82
14 111
14 121
14 136
14 149
15 1
15 31
15 35
15 38
15 41
15 44
15 45
15 48
15 53
15 68
15 103
15 139
15 143
15 150
15 190
16 4
16 6
16 12
16 54
16 108
16 117
16 125
16 130
16 140
16 142
16 152
16 192
17 61
17 75
17 100
17 101
17 105
17 114
17 141
18 13
18 17
18 74
18 120
18 127
18 131
18 147
18 191
18 197
