0 3
0 5
0 18
0 47
0 58
0 83
0 91
0 102
0 126
0 127
0 128
0 144
0 148
1 61
1 75
1 100
1 101
1 105
1 114
1 141
1 182
2 9
2 49
2 52
2 63
2 65
2 87
2 94
2 98
2 172
2 176
3 36
3 42
3 96
3 156
3 159
3 170
3 185
3 199
4 2
4 10
4 30
4 97
4 152
5 0
5 80
5 95
5 110
5 123
5 155
5 167
5 189
6 8
6 11
6 15
6 33
6 39
6 76
6 77
6 84
6 85
6 115
6 166
6 179
6 193
6 196
7 16
7 23
7 26
7 27
7 57
7 69
7 137
7 146
7 162
7 168
7 169
7 180
7 187
8 6
8 19
8 20
8 37
8 43
8 59
8 71
8 72
8 73
8 82
8 107
8 111
8 121
8 136
8 145
8 149
8 175
9 7
9 24
9 40
9 50
9 56
9 92
9 132
9 134
10 89
11 17
11 138
11 194
12 41
12 51
12 67
12 93
12 99
12 133
12 151
12 154
12 163
12 186
13 14
13 60
13 62
13 66
13 104
13 118
13 158
13 171
13 177
13 184
13 188
14 79
14 108
14 130
14 164
14 174
14 195
15 28
15 46
15 112
15 113
16 13
16 21
16 22
16 25
16 29
16 34
16 55
16 64
16 70
16 74
16 81
16 88
16 90
16 109
16 119
16 120
16 129
16 131
16 147
16 153
16 160
16 161
16 173
16 183
16 191
16 197
16 198
17 1
17 31
17 35
17 38
17 44
17 45
17 48
17 53
17 68
17 103
17 143
17 190
18 4
18 12
18 54
18 78
18 117
18 125
18 140
18 142
18 157
18 165
18 178
18 181
18 192
19 32
19 86
19 106
19 116
19 122
19 124
19 135
19 139
19 150
