0 0
0 3
0 5
0 7
0 8
0 11
0 14
0 15
0 16
0 19
0 28
0 29
0 30
0 32
0 33
0 38
0 45
0 50
0 52
0 53
0 56
0 57
0 58
0 60
0 64
0 66
0 69
0 74
0 76
0 83
0 84
0 87
0 88
0 89
0 90
0 96
0 106
0 111
0 112
0 116
0 126
0 129
0 133
0 134
0 141
0 143
0 145
0 155
0 156
0 160
0 169
0 170
0 178
0 180
0 183
0 186
0 190
1 1
1 2
1 4
1 9
1 10
1 13
1 17
1 18
1 21
1 22
1 26
1 27
1 34
1 35
1 36
1 37
1 39
1 40
1 41
1 44
1 46
1 47
1 48
1 51
1 54
1 55
1 59
1 62
1 65
1 67
1 70
1 71
1 72
1 73
1 75
1 77
1 80
1 81
1 82
1 86
1 91
1 94
1 95
1 98
1 99
1 101
1 102
1 103
1 105
1 107
1 110
1 113
1 114
1 115
1 119
1 120
1 122
1 123
1 124
1 128
1 130
1 135
1 136
1 138
1 139
1 140
1 146
1 148
1 149
1 150
1 151
1 152
1 153
1 154
1 158
1 161
1 162
1 163
1 166
1 168
1 171
1 174
1 175
1 177
1 179
1 181
1 185
1 189
1 192
1 193
1 194
1 195
1 196
1 197
1 198
1 199
2 6
2 12
2 20
2 23
2 24
2 25
2 31
2 42
2 43
2 49
2 61
2 63
2 68
2 78
2 79
2 85
2 92
2 93
2 97
2 100
2 104
2 108
2 109
2 117
2 118
2 121
2 125
2 127
2 131
2 132
2 137
2 142
2 144
2 147
2 157
2 159
2 164
2 165
2 167
2 172
2 173
2 176
2 182
2 184
2 187
2 188
2 191
