0 0
0 5
0 6
0 7
0 12
0 20
0 23
0 29
0 49
0 63
0 74
0 76
0 78
0 79
0 84
0 85
0 92
0 93
0 100
0 108
0 109
0 112
0 121
0 126
0 132
0 133
0 143
0 145
0 156
0 157
0 159
0 160
0 164
0 167
0 170
0 176
0 180
0 182
0 184
0 187
1 2
1 4
1 13
1 18
1 21
1 22
1 27
1 34
1 35
1 39
1 40
1 47
1 51
1 54
1 59
1 65
1 70
1 71
1 72
1 77
1 80
1 81
1 82
1 91
1 94
1 95
1 102
1 103
1 107
1 110
1 113
1 119
1 120
1 124
1 128
1 135
1 138
1 140
1 148
1 149
1 151
1 152
1 153
1 158
1 161
1 166
1 168
1 171
1 175
1 177
1 179
1 181
1 194
1 196
1 198
2 9
2 11
2 14
2 15
2 16
2 17
2 19
2 24
2 25
2 38
2 50
2 52
2 53
2 56
2 57
2 60
2 64
2 66
2 75
2 86
2 89
2 96
2 97
2 101
2 106
2 111
2 118
2 125
2 129
2 131
2 134
2 137
2 147
2 155
2 165
2 169
2 173
2 178
2 183
2 188
2 191
2 197
3 1
3 3
3 8
3 10
3 26
3 28
3 30
3 31
3 32
3 33
3 36
3 37
3 41
3 42
3 43
3 44
3 45
3 46
3 48
3 55
3 58
3 61
3 62
3 67
3 68
3 69
3 73
3 83
3 87
3 88
3 90
3 98
3 99
3 104
3 105
3 114
3 115
3 116
3 117
3 122
3 123
3 127
3 130
3 136
3 139
3 141
3 142
3 144
3 146
3 150
3 154
3 162
3 163
3 172
3 174
3 185
3 186
3 189
3 190
3 192
3 193
3 195
3 199
