0 0
0 5
0 7
0 8
0 29
0 32
0 45
0 58
0 74
0 76
0 83
0 84
0 87
0 88
0 112
0 126
0 133
0 143
0 145
0 156
0 160
0 170
0 180
1 3
1 9
1 10
1 21
1 28
1 30
1 31
1 33
1 40
1 44
1 53
1 55
1 56
1 60
1 69
1 89
1 90
1 95
1 96
1 103
1 104
1 106
1 116
1 130
1 135
1 139
1 141
1 150
1 151
1 162
1 168
1 169
1 171
1 183
1 185
1 186
1 197
2 1
2 26
2 36
2 37
2 41
2 42
2 46
2 48
2 61
2 62
2 67
2 68
2 71
2 73
2 98
2 99
2 105
2 114
2 115
2 117
2 122
2 123
2 127
2 136
2 142
2 144
2 146
2 148
2 154
2 163
2 172
2 174
2 189
2 190
2 192
2 193
2 195
2 199
3 6
3 12
3 20
3 23
3 43
3 49
3 63
3 78
3 79
3 85
3 92
3 93
3 100
3 108
3 109
3 121
3 132
3 157
3 159
3 164
3 167
3 176
3 182
3 184
3 187
4 11
4 14
4 15
4 16
4 17
4 19
4 24
4 25
4 38
4 50
4 52
4 57
4 64
4 66
4 75
4 86
4 97
4 101
4 111
4 118
4 125
4 129
4 131
4 134
4 137
4 147
4 155
4 165
4 173
4 178
4 188
4 191
5 2
5 4
5 13
5 18
5 22
5 27
5 34
5 35
5 39
5 47
5 51
5 54
5 59
5 65
5 70
5 72
5 77
5 80
5 81
5 82
5 91
5 94
5 102
5 107
5 110
5 113
5 119
5 120
5 124
5 128
5 138
5 140
5 149
5 152
5 153
5 158
5 161
5 166
5 175
5 177
5 179
5 181
5 194
5 196
5 198
