0 5
0 13
0 17
0 18
0 23
0 25
0 26
0 27
0 46
0 47
0 56
0 57
0 58
0 64
0 69
0 74
0 83
0 88
0 91
0 102
0 109
0 112
0 113
0 120
0 126
0 127
0 128
0 131
0 137
0 144
0 146
0 147
0 148
0 162
0 168
0 169
0 173
0 180
0 187
0 191
0 197
1 1
1 8
1 31
1 33
1 35
1 38
1 39
1 44
1 45
1 51
1 53
1 68
1 77
1 93
1 99
1 123
1 133
1 143
1 151
1 154
1 163
1 167
1 179
1 186
1 189
1 190
1 196
2 4
2 11
2 30
2 76
2 78
2 84
2 85
2 97
2 108
2 117
2 130
2 140
2 142
2 152
2 157
2 164
2 165
2 166
2 178
2 181
2 182
2 192
2 193
3 7
3 9
3 14
3 16
3 24
3 40
3 49
3 50
3 52
3 60
3 62
3 63
3 65
3 66
3 87
3 92
3 94
3 98
3 104
3 118
3 132
3 134
3 171
3 172
3 176
3 177
3 188
4 3
4 32
4 36
4 41
4 42
4 67
4 86
4 96
4 106
4 116
4 122
4 124
4 135
4 139
4 150
4 156
4 159
4 170
4 185
4 199
5 2
5 6
5 10
5 12
5 19
5 20
5 21
5 22
5 28
5 29
5 34
5 37
5 43
5 48
5 54
5 55
5 59
5 70
5 71
5 72
5 73
5 81
5 82
5 90
5 103
5 107
5 111
5 119
5 121
5 125
5 129
5 136
5 138
5 145
5 149
5 153
5 158
5 160
5 161
5 175
5 183
5 184
5 194
5 198
6 0
6 15
6 61
6 75
6 79
6 80
6 89
6 95
6 100
6 101
6 105
6 110
6 114
6 115
6 141
6 155
6 174
6 195
