0 12
0 31
0 43
0 49
0 55
0 79
0 85
0 104
0 108
0 117
0 127
0 132
0 142
0 164
0 167
0 172
0 176
0 187
1 2
1 4
1 13
1 22
1 34
1 35
1 51
1 59
1 65
1 70
1 80
1 81
1 82
1 102
1 107
1 110
1 128
1 136
1 140
1 148
1 149
1 152
1 153
1 158
1 166
1 175
1 179
1 181
1 198
2 9
2 16
2 24
2 25
2 52
2 97
2 111
2 118
2 125
2 137
2 147
2 165
2 173
2 188
2 191
3 5
3 7
3 8
3 28
3 32
3 33
3 41
3 45
3 48
3 58
3 69
3 83
3 87
3 88
3 90
3 98
3 99
3 115
3 116
3 126
3 130
3 139
3 141
3 145
3 146
3 150
3 154
3 156
3 180
3 185
3 186
3 190
4 3
4 10
4 21
4 30
4 40
4 44
4 53
4 56
4 60
4 95
4 96
4 103
4 106
4 124
4 135
4 151
4 162
4 168
4 169
4 171
4 177
4 183
4 197
5 0
5 6
5 20
5 23
5 63
5 74
5 76
5 78
5 84
5 92
5 93
5 100
5 109
5 121
5 133
5 143
5 157
5 159
5 160
5 170
5 182
5 184
6 11
6 14
6 15
6 29
6 38
6 50
6 64
6 89
6 112
6 129
6 131
6 134
6 155
7 17
7 18
7 19
7 27
7 39
7 47
7 54
7 57
7 66
7 72
7 75
7 77
7 86
7 91
7 94
7 101
7 113
7 119
7 120
7 138
7 161
7 178
7 194
7 196
8 1
8 26
8 36
8 37
8 42
8 46
8 61
8 62
8 67
8 68
8 71
8 73
8 105
8 114
8 122
8 123
8 144
8 163
8 174
8 189
8 192
8 193
8 195
8 199
