0 1
0 4
0 15
0 39
0 47
0 49
0 71
0 78
0 82
0 84
0 85
0 101
0 114
0 125
0 130
0 134
0 139
0 144
0 159
0 174
0 193
0 195
1 8
1 14
1 23
1 51
1 56
1 76
1 91
1 98
1 100
1 111
1 150
1 153
1 154
1 156
1 172
1 184
2 10
2 24
2 32
2 33
2 43
2 48
2 53
2 59
2 61
2 63
2 68
2 73
2 75
2 77
2 86
2 89
2 105
2 108
2 115
2 121
2 124
2 128
2 163
2 175
2 179
2 181
2 190
2 196
2 199
3 2
3 17
3 26
3 30
3 69
3 94
3 95
3 112
3 131
3 141
3 162
4 9
4 19
4 25
4 41
4 57
4 60
4 70
4 72
4 119
4 145
4 157
4 165
4 173
4 185
5 0
5 7
5 11
5 21
5 27
5 36
5 44
5 46
5 58
5 74
5 83
5 90
5 93
5 96
5 103
5 106
5 110
5 116
5 123
5 129
5 133
5 135
5 160
5 166
5 183
5 194
5 197
6 16
6 18
6 20
6 28
6 29
6 52
6 65
6 102
6 107
6 113
6 120
6 127
6 138
6 151
6 170
6 171
6 187
6 198
7 5
7 12
7 13
7 42
7 45
7 50
7 62
7 88
7 122
7 137
7 142
7 167
7 169
7 176
7 177
7 186
7 192
8 22
8 34
8 80
8 81
8 92
8 104
8 109
8 118
8 126
8 136
8 146
8 147
8 148
8 164
8 168
8 191
9 37
9 54
9 66
9 67
9 79
9 87
9 117
9 140
9 155
9 161
9 178
9 182
9 188
10 3
10 6
10 31
10 35
10 38
10 40
10 55
10 64
10 97
10 99
10 132
10 143
10 149
10 152
10 158
10 180
10 189
