0 15
0 31
0 37
0 49
0 54
0 66
0 67
0 79
0 84
0 87
0 105
0 117
0 125
0 134
0 140
0 155
0 174
0 178
0 182
0 188
0 195
1 9
1 10
1 19
1 25
1 41
1 46
1 52
1 57
1 58
1 60
1 72
1 91
1 102
1 119
1 171
1 194
2 6
2 32
2 35
2 38
2 40
2 45
2 63
2 86
2 97
2 99
2 104
2 121
2 136
2 143
2 148
2 149
2 152
2 154
2 158
2 169
2 177
2 180
2 189
3 22
3 34
3 80
3 81
3 92
3 109
3 118
3 126
3 145
3 146
3 147
3 164
3 168
3 191
4 11
4 27
4 36
4 44
4 74
4 77
4 93
4 96
4 106
4 116
4 129
4 183
5 5
5 8
5 12
5 13
5 14
5 42
5 50
5 62
5 69
5 76
5 88
5 100
5 112
5 122
5 137
5 142
5 150
5 167
5 176
5 184
5 186
5 192
6 0
6 7
6 21
6 56
6 64
6 83
6 90
6 98
6 103
6 110
6 111
6 123
6 132
6 133
6 135
6 160
6 166
6 197
7 1
7 3
7 24
7 33
7 43
7 48
7 53
7 55
7 59
7 61
7 68
7 73
7 75
7 82
7 89
7 108
7 115
7 163
7 175
7 190
7 196
7 199
8 4
8 39
8 71
8 101
8 114
8 130
8 139
8 179
8 193
9 17
9 20
9 23
9 28
9 51
9 65
9 95
9 107
9 131
9 138
9 141
9 153
9 156
9 172
9 187
9 198
10 2
10 16
10 18
10 26
10 29
10 30
10 94
10 113
10 120
10 127
10 151
10 161
10 162
10 170
11 47
11 70
11 78
11 85
11 124
11 128
11 144
11 157
11 159
11 165
11 173
11 181
11 185
