0 6
0 34
0 92
0 104
0 126
0 146
0 148
0 171
0 182
0 188
0 191
1 14
1 17
1 20
1 23
1 28
1 32
1 51
1 52
1 65
1 76
1 91
1 100
1 102
1 107
1 131
1 138
1 141
1 150
1 153
1 156
1 172
1 187
1 198
2 1
2 24
2 33
2 43
2 48
2 53
2 55
2 61
2 68
2 73
2 75
2 86
2 89
2 108
2 115
2 139
2 163
2 179
2 190
3 35
3 38
3 63
3 105
3 121
3 136
3 180
3 189
3 199
4 8
4 62
4 80
4 88
4 118
4 119
4 142
4 145
4 147
4 154
4 164
4 167
4 168
4 184
5 5
5 12
5 13
5 42
5 45
5 50
5 69
5 112
5 122
5 137
5 169
5 176
5 177
5 186
5 192
6 11
6 27
6 36
6 44
6 59
6 74
6 77
6 93
6 96
6 106
6 129
6 175
6 183
6 196
7 0
7 7
7 21
7 46
7 56
7 58
7 64
7 83
7 90
7 95
7 98
7 103
7 110
7 111
7 123
7 132
7 133
7 160
7 166
7 194
7 197
8 3
8 10
8 47
8 70
8 124
8 128
8 144
8 157
8 165
8 181
8 185
9 4
9 15
9 39
9 49
9 71
9 78
9 82
9 84
9 85
9 101
9 114
9 125
9 130
9 134
9 159
9 174
9 193
9 195
10 2
10 16
10 18
10 26
10 29
10 30
10 94
10 113
10 120
10 127
10 151
10 161
10 162
10 170
11 40
11 97
11 99
11 116
11 135
11 143
11 149
11 152
11 158
12 31
12 37
12 54
12 66
12 67
12 79
12 81
12 87
12 109
12 117
12 140
12 155
12 178
13 9
13 19
13 22
13 25
13 41
13 57
13 60
13 72
13 173
