0 1
0 3
0 48
0 55
0 75
0 82
0 89
0 139
0 163
0 190
1 37
1 66
1 67
1 79
1 87
1 117
1 140
1 155
1 178
1 182
1 188
2 0
2 7
2 21
2 44
2 64
2 83
2 90
2 98
2 103
2 110
2 116
2 123
2 132
2 135
2 160
2 166
2 197
3 9
3 19
3 25
3 41
3 57
3 60
3 72
3 119
3 145
3 157
3 165
3 171
3 173
4 20
4 28
4 32
4 51
4 102
4 107
4 156
4 187
4 198
5 17
5 23
5 30
5 46
5 52
5 58
5 65
5 94
5 95
5 131
5 133
5 138
5 141
5 153
5 162
5 172
5 194
6 33
6 59
6 61
6 73
6 175
6 196
7 45
7 54
7 80
7 118
7 136
7 147
7 148
7 164
8 2
8 16
8 18
8 26
8 29
8 113
8 120
8 127
8 151
8 161
8 170
9 4
9 15
9 39
9 49
9 71
9 84
9 85
9 101
9 114
9 124
9 125
9 130
9 134
9 144
9 159
9 174
9 193
9 195
10 22
10 34
10 81
10 92
10 109
10 126
10 146
10 168
10 191
11 8
11 14
11 47
11 56
11 70
11 76
11 78
11 91
11 100
11 111
11 122
11 137
11 150
11 154
11 180
11 184
11 185
12 6
12 31
12 35
12 38
12 40
12 63
12 97
12 99
12 104
12 105
12 121
12 143
12 149
12 152
12 158
12 189
13 11
13 27
13 36
13 74
13 77
13 93
13 96
13 106
13 129
13 183
14 5
14 12
14 13
14 42
14 50
14 62
14 69
14 88
14 112
14 142
14 167
14 169
14 176
14 177
14 186
14 192
15 10
15 24
15 43
15 53
15 68
15 86
15 108
15 115
15 128
15 179
15 181
15 199
