0 37
0 54
0 66
0 67
0 79
0 87
0 117
0 140
0 155
0 174
0 178
0 182
0 188
1 19
1 47
1 70
1 72
1 78
1 85
1 124
1 128
1 144
1 159
1 181
1 185
2 13
2 69
2 112
2 162
3 5
3 12
3 42
3 50
3 62
3 88
3 142
3 167
3 169
3 176
3 177
3 184
3 186
3 192
4 8
4 14
4 56
4 76
4 91
4 100
4 111
4 122
4 137
4 150
4 154
4 156
4 180
5 27
5 36
5 46
5 93
5 96
5 106
5 129
5 183
5 194
6 33
6 41
6 43
6 49
6 53
6 71
6 82
6 89
6 108
6 115
6 171
6 179
6 195
7 0
7 7
7 21
7 25
7 58
7 83
7 90
7 98
7 103
7 110
7 123
7 132
7 133
7 135
7 160
7 166
7 197
8 22
8 34
8 80
8 81
8 92
8 109
8 118
8 126
8 146
8 147
8 164
8 191
9 2
9 16
9 18
9 26
9 29
9 30
9 113
9 120
9 127
9 151
9 161
9 170
10 10
10 24
10 28
10 32
10 86
10 107
10 199
11 6
11 35
11 38
11 45
11 63
11 104
11 105
11 121
11 136
11 148
11 189
12 31
12 40
12 64
12 97
12 99
12 116
12 143
12 149
12 152
12 158
13 4
13 39
13 101
13 114
13 130
13 139
13 193
14 17
14 20
14 23
14 51
14 52
14 65
14 94
14 95
14 102
14 131
14 138
14 141
14 153
14 172
14 187
14 198
15 3
15 11
15 44
15 59
15 61
15 68
15 73
15 74
15 77
15 175
15 190
15 196
16 9
16 57
16 60
16 119
16 145
16 157
16 165
16 168
16 173
17 1
17 15
17 48
17 55
17 75
17 84
17 125
17 134
17 163
