0 2
0 16
0 18
0 26
0 29
0 30
0 113
0 120
0 127
0 147
0 151
0 161
0 170
1 22
1 34
1 81
1 92
1 109
1 126
1 146
1 168
1 191
2 8
2 13
2 14
2 56
2 69
2 76
2 91
2 100
2 111
2 112
2 122
2 137
2 150
2 154
2 184
3 15
3 31
3 37
3 49
3 54
3 66
3 67
3 79
3 84
3 87
3 104
3 105
3 117
3 125
3 134
3 140
3 155
3 174
3 178
3 182
3 188
3 195
4 10
4 24
4 33
4 43
4 53
4 68
4 86
4 108
4 115
4 124
4 128
4 163
4 179
4 181
4 190
5 20
5 23
5 28
5 46
5 51
5 52
5 58
5 65
5 102
5 107
5 138
5 153
5 156
5 172
5 187
5 194
5 198
6 9
6 19
6 25
6 41
6 57
6 60
6 72
6 119
6 145
6 171
6 173
7 62
7 88
7 118
7 142
7 164
7 167
8 32
8 35
8 38
8 63
8 80
8 121
8 136
8 149
8 158
8 180
8 189
8 199
9 36
9 93
9 96
9 106
10 17
10 94
10 95
10 131
10 141
10 162
11 1
11 48
11 55
11 75
12 4
12 39
12 71
12 82
12 89
12 101
12 114
12 130
12 139
12 193
13 47
13 70
13 78
13 85
13 144
13 157
13 159
13 165
13 185
14 0
14 6
14 7
14 64
14 110
14 123
14 166
15 11
15 27
15 44
15 61
15 73
15 74
15 77
15 129
15 175
15 183
15 196
16 3
16 40
16 59
16 97
16 99
16 116
16 143
16 152
17 21
17 83
17 90
17 98
17 103
17 132
17 133
17 135
17 160
17 197
18 5
18 12
18 42
18 45
18 50
18 148
18 169
18 176
18 177
18 186
18 192
