0 5
0 13
0 42
0 50
0 69
0 112
0 122
0 137
0 162
0 171
0 176
0 182
0 188
1 6
1 35
1 38
1 40
1 63
1 97
1 99
1 116
1 121
1 143
1 149
1 152
1 158
1 180
1 189
2 15
2 49
2 78
2 84
2 124
2 125
2 134
2 144
2 174
3 2
3 16
3 18
3 26
3 29
3 30
3 94
3 113
3 120
3 127
3 151
3 161
3 170
4 7
4 14
4 56
4 100
4 111
4 150
4 154
4 168
5 10
5 28
5 32
5 76
5 107
5 156
5 187
5 198
6 22
6 34
6 80
6 81
6 92
6 109
6 118
6 126
6 145
6 146
6 147
6 164
6 191
7 21
7 44
7 64
7 90
7 132
7 135
7 160
8 25
8 46
8 58
8 83
8 95
8 98
8 103
8 110
8 133
8 166
8 194
8 197
9 11
9 27
9 36
9 74
9 93
9 96
9 106
9 129
9 183
10 9
10 41
10 47
10 57
10 70
10 72
10 157
10 165
10 173
10 185
11 0
11 19
11 24
11 43
11 53
11 86
11 115
11 123
11 128
11 139
11 179
11 181
12 12
12 45
12 54
12 104
12 136
12 148
12 169
12 177
12 186
12 192
13 4
13 39
13 71
13 82
13 85
13 101
13 114
13 130
13 159
13 193
13 195
14 8
14 60
14 62
14 88
14 119
14 142
14 167
14 184
15 31
15 37
15 66
15 67
15 79
15 87
15 117
15 140
15 155
15 178
16 3
16 33
16 48
16 68
16 89
16 105
16 108
16 163
16 190
17 17
17 20
17 23
17 51
17 52
17 65
17 91
17 102
17 131
17 138
17 141
17 153
17 172
18 1
18 55
18 75
19 59
19 61
19 73
19 77
19 175
19 196
19 199
