0 1
0 3
0 11
0 21
0 27
0 33
0 35
0 36
0 40
0 44
0 48
0 53
0 55
0 59
0 61
0 63
0 64
0 68
0 73
0 74
0 75
0 77
0 82
0 89
0 90
0 93
0 96
0 97
0 99
0 106
0 108
0 116
0 121
0 129
0 132
0 135
0 143
0 152
0 158
0 160
0 163
0 175
0 183
0 189
0 190
0 196
1 5
1 15
1 22
1 31
1 34
1 37
1 38
1 43
1 45
1 49
1 50
1 54
1 66
1 67
1 79
1 80
1 81
1 84
1 87
1 92
1 104
1 105
1 109
1 117
1 118
1 125
1 126
1 134
1 136
1 137
1 140
1 146
1 147
1 148
1 155
1 164
1 168
1 169
1 174
1 176
1 177
1 178
1 182
1 186
1 188
1 191
1 192
1 195
2 8
2 9
2 10
2 13
2 14
2 19
2 20
2 24
2 28
2 32
2 41
2 42
2 47
2 52
2 56
2 57
2 60
2 62
2 70
2 72
2 76
2 78
2 85
2 86
2 88
2 91
2 98
2 100
2 102
2 107
2 111
2 119
2 122
2 124
2 128
2 142
2 144
2 145
2 149
2 150
2 154
2 156
2 157
2 159
2 165
2 167
2 171
2 173
2 180
2 181
2 184
2 185
2 199
3 0
3 2
3 4
3 6
3 7
3 12
3 16
3 17
3 18
3 23
3 25
3 26
3 29
3 30
3 39
3 46
3 51
3 58
3 65
3 69
3 71
3 83
3 94
3 95
3 101
3 103
3 110
3 112
3 113
3 114
3 115
3 120
3 123
3 127
3 130
3 131
3 133
3 138
3 139
3 141
3 151
3 153
3 161
3 162
3 166
3 170
3 172
3 179
3 187
3 193
3 194
3 197
3 198
