0 22
0 34
0 80
0 81
0 92
0 109
0 118
0 126
0 136
0 145
0 146
0 147
0 148
0 154
0 164
0 168
0 191
1 1
1 4
1 15
1 39
1 49
1 71
1 75
1 78
1 82
1 84
1 89
1 101
1 114
1 125
1 130
1 134
1 139
1 155
1 159
1 174
1 193
1 195
2 24
2 31
2 33
2 35
2 38
2 40
2 53
2 59
2 61
2 63
2 68
2 73
2 77
2 86
2 97
2 99
2 105
2 121
2 143
2 149
2 152
2 158
2 175
2 180
2 189
2 199
3 2
3 14
3 16
3 17
3 18
3 20
3 23
3 26
3 28
3 29
3 30
3 32
3 51
3 52
3 65
3 76
3 91
3 94
3 95
3 100
3 102
3 107
3 113
3 120
3 127
3 131
3 133
3 138
3 141
3 150
3 151
3 153
3 156
3 161
3 162
3 170
3 172
3 187
3 198
4 3
4 10
4 19
4 43
4 47
4 48
4 55
4 70
4 72
4 85
4 108
4 124
4 128
4 144
4 157
4 163
4 165
4 181
4 185
4 190
4 196
5 5
5 6
5 8
5 9
5 12
5 13
5 25
5 37
5 41
5 42
5 45
5 50
5 54
5 57
5 60
5 62
5 66
5 67
5 69
5 79
5 87
5 88
5 104
5 112
5 115
5 117
5 119
5 122
5 123
5 137
5 140
5 142
5 167
5 169
5 171
5 173
5 176
5 177
5 178
5 179
5 182
5 184
5 186
5 188
5 192
6 0
6 7
6 11
6 21
6 27
6 36
6 44
6 46
6 56
6 58
6 64
6 74
6 83
6 90
6 93
6 96
6 98
6 103
6 106
6 110
6 111
6 116
6 129
6 132
6 135
6 160
6 166
6 183
6 194
6 197
