0 9
0 19
0 23
0 25
0 41
0 46
0 51
0 52
0 57
0 58
0 60
0 72
0 91
0 98
0 102
0 103
0 153
0 171
0 172
0 194
1 0
1 3
1 6
1 7
1 21
1 27
1 36
1 40
1 44
1 55
1 64
1 74
1 83
1 90
1 93
1 96
1 97
1 99
1 106
1 110
1 116
1 123
1 129
1 132
1 135
1 143
1 152
1 160
1 166
1 183
1 197
2 22
2 31
2 34
2 37
2 54
2 66
2 67
2 79
2 80
2 81
2 87
2 92
2 104
2 105
2 109
2 117
2 126
2 136
2 140
2 146
2 148
2 155
2 164
2 168
2 178
2 182
2 188
2 191
3 10
3 24
3 28
3 32
3 47
3 70
3 86
3 107
3 124
3 128
3 149
3 156
3 157
3 165
3 173
3 181
3 185
3 187
3 199
4 1
4 4
4 15
4 39
4 49
4 71
4 82
4 84
4 85
4 101
4 114
4 125
4 130
4 134
4 139
4 144
4 159
4 174
4 179
4 193
4 195
5 5
5 8
5 12
5 13
5 14
5 42
5 45
5 50
5 56
5 62
5 76
5 78
5 88
5 100
5 111
5 118
5 119
5 122
5 137
5 142
5 145
5 150
5 154
5 167
5 169
5 176
5 177
5 180
5 184
5 186
5 192
6 2
6 16
6 17
6 18
6 20
6 26
6 29
6 30
6 65
6 69
6 94
6 95
6 112
6 113
6 120
6 127
6 131
6 133
6 138
6 141
6 147
6 151
6 161
6 162
6 170
6 198
7 11
7 33
7 35
7 38
7 43
7 48
7 53
7 59
7 61
7 63
7 68
7 73
7 75
7 77
7 89
7 108
7 115
7 121
7 158
7 163
7 175
7 189
7 190
7 196
