0 7
0 11
0 21
0 25
0 27
0 36
0 44
0 46
0 56
0 58
0 74
0 83
0 90
0 93
0 96
0 98
0 103
0 106
0 110
0 111
0 116
0 129
0 135
0 160
0 166
0 183
0 194
0 197
1 0
1 9
1 10
1 19
1 24
1 32
1 53
1 64
1 72
1 86
1 108
1 115
1 123
1 128
1 132
1 156
1 179
1 181
2 33
2 35
2 38
2 40
2 59
2 61
2 63
2 68
2 73
2 77
2 97
2 99
2 121
2 143
2 149
2 152
2 158
2 175
2 180
2 189
2 196
2 199
3 3
3 47
3 70
3 78
3 85
3 114
3 124
3 144
3 157
3 159
3 163
3 165
3 185
4 5
4 8
4 12
4 13
4 14
4 41
4 42
4 50
4 57
4 60
4 62
4 69
4 88
4 112
4 119
4 122
4 137
4 142
4 150
4 162
4 167
4 169
4 171
4 173
4 176
4 177
4 184
4 186
4 192
5 1
5 4
5 15
5 39
5 48
5 49
5 55
5 71
5 75
5 82
5 84
5 89
5 101
5 130
5 134
5 139
5 174
5 190
5 193
5 195
6 2
6 16
6 17
6 18
6 20
6 23
6 26
6 28
6 29
6 30
6 51
6 52
6 65
6 76
6 91
6 94
6 95
6 100
6 102
6 107
6 113
6 120
6 127
6 131
6 133
6 138
6 141
6 151
6 153
6 170
6 172
6 187
6 198
7 22
7 34
7 45
7 80
7 81
7 92
7 109
7 118
7 126
7 136
7 145
7 146
7 147
7 148
7 154
7 164
7 168
7 191
8 6
8 31
8 37
8 43
8 54
8 66
8 67
8 79
8 87
8 104
8 105
8 117
8 125
8 140
8 155
8 161
8 178
8 182
8 188
