0 8
0 32
0 34
0 76
0 145
1 1
1 24
1 43
1 48
1 53
1 73
1 75
1 86
1 89
1 108
1 139
1 163
1 190
1 199
2 20
2 22
2 28
2 46
2 51
2 58
2 90
2 107
2 118
2 119
2 153
2 156
2 167
2 173
2 187
2 197
3 19
3 38
3 44
3 63
3 64
3 132
3 158
3 160
4 31
4 37
4 105
4 125
4 134
4 174
5 0
5 7
5 21
5 23
5 72
5 83
5 98
5 103
5 110
5 123
5 129
5 135
5 166
5 172
5 194
6 14
6 56
6 80
6 91
6 111
6 133
6 147
6 150
6 154
6 157
6 165
6 168
6 180
6 184
7 35
7 45
7 81
7 109
7 136
7 146
7 148
7 164
7 169
7 176
7 177
8 2
8 16
8 18
8 26
8 29
8 95
8 102
8 120
8 141
8 151
8 161
8 162
8 170
8 198
9 15
9 49
9 82
9 84
9 124
10 6
10 47
10 144
10 181
10 195
11 3
11 11
11 27
11 36
11 59
11 74
11 77
11 87
11 93
11 96
11 99
11 106
11 121
11 183
12 5
12 13
12 42
12 62
12 88
12 100
12 122
12 126
12 191
13 12
13 50
13 79
13 112
13 137
13 142
13 186
13 192
14 67
14 155
14 178
14 182
14 188
15 10
15 70
15 78
15 85
15 104
15 128
15 159
15 185
16 9
16 17
16 25
16 30
16 41
16 52
16 54
16 57
16 60
16 65
16 66
16 69
16 92
16 94
16 113
16 117
16 127
16 131
16 138
16 140
16 171
17 4
17 39
17 71
17 101
17 114
17 115
17 130
17 179
17 193
18 33
18 40
18 55
18 61
18 68
18 97
18 116
18 143
18 149
18 152
18 175
18 189
18 196
