0 2
0 16
0 26
0 29
0 94
0 95
0 120
0 127
0 133
0 141
0 161
0 170
1 17
1 18
1 19
1 20
1 23
1 30
1 41
1 51
1 72
1 91
1 119
1 131
1 132
1 145
1 157
1 165
1 171
1 172
2 7
2 46
2 56
2 90
2 110
2 160
2 197
3 15
3 43
3 64
3 71
3 114
3 163
3 188
4 5
4 12
4 13
4 42
4 45
4 69
4 88
4 112
4 122
4 150
4 162
4 167
4 182
4 192
5 76
5 78
5 137
5 142
5 154
5 176
6 10
6 28
6 33
6 53
6 59
6 74
6 101
6 115
6 139
6 159
6 190
6 193
6 195
7 0
7 6
7 98
7 143
7 179
7 180
7 183
8 24
8 38
8 128
8 148
8 149
8 156
8 169
8 177
9 57
9 60
9 62
9 65
9 103
9 151
9 164
9 184
10 50
10 54
10 80
10 104
10 113
10 118
10 136
10 147
10 168
10 191
11 3
11 66
11 79
11 82
11 84
11 124
11 134
12 21
12 35
12 61
12 63
12 73
12 89
12 93
12 97
12 105
12 108
12 135
12 152
12 158
13 1
13 4
13 39
13 47
13 48
13 49
13 55
13 70
13 125
13 144
13 174
13 185
13 196
14 37
14 67
14 81
14 87
15 32
15 107
15 121
15 123
15 187
16 22
16 31
16 34
16 92
16 109
16 117
16 126
16 146
16 155
16 178
16 186
17 27
17 40
17 68
17 75
17 77
17 86
17 99
17 106
17 116
17 129
17 130
17 140
17 175
17 181
17 189
17 194
18 9
18 25
18 36
18 44
18 58
18 96
18 111
18 153
19 8
19 11
19 14
19 52
19 83
19 85
19 100
19 102
19 138
19 166
19 173
19 198
19 199
