0 3
0 14
0 27
0 40
0 66
0 83
0 84
0 132
0 134
0 153
0 162
0 168
0 171
0 187
0 191
0 199
1 24
1 26
1 58
1 79
1 87
1 109
1 121
1 123
1 133
2 11
2 71
2 73
2 76
2 105
2 141
2 149
2 175
2 178
2 196
3 45
3 48
3 51
3 53
3 81
3 106
3 122
3 124
4 52
4 57
4 63
4 97
4 118
4 130
4 145
4 158
4 172
4 177
4 188
5 31
5 38
5 42
5 43
5 44
5 156
5 167
5 186
6 114
6 140
6 176
6 192
7 19
7 33
7 72
7 77
7 110
7 193
8 17
8 25
8 34
8 55
8 60
8 62
8 70
8 74
8 85
8 88
8 91
8 92
8 107
8 119
8 120
8 127
8 131
8 137
8 160
8 161
8 173
8 183
8 198
9 32
9 59
9 103
9 116
9 136
9 139
9 150
9 159
9 163
9 179
10 170
10 195
11 18
11 21
11 22
11 36
11 47
11 50
11 86
11 90
11 96
11 128
11 135
11 144
11 146
11 147
11 155
11 169
11 197
12 0
12 20
12 37
12 61
12 80
12 95
12 100
12 101
12 157
12 165
12 181
12 182
13 7
13 13
13 28
13 29
13 46
13 64
13 112
13 113
13 129
13 138
13 194
14 4
14 6
14 9
14 12
14 54
14 65
14 98
14 108
14 117
14 125
14 142
15 2
15 8
15 15
15 30
15 75
15 115
15 143
15 164
15 174
15 185
15 189
15 190
16 78
17 5
17 23
17 39
17 56
17 67
17 99
17 102
17 126
17 148
17 151
17 180
18 1
18 10
18 35
18 41
18 68
18 82
18 93
18 111
18 154
18 166
19 16
19 49
19 69
19 89
19 94
19 104
19 152
19 184
