0 29
0 74
0 76
0 112
0 160
0 170
0 180
1 9
1 31
1 44
1 53
1 55
1 95
1 102
1 104
1 162
1 197
2 6
2 20
2 23
2 78
2 85
2 92
2 121
2 157
2 159
2 182
3 11
3 50
3 57
3 60
3 66
3 106
3 129
3 134
3 169
4 4
4 26
4 62
4 65
4 71
4 123
4 148
4 149
4 152
4 153
4 158
4 174
4 179
4 193
5 14
5 15
5 16
5 38
5 64
5 89
5 111
5 155
6 68
6 93
7 1
7 2
7 13
7 37
7 41
7 48
7 81
7 122
7 136
7 139
7 146
7 150
8 17
8 19
8 27
8 39
8 75
8 77
8 86
8 91
8 101
8 120
8 138
8 178
8 194
9 12
9 43
9 49
9 63
9 79
9 100
9 108
9 109
9 132
9 164
9 167
9 176
9 184
9 187
10 3
10 10
10 28
10 30
10 33
10 45
10 69
10 90
10 96
10 116
10 130
10 185
10 186
11 18
11 47
11 54
11 72
11 82
11 94
11 110
11 113
11 119
11 161
11 196
12 46
12 117
12 142
12 172
12 192
13 42
13 61
13 67
13 73
13 105
13 114
13 127
13 144
13 163
13 189
13 195
13 199
14 25
14 52
14 97
14 118
14 137
14 147
14 165
14 188
14 191
15 22
15 34
15 35
15 51
15 59
15 70
15 80
15 107
15 128
15 140
15 166
15 175
15 181
15 198
16 24
16 125
16 131
16 173
17 8
17 32
17 36
17 58
17 83
17 87
17 88
17 98
17 99
17 115
17 141
17 154
17 190
18 21
18 40
18 56
18 103
18 124
18 135
18 151
18 168
18 171
18 177
18 183
19 0
19 5
19 7
19 84
19 126
19 133
19 143
19 145
19 156
