0 17
0 18
0 113
0 131
0 138
0 161
0 162
0 198
1 64
1 111
1 133
1 160
2 20
2 40
2 47
2 63
2 76
2 144
2 158
3 5
3 62
3 169
3 176
3 177
3 184
3 186
4 67
4 125
4 134
4 155
4 178
4 182
4 195
5 15
5 37
5 49
5 75
5 78
5 84
5 85
5 124
5 130
5 181
6 2
6 16
6 25
6 28
6 29
6 30
6 32
6 52
6 57
6 65
6 69
6 102
6 107
6 120
6 126
6 129
6 146
6 153
6 156
6 173
6 187
6 191
6 197
7 1
7 31
7 51
7 55
7 80
7 103
7 116
7 123
7 128
7 132
7 135
7 136
7 139
7 152
7 166
8 11
8 38
8 43
8 44
8 48
8 53
8 77
8 97
8 149
8 175
8 190
8 199
9 147
9 151
9 170
10 7
10 10
10 23
10 70
10 90
10 95
10 167
10 172
10 185
10 194
11 6
11 35
11 45
11 92
11 104
11 105
11 145
11 148
11 154
11 174
11 188
12 12
12 50
12 54
12 66
12 79
12 87
12 117
12 137
12 140
12 142
12 164
12 192
13 8
13 14
13 34
13 42
13 56
13 60
13 91
13 94
13 98
13 109
13 112
13 118
13 122
13 141
13 159
13 171
13 180
14 39
14 71
14 89
14 101
14 114
14 115
14 179
14 193
15 81
15 100
16 0
16 27
16 74
16 110
16 150
16 168
16 183
17 9
17 13
17 21
17 22
17 26
17 41
17 46
17 58
17 88
17 119
17 127
18 3
18 33
18 36
18 59
18 68
18 83
18 86
18 93
18 96
18 99
18 106
18 121
18 143
18 163
18 189
18 196
19 4
19 19
19 24
19 61
19 72
19 73
19 82
19 108
19 157
19 165
