0 0
0 20
0 24
0 27
0 33
0 51
0 53
0 59
0 63
0 68
0 77
0 83
0 86
0 93
0 96
0 97
0 99
0 106
0 107
0 110
0 121
0 129
0 152
0 156
0 158
0 160
0 175
0 189
1 13
1 62
1 69
1 88
1 91
1 94
1 95
1 113
1 118
1 122
1 133
1 137
1 147
1 150
1 162
1 167
1 184
2 8
2 9
2 14
2 25
2 52
2 56
2 58
2 60
2 100
2 102
2 112
2 119
2 141
2 145
2 151
2 153
2 172
2 173
2 187
2 197
3 11
3 28
3 35
3 36
3 38
3 40
3 44
3 61
3 64
3 73
3 74
3 116
3 123
3 128
3 135
3 143
3 149
3 183
3 199
4 4
4 15
4 39
4 48
4 49
4 71
4 75
4 82
4 84
4 89
4 101
4 108
4 114
4 115
4 124
4 130
4 144
4 163
4 179
4 181
4 190
4 193
5 5
5 22
5 42
5 45
5 50
5 80
5 81
5 109
5 126
5 136
5 142
5 154
5 164
5 168
5 169
5 176
5 177
5 186
5 191
6 34
6 54
6 66
6 79
6 87
6 92
6 117
6 140
6 146
6 148
6 178
6 182
6 188
7 2
7 12
7 16
7 17
7 18
7 23
7 26
7 29
7 30
7 41
7 57
7 65
7 120
7 127
7 131
7 138
7 161
7 170
7 171
7 192
7 198
8 7
8 10
8 19
8 21
8 32
8 46
8 72
8 76
8 90
8 98
8 103
8 111
8 132
8 157
8 165
8 166
8 180
8 194
9 1
9 3
9 6
9 31
9 37
9 43
9 47
9 55
9 67
9 70
9 78
9 85
9 104
9 105
9 125
9 134
9 139
9 155
9 159
9 174
9 185
9 195
9 196
