0 1
0 3
0 4
0 43
0 48
0 61
0 71
0 75
0 82
0 89
0 108
0 114
0 124
0 130
0 139
0 163
0 179
0 190
0 196
1 26
1 52
1 60
1 69
1 94
1 95
1 100
1 102
1 112
1 141
1 145
1 151
1 162
1 170
2 7
2 10
2 19
2 21
2 46
2 72
2 90
2 98
2 103
2 111
2 132
2 133
2 157
2 165
2 166
2 180
3 2
3 16
3 17
3 18
3 23
3 29
3 30
3 41
3 57
3 65
3 120
3 127
3 131
3 138
3 161
3 171
3 198
4 5
4 13
4 22
4 42
4 50
4 62
4 88
4 91
4 113
4 118
4 122
4 126
4 137
4 142
4 147
4 150
4 164
4 167
4 176
4 184
4 191
5 45
5 76
5 80
5 81
5 104
5 109
5 136
5 154
5 168
5 169
5 177
6 11
6 24
6 28
6 32
6 36
6 38
6 40
6 44
6 63
6 73
6 74
6 96
6 116
6 121
6 123
6 128
6 135
6 143
6 149
6 158
6 181
6 183
6 199
7 6
7 31
7 35
7 55
7 64
7 70
7 78
7 85
7 105
7 159
7 185
8 37
8 47
8 66
8 67
8 79
8 84
8 125
8 134
8 144
8 155
8 174
8 178
8 182
8 188
8 195
9 8
9 12
9 34
9 54
9 87
9 92
9 117
9 140
9 146
9 148
9 186
9 192
10 0
10 9
10 14
10 20
10 25
10 27
10 51
10 56
10 58
10 83
10 107
10 110
10 119
10 129
10 153
10 156
10 160
10 172
10 173
10 187
10 194
10 197
11 15
11 33
11 39
11 49
11 53
11 59
11 68
11 77
11 86
11 93
11 97
11 99
11 101
11 106
11 115
11 152
11 175
11 189
11 193
