0 0
0 9
0 20
0 23
0 27
0 36
0 51
0 83
0 96
0 110
0 119
0 129
0 153
0 156
0 160
0 172
0 173
0 187
1 31
1 37
1 67
1 78
1 79
1 104
1 125
1 134
1 155
1 174
2 5
2 13
2 42
2 50
2 62
2 69
2 88
2 113
2 118
2 122
2 137
2 142
2 150
2 167
2 176
2 186
3 15
3 39
3 43
3 47
3 48
3 49
3 71
3 82
3 84
3 85
3 114
3 124
3 130
3 144
3 163
3 178
3 181
3 188
3 195
4 7
4 10
4 21
4 25
4 46
4 56
4 58
4 72
4 90
4 98
4 103
4 111
4 132
4 133
4 157
4 165
4 166
4 194
4 197
5 2
5 12
5 17
5 18
5 29
5 30
5 41
5 57
5 65
5 120
5 127
5 131
5 138
5 161
5 171
5 198
6 11
6 44
6 61
6 73
6 74
6 116
6 135
6 143
6 183
6 199
7 22
7 45
7 76
7 80
7 81
7 109
7 126
7 136
7 147
7 154
7 164
7 168
7 169
7 177
7 180
7 184
7 191
8 8
8 34
8 54
8 66
8 87
8 92
8 117
8 140
8 146
8 148
8 182
8 192
9 33
9 53
9 59
9 63
9 68
9 77
9 93
9 97
9 99
9 101
9 106
9 115
9 152
9 158
9 175
9 189
10 14
10 16
10 26
10 52
10 60
10 91
10 94
10 95
10 100
10 102
10 112
10 141
10 145
10 151
10 162
10 170
11 24
11 28
11 32
11 35
11 38
11 40
11 86
11 89
11 107
11 108
11 121
11 123
11 128
11 149
11 179
11 190
11 193
12 1
12 3
12 4
12 6
12 19
12 55
12 64
12 70
12 75
12 105
12 139
12 159
12 185
12 196
