0 15
0 39
0 48
0 49
0 71
0 89
0 101
0 108
0 115
0 130
0 144
0 190
0 193
1 45
1 50
1 80
1 81
1 109
1 136
1 154
1 168
1 169
1 177
1 191
2 9
2 14
2 25
2 52
2 56
2 58
2 60
2 76
2 91
2 100
2 111
2 145
2 194
2 197
3 10
3 11
3 28
3 32
3 35
3 36
3 38
3 40
3 44
3 64
3 74
3 107
3 123
3 128
3 135
3 143
3 149
3 181
3 183
3 199
4 2
4 12
4 17
4 18
4 29
4 30
4 41
4 57
4 65
4 127
4 131
4 138
4 161
4 171
4 192
4 198
5 1
5 3
5 4
5 55
5 61
5 73
5 75
5 82
5 114
5 139
5 163
5 179
5 196
6 16
6 26
6 69
6 94
6 95
6 102
6 112
6 120
6 141
6 151
6 162
6 170
7 7
7 19
7 21
7 46
7 72
7 90
7 98
7 103
7 132
7 133
7 157
7 165
7 166
7 180
8 0
8 24
8 27
8 33
8 53
8 59
8 63
8 68
8 77
8 86
8 93
8 96
8 97
8 99
8 106
8 116
8 121
8 152
8 158
8 160
8 175
8 189
9 5
9 13
9 22
9 42
9 62
9 88
9 113
9 118
9 122
9 126
9 137
9 142
9 147
9 150
9 164
9 167
9 176
9 184
10 37
10 43
10 47
10 67
10 84
10 85
10 124
10 125
10 134
10 155
10 174
10 188
10 195
11 34
11 54
11 66
11 79
11 87
11 92
11 117
11 140
11 146
11 148
11 178
11 182
11 186
12 8
12 20
12 23
12 51
12 83
12 110
12 119
12 129
12 153
12 156
12 172
12 173
12 187
13 6
13 31
13 70
13 78
13 104
13 105
13 159
13 185
