0 22
0 45
0 76
0 80
0 81
0 109
0 136
0 154
0 164
0 168
0 169
0 177
0 191
1 43
1 47
1 84
1 85
1 124
1 125
1 144
1 174
1 181
1 195
2 9
2 14
2 25
2 52
2 58
2 60
2 91
2 95
2 100
2 102
2 119
2 145
2 173
2 197
3 24
3 40
3 63
3 77
3 86
3 93
3 96
3 99
3 106
3 116
3 121
3 143
3 149
3 152
3 158
3 189
4 0
4 20
4 27
4 36
4 51
4 56
4 83
4 90
4 107
4 110
4 129
4 153
4 156
4 160
4 187
4 194
5 34
5 54
5 66
5 87
5 92
5 117
5 140
5 146
5 148
5 178
6 7
6 19
6 21
6 46
6 72
6 98
6 103
6 111
6 132
6 133
6 157
6 165
6 166
6 180
7 15
7 33
7 39
7 49
7 53
7 59
7 68
7 97
7 101
7 115
7 175
7 193
8 1
8 3
8 31
8 55
8 105
8 139
8 159
8 196
9 2
9 16
9 26
9 94
9 112
9 120
9 127
9 141
9 151
9 162
9 170
10 37
10 67
10 78
10 79
10 104
10 134
10 155
10 182
10 188
11 8
11 12
11 17
11 18
11 23
11 29
11 30
11 41
11 57
11 65
11 131
11 138
11 161
11 171
11 172
11 192
11 198
12 5
12 13
12 42
12 50
12 62
12 69
12 88
12 113
12 118
12 122
12 126
12 137
12 142
12 147
12 150
12 167
12 176
12 184
12 186
13 4
13 48
13 61
13 71
13 73
13 75
13 82
13 89
13 108
13 114
13 130
13 163
13 179
13 190
14 6
14 10
14 11
14 28
14 32
14 35
14 38
14 44
14 64
14 70
14 74
14 123
14 128
14 135
14 183
14 185
14 199
