0 2
0 16
0 26
0 52
0 102
0 112
0 119
0 120
0 127
0 141
0 151
0 170
0 198
1 11
1 44
1 64
1 74
1 135
1 183
1 199
2 45
2 76
2 80
2 81
2 109
2 136
2 154
2 164
2 168
2 169
2 177
2 191
3 37
3 43
3 47
3 67
3 71
3 82
3 84
3 85
3 114
3 124
3 125
3 130
3 144
3 155
3 163
3 174
3 178
3 188
3 195
4 6
4 10
4 28
4 32
4 35
4 38
4 123
4 128
5 24
5 40
5 48
5 61
5 63
5 73
5 89
5 108
5 116
5 121
5 143
5 149
5 158
5 179
5 181
5 190
6 13
6 22
6 60
6 91
6 94
6 95
6 100
6 113
6 133
6 145
6 147
6 150
6 162
6 167
6 184
7 7
7 9
7 14
7 25
7 46
7 56
7 58
7 90
7 111
7 173
7 194
7 197
8 15
8 33
8 39
8 49
8 53
8 59
8 68
8 77
8 93
8 97
8 99
8 101
8 106
8 115
8 152
8 175
8 189
8 193
9 31
9 70
9 78
9 104
9 105
9 134
9 159
9 185
10 5
10 42
10 50
10 62
10 69
10 88
10 118
10 122
10 126
10 137
10 142
10 176
10 186
11 8
11 12
11 17
11 18
11 23
11 29
11 30
11 41
11 57
11 65
11 131
11 138
11 161
11 171
11 172
11 192
12 0
12 20
12 27
12 36
12 51
12 83
12 86
12 96
12 107
12 110
12 129
12 153
12 156
12 160
12 187
13 19
13 21
13 72
13 98
13 103
13 132
13 157
13 165
13 166
13 180
14 34
14 54
14 66
14 79
14 87
14 92
14 117
14 140
14 146
14 148
14 182
15 1
15 3
15 4
15 55
15 75
15 139
15 196
