0 0
0 20
0 27
0 51
0 83
0 107
0 110
0 129
0 153
0 156
0 160
0 187
1 10
1 28
1 32
1 35
1 38
1 76
1 128
1 165
1 180
2 43
2 47
2 48
2 71
2 82
2 84
2 85
2 89
2 108
2 114
2 124
2 130
2 144
2 163
2 181
2 190
3 5
3 13
3 50
3 69
3 94
3 112
3 122
3 137
3 162
4 45
4 80
4 81
4 109
4 136
4 168
4 169
4 177
5 2
5 16
5 17
5 18
5 29
5 30
5 120
5 127
5 131
5 161
6 8
6 12
6 34
6 92
6 140
6 146
6 148
6 186
6 192
7 7
7 11
7 36
7 44
7 64
7 74
7 90
7 123
7 135
7 183
7 199
8 24
8 40
8 63
8 77
8 86
8 93
8 96
8 97
8 99
8 106
8 116
8 121
8 143
8 149
8 152
8 158
8 189
9 37
9 67
9 125
9 134
9 155
9 174
9 195
10 9
10 14
10 25
10 46
10 52
10 56
10 58
10 60
10 95
10 100
10 111
10 145
10 173
10 194
10 197
11 6
11 31
11 70
11 78
11 104
11 105
11 159
11 185
12 54
12 66
12 79
12 87
12 117
12 178
12 182
12 188
13 23
13 26
13 41
13 57
13 65
13 102
13 119
13 138
13 141
13 151
13 170
13 171
13 172
13 198
14 15
14 33
14 39
14 49
14 53
14 59
14 68
14 101
14 115
14 175
14 193
15 22
15 42
15 62
15 88
15 91
15 113
15 118
15 126
15 142
15 147
15 150
15 154
15 164
15 167
15 176
15 184
15 191
16 1
16 3
16 4
16 55
16 61
16 73
16 75
16 139
16 179
16 196
17 19
17 21
17 72
17 98
17 103
17 132
17 133
17 157
17 166
