0 8
0 14
0 52
0 60
0 91
0 100
0 102
0 112
0 119
0 145
0 154
1 15
1 39
1 49
1 86
1 101
1 115
1 193
2 1
2 3
2 55
2 64
2 75
2 105
2 139
2 196
3 4
3 43
3 47
3 48
3 71
3 82
3 84
3 85
3 114
3 124
3 130
3 144
3 163
3 195
4 22
4 80
4 81
4 88
4 113
4 118
4 147
4 164
4 184
4 191
5 2
5 12
5 17
5 18
5 29
5 30
5 41
5 65
5 120
5 127
5 131
5 138
5 161
5 171
5 198
6 11
6 44
6 61
6 73
6 74
6 116
6 135
6 143
6 183
7 6
7 24
7 28
7 32
7 35
7 38
7 89
7 107
7 108
7 128
7 179
7 181
7 190
7 199
8 45
8 50
8 109
8 136
8 168
8 169
8 177
9 31
9 70
9 78
9 159
9 185
10 16
10 26
10 94
10 95
10 141
10 151
10 162
10 170
11 34
11 54
11 87
11 92
11 117
11 140
11 146
11 148
11 192
12 33
12 53
12 59
12 68
12 77
12 93
12 97
12 99
12 106
12 152
12 175
12 189
13 10
13 19
13 72
13 76
13 98
13 103
13 133
13 157
13 165
13 180
14 5
14 13
14 42
14 62
14 69
14 122
14 126
14 137
14 142
14 150
14 167
14 176
14 186
15 0
15 27
15 36
15 40
15 63
15 96
15 121
15 123
15 129
15 149
15 158
15 160
16 37
16 67
16 104
16 125
16 134
16 155
16 174
17 7
17 21
17 25
17 46
17 56
17 58
17 90
17 111
17 132
17 166
17 194
17 197
18 66
18 79
18 178
18 182
18 188
19 9
19 20
19 23
19 51
19 57
19 83
19 110
19 153
19 156
19 172
19 173
19 187
