0 0
0 7
0 10
0 11
0 19
0 21
0 27
0 28
0 32
0 35
0 36
0 38
0 40
0 44
0 46
0 56
0 63
0 64
0 72
0 74
0 90
0 96
0 98
0 103
0 107
0 110
0 111
0 116
0 121
0 123
0 128
0 129
0 132
0 135
0 143
0 149
0 157
0 158
0 160
0 165
0 166
0 183
0 187
0 194
0 197
0 199
1 2
1 8
1 9
1 14
1 16
1 17
1 18
1 20
1 23
1 25
1 26
1 29
1 30
1 41
1 51
1 52
1 57
1 58
1 60
1 65
1 83
1 94
1 102
1 112
1 119
1 120
1 127
1 131
1 138
1 141
1 151
1 153
1 156
1 161
1 162
1 170
1 171
1 172
1 173
1 198
2 5
2 13
2 22
2 42
2 45
2 50
2 62
2 69
2 76
2 80
2 81
2 88
2 91
2 95
2 100
2 109
2 113
2 118
2 122
2 126
2 133
2 136
2 137
2 142
2 145
2 147
2 150
2 154
2 164
2 167
2 168
2 169
2 176
2 177
2 180
2 184
2 186
2 191
3 1
3 3
3 4
3 6
3 31
3 37
3 43
3 47
3 48
3 55
3 61
3 67
3 70
3 71
3 73
3 75
3 78
3 82
3 84
3 85
3 89
3 104
3 105
3 108
3 114
3 124
3 125
3 130
3 134
3 139
3 144
3 155
3 159
3 163
3 174
3 179
3 181
3 185
3 190
3 195
3 196
4 12
4 15
4 24
4 33
4 34
4 39
4 49
4 53
4 54
4 59
4 66
4 68
4 77
4 79
4 86
4 87
4 92
4 93
4 97
4 99
4 101
4 106
4 115
4 117
4 140
4 146
4 148
4 152
4 175
4 178
4 182
4 188
4 189
4 192
4 193
