0 4
0 15
0 24
0 28
0 39
0 47
0 48
0 49
0 61
0 66
0 71
0 75
0 82
0 85
0 89
0 108
0 114
0 124
0 128
0 130
0 144
0 163
0 178
0 179
0 181
0 190
0 193
0 199
1 13
1 14
1 52
1 60
1 69
1 91
1 94
1 95
1 100
1 112
1 122
1 137
1 141
1 145
1 150
1 151
1 154
1 162
1 170
2 7
2 10
2 11
2 19
2 21
2 25
2 32
2 35
2 44
2 46
2 56
2 58
2 72
2 74
2 76
2 90
2 98
2 103
2 111
2 132
2 133
2 135
2 157
2 165
2 166
2 180
2 183
2 194
2 197
3 2
3 8
3 9
3 12
3 16
3 17
3 18
3 20
3 23
3 26
3 29
3 30
3 34
3 41
3 54
3 57
3 65
3 87
3 92
3 102
3 117
3 119
3 120
3 127
3 131
3 138
3 140
3 146
3 148
3 161
3 171
3 172
3 173
3 192
3 198
4 1
4 3
4 6
4 31
4 37
4 43
4 55
4 64
4 67
4 70
4 78
4 79
4 84
4 104
4 105
4 125
4 134
4 139
4 155
4 159
4 174
4 185
4 188
4 195
4 196
5 5
5 22
5 42
5 45
5 50
5 62
5 80
5 81
5 88
5 109
5 113
5 118
5 126
5 136
5 142
5 147
5 164
5 167
5 168
5 169
5 176
5 177
5 182
5 184
5 186
5 191
6 0
6 27
6 33
6 36
6 38
6 40
6 51
6 53
6 59
6 63
6 68
6 73
6 77
6 83
6 86
6 93
6 96
6 97
6 99
6 101
6 106
6 107
6 110
6 115
6 116
6 121
6 123
6 129
6 143
6 149
6 152
6 153
6 156
6 158
6 160
6 175
6 187
6 189
