0 3
0 28
0 55
0 81
0 96
0 121
0 153
0 166
0 178
0 184
0 206
0 252
0 258
0 294
0 297
0 308
0 314
0 319
0 325
0 334
0 356
0 382
0 384
1 1
1 8
1 11
1 12
1 14
1 17
1 30
1 31
1 38
1 40
1 43
1 73
1 80
1 97
1 98
1 99
1 106
1 114
1 115
1 116
1 123
1 124
1 130
1 132
1 139
1 148
1 158
1 170
1 188
1 201
1 222
1 224
1 229
1 231
1 236
1 240
1 245
1 263
1 264
1 266
1 270
1 281
1 283
1 288
1 293
1 296
1 304
1 307
1 312
1 321
1 323
1 326
1 339
1 353
1 379
1 389
1 391
1 392
2 5
2 6
2 13
2 24
2 29
2 36
2 67
2 87
2 91
2 117
2 122
2 129
2 135
2 142
2 167
2 179
2 189
2 194
2 218
2 221
2 246
2 249
2 251
2 295
2 303
2 306
2 340
2 350
2 352
2 358
2 361
2 364
2 374
2 390
2 399
3 7
3 41
3 46
3 61
3 64
3 68
3 70
3 85
3 86
3 101
3 159
3 165
3 171
3 173
3 176
3 182
3 203
3 204
3 223
3 228
3 233
3 243
3 248
3 271
3 301
3 315
3 320
3 324
3 343
3 365
3 369
4 10
4 15
4 16
4 22
4 32
4 42
4 49
4 56
4 72
4 84
4 89
4 92
4 113
4 118
4 119
4 126
4 140
4 144
4 151
4 161
4 163
4 164
4 191
4 197
4 199
4 207
4 210
4 216
4 225
4 227
4 230
4 261
4 267
4 272
4 274
4 277
4 280
4 299
4 322
4 355
4 360
4 376
5 9
5 48
5 62
5 63
5 88
5 90
5 103
5 105
5 120
5 125
5 136
5 150
5 156
5 174
5 175
5 185
5 186
5 200
5 202
5 238
5 241
5 268
5 269
5 273
5 276
5 279
5 316
5 327
5 328
5 329
5 335
5 341
5 388
5 394
5 395
6 0
6 2
6 25
6 26
6 51
6 54
6 57
6 59
6 65
6 77
6 82
6 83
6 94
6 100
6 104
6 134
6 143
6 146
6 177
6 180
6 212
6 239
6 242
6 253
6 254
6 260
6 278
6 286
6 313
6 333
6 342
6 347
6 357
6 367
6 371
6 393
6 397
7 18
7 19
7 37
7 76
7 127
7 128
7 168
7 183
7 211
7 215
7 237
7 247
7 255
7 257
7 265
7 275
7 282
7 289
7 291
7 298
7 309
7 362
7 366
7 375
7 380
7 385
7 386
8 20
8 23
8 27
8 45
8 47
8 52
8 53
8 75
8 79
8 109
8 111
8 137
8 145
8 147
8 152
8 162
8 169
8 187
8 192
8 208
8 226
8 234
8 235
8 244
8 259
8 262
8 292
8 302
8 310
8 336
8 338
8 346
8 348
8 363
8 377
8 378
8 396
9 4
9 21
9 33
9 34
9 35
9 39
9 44
9 50
9 58
9 60
9 66
9 69
9 71
9 74
9 78
9 93
9 95
9 102
9 107
9 108
9 110
9 112
9 131
9 133
9 138
9 141
9 149
9 154
9 155
9 157
9 160
9 172
9 181
9 190
9 193
9 195
9 196
9 198
9 205
9 209
9 213
9 214
9 217
9 219
9 220
9 232
9 250
9 256
9 284
9 285
9 287
9 290
9 300
9 305
9 311
9 317
9 318
9 330
9 331
9 332
9 337
9 344
9 345
9 349
9 351
9 354
9 359
9 368
9 370
9 372
9 373
9 381
9 383
9 387
9 398
