0 50
0 71
0 74
0 93
0 108
0 115
0 116
0 132
0 133
0 149
0 154
0 158
0 181
0 193
0 198
0 201
0 217
0 250
0 263
0 317
0 318
0 321
0 351
0 359
0 372
0 381
0 391
1 23
1 27
1 45
1 52
1 75
1 79
1 127
1 162
1 169
1 183
1 187
1 192
1 208
1 226
1 244
1 262
1 282
1 291
1 292
1 302
1 338
1 346
1 348
1 361
1 363
1 377
1 378
1 380
1 385
1 396
2 7
2 18
2 19
2 37
2 46
2 61
2 68
2 76
2 85
2 86
2 101
2 128
2 159
2 168
2 171
2 173
2 176
2 182
2 211
2 215
2 223
2 237
2 243
2 247
2 255
2 257
2 265
2 275
2 289
2 298
2 301
2 309
2 343
2 362
2 365
2 366
2 375
2 386
3 1
3 8
3 11
3 12
3 14
3 17
3 30
3 31
3 38
3 40
3 43
3 80
3 97
3 98
3 99
3 106
3 114
3 123
3 124
3 130
3 148
3 170
3 188
3 222
3 224
3 229
3 231
3 236
3 240
3 264
3 266
3 270
3 281
3 283
3 288
3 293
3 296
3 304
3 307
3 312
3 326
3 339
3 353
3 379
3 389
3 392
4 3
4 28
4 55
4 59
4 81
4 96
4 100
4 121
4 134
4 153
4 166
4 177
4 178
4 184
4 206
4 252
4 294
4 297
4 308
4 314
4 319
4 325
4 334
4 384
5 20
5 33
5 35
5 47
5 53
5 56
5 58
5 60
5 66
5 69
5 107
5 111
5 112
5 131
5 137
5 138
5 143
5 145
5 147
5 152
5 172
5 189
5 213
5 214
5 228
5 234
5 235
5 256
5 259
5 285
5 287
5 290
5 300
5 310
5 331
5 344
5 349
5 354
5 370
5 398
6 9
6 48
6 62
6 63
6 88
6 90
6 103
6 105
6 110
6 120
6 136
6 150
6 157
6 174
6 175
6 185
6 186
6 200
6 202
6 204
6 220
6 238
6 241
6 245
6 268
6 269
6 273
6 276
6 279
6 316
6 327
6 328
6 329
6 335
6 341
6 373
6 388
6 394
6 395
7 41
7 64
7 70
7 73
7 125
7 139
7 156
7 165
7 203
7 233
7 248
7 271
7 315
7 320
7 323
7 324
7 369
8 5
8 6
8 13
8 24
8 29
8 36
8 67
8 87
8 91
8 117
8 122
8 129
8 135
8 142
8 167
8 179
8 194
8 218
8 221
8 246
8 249
8 251
8 295
8 303
8 306
8 340
8 350
8 352
8 358
8 364
8 374
8 390
8 399
9 0
9 2
9 25
9 26
9 51
9 54
9 57
9 65
9 77
9 82
9 83
9 94
9 104
9 109
9 146
9 180
9 212
9 239
9 242
9 253
9 254
9 260
9 278
9 286
9 313
9 333
9 336
9 342
9 347
9 357
9 367
9 371
9 393
9 397
10 4
10 10
10 21
10 22
10 34
10 39
10 44
10 72
10 78
10 84
10 92
10 95
10 102
10 118
10 141
10 151
10 155
10 160
10 164
10 190
10 195
10 196
10 205
10 207
10 209
10 210
10 216
10 219
10 225
10 232
10 277
10 284
10 299
10 305
10 311
10 330
10 332
10 337
10 345
10 355
10 356
10 368
10 382
10 383
10 387
11 15
11 16
11 32
11 42
11 49
11 89
11 113
11 119
11 126
11 140
11 144
11 161
11 163
11 191
11 197
11 199
11 227
11 230
11 258
11 261
11 267
11 272
11 274
11 280
11 322
11 360
11 376
