0 20
0 23
0 27
0 45
0 47
0 52
0 53
0 75
0 79
0 109
0 111
0 122
0 137
0 145
0 147
0 162
0 169
0 187
0 192
0 208
0 226
0 234
0 244
0 259
0 262
0 292
0 302
0 310
0 336
0 338
0 346
0 348
0 363
0 377
0 378
0 396
1 12
1 17
1 50
1 71
1 74
1 93
1 99
1 106
1 108
1 114
1 115
1 124
1 130
1 133
1 149
1 154
1 158
1 181
1 188
1 193
1 198
1 209
1 217
1 222
1 229
1 250
1 266
1 304
1 317
1 321
1 326
1 328
1 339
1 351
1 359
1 372
1 381
1 391
1 394
2 9
2 48
2 62
2 88
2 90
2 120
2 136
2 174
2 186
2 200
2 202
2 238
2 241
2 268
2 269
2 273
2 329
2 335
2 341
2 388
3 15
3 16
3 32
3 42
3 49
3 56
3 89
3 113
3 119
3 126
3 140
3 144
3 161
3 163
3 191
3 197
3 199
3 207
3 227
3 230
3 261
3 267
3 272
3 274
3 280
3 322
3 360
3 376
4 1
4 8
4 11
4 30
4 38
4 40
4 73
4 139
4 224
4 245
4 264
4 296
4 312
4 323
4 392
5 3
5 28
5 55
5 81
5 96
5 121
5 153
5 166
5 178
5 184
5 206
5 252
5 258
5 294
5 297
5 308
5 314
5 319
5 325
5 334
5 356
5 382
5 384
6 18
6 19
6 37
6 68
6 76
6 85
6 86
6 101
6 127
6 128
6 159
6 168
6 176
6 183
6 211
6 215
6 237
6 247
6 255
6 257
6 265
6 275
6 282
6 289
6 291
6 298
6 309
6 362
6 366
6 375
6 380
6 385
6 386
7 14
7 31
7 43
7 80
7 97
7 98
7 116
7 123
7 132
7 148
7 170
7 201
7 231
7 236
7 240
7 263
7 270
7 281
7 283
7 288
7 293
7 307
7 353
7 379
7 389
8 5
8 6
8 13
8 24
8 29
8 36
8 67
8 87
8 91
8 117
8 129
8 135
8 142
8 167
8 179
8 189
8 194
8 218
8 221
8 246
8 249
8 251
8 295
8 303
8 306
8 340
8 350
8 352
8 358
8 361
8 364
8 374
8 390
8 399
9 4
9 10
9 22
9 39
9 44
9 72
9 78
9 84
9 92
9 95
9 118
9 141
9 151
9 155
9 160
9 164
9 190
9 195
9 196
9 205
9 210
9 216
9 225
9 232
9 277
9 284
9 299
9 305
9 318
9 330
9 332
9 345
9 355
9 368
9 383
9 387
10 41
10 63
10 64
10 70
10 103
10 125
10 150
10 156
10 165
10 173
10 203
10 233
10 248
10 271
10 301
10 315
10 316
10 320
10 324
10 327
10 369
11 0
11 2
11 25
11 26
11 51
11 54
11 57
11 59
11 65
11 77
11 82
11 83
11 94
11 100
11 104
11 134
11 143
11 146
11 177
11 180
11 212
11 239
11 242
11 253
11 254
11 260
11 278
11 286
11 313
11 333
11 342
11 347
11 357
11 367
11 371
11 393
11 397
12 7
12 21
12 33
12 34
12 35
12 46
12 58
12 60
12 61
12 66
12 69
12 102
12 105
12 107
12 110
12 112
12 131
12 138
12 152
12 157
12 171
12 172
12 175
12 182
12 185
12 204
12 213
12 214
12 219
12 220
12 223
12 228
12 235
12 243
12 256
12 276
12 279
12 285
12 287
12 290
12 300
12 311
12 331
12 337
12 343
12 344
12 349
12 354
12 365
12 370
12 373
12 395
12 398
