0 4
0 10
0 22
0 39
0 44
0 55
0 72
0 78
0 84
0 92
0 95
0 96
0 118
0 141
0 155
0 160
0 164
0 190
0 195
0 196
0 205
0 210
0 216
0 225
0 232
0 277
0 284
0 299
0 305
0 308
0 318
0 330
0 345
0 355
0 356
0 368
0 382
0 383
0 387
1 0
1 2
1 25
1 26
1 51
1 54
1 57
1 65
1 82
1 83
1 94
1 104
1 109
1 143
1 145
1 146
1 152
1 180
1 212
1 234
1 239
1 240
1 242
1 253
1 254
1 278
1 286
1 313
1 333
1 336
1 342
1 347
1 357
1 367
1 371
1 397
2 1
2 8
2 11
2 12
2 14
2 17
2 30
2 31
2 38
2 40
2 43
2 80
2 98
2 99
2 106
2 114
2 123
2 124
2 130
2 170
2 188
2 222
2 224
2 229
2 231
2 236
2 245
2 264
2 266
2 270
2 281
2 283
2 288
2 293
2 296
2 304
2 307
2 312
2 326
2 339
2 353
2 379
2 389
2 392
2 394
3 7
3 46
3 61
3 68
3 69
3 85
3 86
3 101
3 128
3 159
3 168
3 171
3 173
3 176
3 182
3 204
3 211
3 215
3 223
3 228
3 243
3 343
3 365
4 5
4 24
4 29
4 36
4 67
4 87
4 91
4 117
4 129
4 135
4 142
4 167
4 179
4 194
4 218
4 221
4 246
4 249
4 251
4 295
4 303
4 306
4 340
4 350
4 361
4 364
4 374
4 390
4 399
5 41
5 70
5 165
5 203
5 233
5 248
5 271
5 301
5 315
5 324
5 369
6 20
6 23
6 27
6 45
6 47
6 52
6 53
6 75
6 77
6 79
6 111
6 122
6 137
6 147
6 162
6 169
6 187
6 192
6 208
6 226
6 244
6 259
6 262
6 292
6 302
6 310
6 338
6 346
6 348
6 358
6 363
6 377
6 378
6 396
7 9
7 48
7 62
7 88
7 90
7 120
7 136
7 175
7 185
7 186
7 200
7 202
7 238
7 241
7 268
7 269
7 273
7 276
7 328
7 329
7 335
7 341
7 388
8 3
8 28
8 59
8 81
8 100
8 121
8 134
8 148
8 153
8 166
8 177
8 178
8 184
8 206
8 252
8 260
8 294
8 297
8 314
8 319
8 325
8 334
8 384
8 393
9 50
9 71
9 74
9 93
9 97
9 108
9 115
9 116
9 132
9 133
9 149
9 154
9 158
9 181
9 193
9 198
9 201
9 209
9 217
9 250
9 263
9 317
9 321
9 351
9 359
9 372
9 381
9 391
10 6
10 13
10 21
10 33
10 34
10 35
10 56
10 58
10 60
10 66
10 102
10 107
10 110
10 112
10 131
10 138
10 151
10 157
10 172
10 189
10 207
10 213
10 214
10 219
10 220
10 235
10 256
10 279
10 285
10 287
10 290
10 300
10 311
10 331
10 332
10 337
10 344
10 349
10 352
10 354
10 370
10 373
10 398
11 63
11 64
11 73
11 103
11 105
11 125
11 139
11 150
11 156
11 174
11 316
11 320
11 323
11 327
11 395
12 18
12 19
12 37
12 76
12 127
12 183
12 237
12 247
12 255
12 257
12 265
12 275
12 282
12 289
12 291
12 298
12 309
12 362
12 366
12 375
12 380
12 385
12 386
13 15
13 16
13 32
13 42
13 49
13 89
13 113
13 119
13 126
13 140
13 144
13 161
13 163
13 191
13 197
13 199
13 227
13 230
13 258
13 261
13 267
13 272
13 274
13 280
13 322
13 360
13 376
