0 21
0 33
0 34
0 35
0 58
0 60
0 66
0 69
0 102
0 107
0 110
0 112
0 131
0 138
0 151
0 152
0 157
0 172
0 182
0 189
0 204
0 213
0 214
0 219
0 220
0 228
0 235
0 256
0 276
0 279
0 285
0 287
0 290
0 300
0 311
0 331
0 332
0 337
0 344
0 349
0 354
0 365
0 370
0 373
0 398
1 71
1 80
1 94
1 115
1 116
1 132
1 148
1 158
1 181
1 201
1 239
1 240
1 242
1 263
1 381
2 1
2 8
2 11
2 12
2 14
2 17
2 30
2 31
2 38
2 40
2 43
2 97
2 98
2 99
2 106
2 114
2 123
2 124
2 130
2 170
2 188
2 222
2 224
2 229
2 231
2 236
2 264
2 266
2 270
2 281
2 283
2 288
2 293
2 296
2 304
2 307
2 312
2 326
2 328
2 339
2 353
2 379
2 389
2 391
2 392
3 20
3 23
3 27
3 45
3 47
3 52
3 53
3 75
3 79
3 109
3 111
3 137
3 145
3 147
3 162
3 169
3 187
3 192
3 208
3 226
3 234
3 244
3 259
3 262
3 292
3 302
3 310
3 336
3 338
3 346
3 348
3 363
3 377
3 378
3 396
4 63
4 64
4 73
4 103
4 105
4 125
4 139
4 150
4 156
4 174
4 185
4 245
4 316
4 320
4 323
4 327
4 394
4 395
5 15
5 16
5 22
5 32
5 42
5 49
5 56
5 89
5 113
5 119
5 126
5 140
5 144
5 161
5 163
5 191
5 197
5 199
5 207
5 227
5 230
5 261
5 267
5 272
5 274
5 280
5 322
5 355
5 360
5 376
6 7
6 18
6 19
6 37
6 46
6 61
6 68
6 85
6 86
6 101
6 128
6 159
6 168
6 171
6 176
6 211
6 215
6 223
6 243
6 247
6 257
6 265
6 298
6 309
6 343
6 366
6 386
7 4
7 10
7 39
7 55
7 72
7 78
7 84
7 92
7 95
7 96
7 118
7 164
7 196
7 205
7 210
7 216
7 225
7 232
7 277
7 299
7 305
7 308
7 330
7 345
7 356
7 382
7 387
8 41
8 70
8 165
8 173
8 203
8 233
8 248
8 271
8 301
8 315
8 324
8 369
9 5
9 6
9 13
9 24
9 29
9 36
9 67
9 87
9 91
9 117
9 122
9 129
9 135
9 142
9 167
9 179
9 194
9 218
9 221
9 246
9 249
9 251
9 295
9 303
9 306
9 340
9 350
9 352
9 358
9 361
9 364
9 374
9 390
9 399
10 76
10 127
10 183
10 237
10 255
10 275
10 282
10 289
10 291
10 362
10 375
10 380
10 385
11 44
11 50
11 74
11 93
11 108
11 133
11 141
11 149
11 154
11 155
11 160
11 190
11 193
11 195
11 198
11 209
11 217
11 250
11 284
11 317
11 318
11 321
11 351
11 359
11 368
11 372
11 383
12 3
12 28
12 81
12 121
12 153
12 166
12 178
12 184
12 206
12 252
12 258
12 294
12 297
12 314
12 319
12 325
12 334
12 384
13 9
13 48
13 62
13 88
13 90
13 120
13 136
13 175
13 186
13 200
13 202
13 238
13 241
13 268
13 269
13 273
13 329
13 335
13 341
13 388
14 0
14 2
14 25
14 26
14 51
14 54
14 57
14 59
14 65
14 77
14 82
14 83
14 100
14 104
14 134
14 143
14 146
14 177
14 180
14 212
14 253
14 254
14 260
14 278
14 286
14 313
14 333
14 342
14 347
14 357
14 367
14 371
14 393
14 397
