0 4
0 44
0 78
0 93
0 95
0 108
0 133
0 141
0 149
0 154
0 155
0 160
0 190
0 193
0 195
0 196
0 198
0 205
0 209
0 217
0 232
0 250
0 284
0 305
0 318
0 345
0 351
0 368
0 372
0 383
0 387
1 23
1 27
1 45
1 52
1 75
1 77
1 79
1 122
1 137
1 162
1 169
1 187
1 192
1 208
1 226
1 244
1 262
1 292
1 302
1 310
1 338
1 346
1 348
1 361
1 363
1 377
1 378
2 7
2 18
2 19
2 46
2 61
2 68
2 69
2 85
2 86
2 101
2 128
2 159
2 168
2 171
2 173
2 176
2 182
2 204
2 211
2 215
2 223
2 228
2 243
2 265
2 301
2 343
2 365
3 5
3 24
3 29
3 36
3 87
3 117
3 129
3 167
3 194
3 218
3 246
3 249
3 251
3 295
3 303
3 306
3 340
3 350
3 364
3 374
3 399
4 20
4 33
4 35
4 37
4 47
4 66
4 107
4 138
4 172
4 189
4 235
4 247
4 256
4 257
4 259
4 285
4 287
4 298
4 309
4 331
4 366
4 370
4 396
5 6
5 13
5 53
5 56
5 67
5 91
5 126
5 135
5 142
5 147
5 151
5 179
5 191
5 207
5 221
5 352
5 358
5 390
6 1
6 8
6 11
6 30
6 38
6 40
6 73
6 139
6 224
6 245
6 264
6 296
6 312
6 392
7 3
7 28
7 81
7 96
7 121
7 153
7 166
7 178
7 184
7 206
7 252
7 258
7 294
7 297
7 308
7 314
7 319
7 325
7 334
7 356
7 382
7 384
8 9
8 48
8 88
8 90
8 120
8 136
8 174
8 175
8 185
8 186
8 200
8 202
8 220
8 238
8 241
8 268
8 269
8 273
8 276
8 279
8 328
8 329
8 335
8 341
8 373
8 388
8 394
8 395
9 15
9 16
9 32
9 42
9 49
9 89
9 113
9 119
9 140
9 144
9 161
9 163
9 197
9 199
9 227
9 230
9 261
9 267
9 272
9 274
9 280
9 322
9 360
9 376
10 0
10 51
10 54
10 59
10 83
10 100
10 134
10 177
10 239
10 253
10 260
10 278
10 313
10 333
10 347
10 357
10 367
10 371
10 393
11 41
11 63
11 64
11 70
11 103
11 105
11 125
11 150
11 156
11 165
11 203
11 233
11 248
11 271
11 315
11 316
11 320
11 323
11 324
11 327
11 369
12 76
12 127
12 183
12 237
12 255
12 275
12 282
12 289
12 291
12 362
12 375
12 380
12 385
12 386
13 10
13 21
13 22
13 34
13 39
13 58
13 72
13 84
13 92
13 102
13 110
13 118
13 131
13 157
13 164
13 210
13 213
13 214
13 216
13 219
13 225
13 277
13 290
13 299
13 300
13 311
13 330
13 332
13 337
13 349
13 355
13 398
14 12
14 17
14 50
14 74
14 97
14 99
14 106
14 114
14 115
14 116
14 124
14 130
14 132
14 158
14 181
14 188
14 201
14 222
14 229
14 263
14 266
14 304
14 307
14 317
14 321
14 326
14 339
14 359
14 381
14 391
15 14
15 31
15 43
15 80
15 98
15 123
15 148
15 170
15 231
15 236
15 240
15 270
15 281
15 283
15 288
15 293
15 353
15 379
15 389
16 2
16 25
16 26
16 55
16 57
16 60
16 62
16 65
16 71
16 82
16 94
16 104
16 109
16 111
16 112
16 143
16 145
16 146
16 152
16 180
16 212
16 234
16 242
16 254
16 286
16 336
16 342
16 344
16 354
16 397
