0 16
0 113
0 119
0 163
0 166
0 197
0 199
0 258
0 261
0 267
0 272
0 334
1 14
1 31
1 80
1 97
1 98
1 116
1 123
1 132
1 148
1 158
1 170
1 201
1 231
1 240
1 263
1 270
1 281
1 307
2 5
2 6
2 13
2 24
2 29
2 36
2 67
2 87
2 91
2 117
2 129
2 135
2 142
2 167
2 179
2 194
2 218
2 221
2 246
2 249
2 251
2 295
2 303
2 306
2 340
2 350
2 352
2 358
2 361
2 364
2 374
2 390
2 399
3 7
3 34
3 46
3 61
3 68
3 69
3 85
3 86
3 101
3 138
3 159
3 168
3 171
3 176
3 182
3 204
3 211
3 223
3 228
3 243
3 298
3 343
3 365
3 366
4 10
4 15
4 22
4 32
4 42
4 49
4 56
4 72
4 84
4 89
4 92
4 118
4 126
4 140
4 144
4 151
4 161
4 164
4 191
4 207
4 210
4 216
4 225
4 227
4 230
4 274
4 277
4 280
4 299
4 322
4 355
4 360
4 376
5 2
5 25
5 26
5 57
5 62
5 65
5 71
5 82
5 94
5 104
5 109
5 112
5 143
5 145
5 146
5 152
5 180
5 212
5 234
5 242
5 254
5 273
5 286
5 313
5 336
5 342
5 344
5 397
6 0
6 51
6 54
6 59
6 77
6 83
6 100
6 177
6 239
6 253
6 260
6 278
6 333
6 347
6 357
6 367
6 371
6 393
7 18
7 19
7 37
7 76
7 127
7 128
7 183
7 215
7 237
7 247
7 255
7 257
7 265
7 275
7 282
7 289
7 291
7 309
7 362
7 375
7 380
7 385
7 386
8 20
8 23
8 27
8 45
8 47
8 52
8 53
8 75
8 79
8 111
8 122
8 137
8 147
8 162
8 169
8 187
8 192
8 208
8 226
8 244
8 259
8 262
8 292
8 302
8 310
8 338
8 346
8 348
8 363
8 377
8 378
8 396
9 50
9 74
9 93
9 108
9 115
9 133
9 149
9 154
9 181
9 193
9 198
9 209
9 217
9 250
9 317
9 321
9 351
9 359
9 372
9 381
9 391
10 41
10 70
10 165
10 173
10 203
10 233
10 248
10 301
10 315
10 324
10 369
11 1
11 8
11 11
11 30
11 38
11 73
11 139
11 224
11 245
11 264
11 296
11 312
11 323
11 392
12 9
12 48
12 88
12 90
12 120
12 136
12 175
12 185
12 186
12 200
12 202
12 238
12 241
12 268
12 269
12 328
12 329
12 335
12 341
12 388
12 394
13 63
13 64
13 103
13 105
13 125
13 150
13 156
13 174
13 271
13 316
13 320
13 327
13 395
14 4
14 39
14 44
14 78
14 95
14 141
14 155
14 160
14 190
14 195
14 196
14 205
14 232
14 284
14 305
14 318
14 330
14 345
14 368
14 383
14 387
15 21
15 33
15 35
15 58
15 60
15 66
15 102
15 107
15 110
15 131
15 157
15 172
15 189
15 213
15 214
15 219
15 220
15 235
15 256
15 276
15 279
15 285
15 287
15 290
15 300
15 311
15 331
15 332
15 337
15 349
15 354
15 370
15 373
15 398
16 12
16 17
16 40
16 43
16 99
16 106
16 114
16 124
16 130
16 188
16 222
16 229
16 236
16 266
16 283
16 288
16 293
16 304
16 326
16 339
16 353
16 379
16 389
17 3
17 28
17 55
17 81
17 96
17 121
17 134
17 153
17 178
17 184
17 206
17 252
17 294
17 297
17 308
17 314
17 319
17 325
17 356
17 382
17 384
