0 9
0 48
0 88
0 90
0 120
0 136
0 174
0 186
0 238
0 241
0 268
0 269
0 273
0 329
0 341
1 4
1 33
1 39
1 44
1 58
1 78
1 93
1 95
1 102
1 131
1 141
1 155
1 160
1 190
1 195
1 196
1 198
1 205
1 209
1 214
1 219
1 232
1 250
1 256
1 284
1 305
1 311
1 318
1 330
1 332
1 337
1 345
1 368
1 383
1 387
2 20
2 23
2 27
2 45
2 47
2 52
2 53
2 75
2 79
2 107
2 111
2 137
2 147
2 169
2 187
2 192
2 208
2 226
2 235
2 244
2 259
2 262
2 292
2 302
2 310
2 338
2 346
2 348
2 363
2 377
2 378
2 396
3 14
3 31
3 43
3 80
3 98
3 123
3 170
3 231
3 236
3 240
3 270
3 281
3 283
3 288
3 307
3 353
3 379
3 389
4 54
4 59
4 100
4 134
4 177
4 239
4 260
4 278
4 294
4 314
4 347
4 357
4 371
4 393
5 7
5 34
5 35
5 46
5 61
5 68
5 69
5 85
5 86
5 101
5 138
5 159
5 168
5 171
5 173
5 176
5 182
5 204
5 211
5 223
5 228
5 243
5 298
5 301
5 331
5 343
5 365
5 366
6 3
6 28
6 55
6 81
6 96
6 121
6 153
6 166
6 178
6 184
6 206
6 252
6 258
6 297
6 308
6 319
6 325
6 334
6 356
6 382
6 384
7 2
7 25
7 26
7 51
7 57
7 60
7 62
7 65
7 71
7 82
7 94
7 104
7 109
7 112
7 143
7 145
7 146
7 152
7 180
7 212
7 234
7 242
7 254
7 286
7 313
7 336
7 342
7 344
7 397
8 117
8 129
8 172
8 189
8 218
8 249
8 251
8 340
8 364
8 374
8 399
9 1
9 8
9 11
9 30
9 38
9 40
9 73
9 139
9 224
9 264
9 296
9 312
9 392
10 5
10 6
10 13
10 24
10 29
10 36
10 67
10 87
10 91
10 122
10 135
10 142
10 167
10 179
10 194
10 221
10 246
10 295
10 303
10 306
10 350
10 352
10 358
10 361
10 390
11 41
11 63
11 64
11 70
11 103
11 125
11 150
11 156
11 165
11 203
11 233
11 248
11 271
11 315
11 316
11 320
11 323
11 324
11 327
11 369
12 18
12 19
12 37
12 76
12 127
12 128
12 183
12 215
12 237
12 247
12 255
12 257
12 265
12 275
12 282
12 289
12 291
12 309
12 362
12 375
12 380
12 385
12 386
13 16
13 113
13 119
13 163
13 197
13 199
13 261
13 267
13 272
14 50
14 74
14 97
14 115
14 116
14 132
14 148
14 158
14 181
14 201
14 263
14 317
14 321
14 351
14 381
15 10
15 15
15 22
15 32
15 42
15 49
15 56
15 72
15 84
15 89
15 92
15 118
15 126
15 140
15 144
15 151
15 161
15 164
15 191
15 207
15 210
15 216
15 225
15 227
15 230
15 274
15 277
15 280
15 299
15 322
15 355
15 360
15 376
16 12
16 17
16 99
16 106
16 108
16 114
16 124
16 130
16 133
16 149
16 154
16 188
16 193
16 217
16 222
16 229
16 245
16 266
16 293
16 304
16 326
16 339
16 359
16 372
16 391
17 0
17 77
17 83
17 162
17 253
17 333
17 367
18 21
18 66
18 105
18 110
18 157
18 175
18 185
18 200
18 202
18 213
18 220
18 276
18 279
18 285
18 287
18 290
18 300
18 328
18 335
18 349
18 354
18 370
18 373
18 388
18 394
18 395
18 398
