0 1
0 7
0 8
0 9
0 11
0 12
0 14
0 17
0 21
0 30
0 31
0 34
0 38
0 40
0 41
0 43
0 44
0 46
0 48
0 50
0 61
0 62
0 63
0 64
0 68
0 69
0 70
0 71
0 73
0 74
0 80
0 85
0 86
0 88
0 90
0 93
0 97
0 98
0 99
0 101
0 102
0 103
0 105
0 106
0 108
0 110
0 114
0 115
0 116
0 120
0 123
0 124
0 125
0 128
0 130
0 132
0 133
0 136
0 139
0 141
0 148
0 149
0 150
0 154
0 155
0 156
0 157
0 158
0 159
0 160
0 165
0 170
0 171
0 173
0 174
0 175
0 176
0 181
0 182
0 185
0 186
0 188
0 190
0 193
0 195
0 196
0 198
0 200
0 201
0 202
0 203
0 204
0 209
0 211
0 213
0 215
0 217
0 219
0 220
0 222
0 223
0 224
0 228
0 229
0 231
0 233
0 236
0 238
0 240
0 241
0 243
0 245
0 248
0 250
0 263
0 264
0 266
0 268
0 269
0 270
0 271
0 273
0 276
0 279
0 281
0 283
0 284
0 288
0 290
0 293
0 296
0 301
0 304
0 307
0 311
0 312
0 315
0 316
0 317
0 318
0 320
0 321
0 323
0 324
0 326
0 327
0 328
0 329
0 335
0 339
0 341
0 343
0 345
0 349
0 351
0 353
0 354
0 359
0 365
0 368
0 369
0 372
0 373
0 379
0 381
0 383
0 388
0 389
0 391
0 392
0 394
0 395
0 398
1 0
1 2
1 3
1 4
1 5
1 6
1 10
1 13
1 15
1 16
1 18
1 19
1 20
1 22
1 23
1 24
1 25
1 26
1 27
1 28
1 29
1 32
1 33
1 35
1 36
1 37
1 39
1 42
1 45
1 47
1 49
1 51
1 52
1 53
1 54
1 55
1 56
1 57
1 58
1 59
1 60
1 65
1 66
1 67
1 72
1 75
1 76
1 77
1 78
1 79
1 81
1 82
1 83
1 84
1 87
1 89
1 91
1 92
1 94
1 95
1 96
1 100
1 104
1 107
1 109
1 111
1 112
1 113
1 117
1 118
1 119
1 121
1 122
1 126
1 127
1 129
1 131
1 134
1 135
1 137
1 138
1 140
1 142
1 143
1 144
1 145
1 146
1 147
1 151
1 152
1 153
1 161
1 162
1 163
1 164
1 166
1 167
1 168
1 169
1 172
1 177
1 178
1 179
1 180
1 183
1 184
1 187
1 189
1 191
1 192
1 194
1 197
1 199
1 205
1 206
1 207
1 208
1 210
1 212
1 214
1 216
1 218
1 221
1 225
1 226
1 227
1 230
1 232
1 234
1 235
1 237
1 239
1 242
1 244
1 246
1 247
1 249
1 251
1 252
1 253
1 254
1 255
1 256
1 257
1 258
1 259
1 260
1 261
1 262
1 265
1 267
1 272
1 274
1 275
1 277
1 278
1 280
1 282
1 285
1 286
1 287
1 289
1 291
1 292
1 294
1 295
1 297
1 298
1 299
1 300
1 302
1 303
1 305
1 306
1 308
1 309
1 310
1 313
1 314
1 319
1 322
1 325
1 330
1 331
1 332
1 333
1 334
1 336
1 337
1 338
1 340
1 342
1 344
1 346
1 347
1 348
1 350
1 352
1 355
1 356
1 357
1 358
1 360
1 361
1 362
1 363
1 364
1 366
1 367
1 370
1 371
1 374
1 375
1 376
1 377
1 378
1 380
1 382
1 384
1 385
1 386
1 387
1 390
1 393
1 396
1 397
1 399
