0 4
0 6
0 10
0 13
0 15
0 16
0 22
0 32
0 33
0 39
0 42
0 44
0 49
0 56
0 72
0 78
0 84
0 89
0 92
0 93
0 95
0 96
0 108
0 110
0 113
0 118
0 119
0 126
0 129
0 133
0 140
0 141
0 144
0 149
0 151
0 153
0 154
0 155
0 157
0 160
0 161
0 163
0 164
0 175
0 184
0 185
0 189
0 190
0 191
0 193
0 195
0 196
0 197
0 198
0 199
0 205
0 207
0 209
0 210
0 216
0 217
0 220
0 225
0 227
0 230
0 232
0 250
0 258
0 261
0 272
0 274
0 277
0 280
0 284
0 299
0 305
0 308
0 311
0 318
0 322
0 330
0 345
0 349
0 355
0 356
0 360
0 368
0 372
0 376
0 382
0 383
0 384
0 387
0 398
1 0
1 2
1 3
1 5
1 23
1 24
1 25
1 26
1 27
1 28
1 29
1 36
1 45
1 47
1 51
1 52
1 53
1 54
1 55
1 57
1 58
1 59
1 60
1 62
1 65
1 67
1 71
1 75
1 77
1 79
1 81
1 82
1 83
1 87
1 91
1 94
1 100
1 104
1 107
1 109
1 111
1 112
1 117
1 121
1 122
1 131
1 134
1 135
1 137
1 142
1 143
1 145
1 146
1 147
1 152
1 162
1 166
1 167
1 169
1 172
1 177
1 178
1 179
1 180
1 187
1 192
1 194
1 206
1 208
1 212
1 214
1 218
1 221
1 226
1 234
1 235
1 239
1 242
1 244
1 246
1 249
1 251
1 252
1 253
1 254
1 256
1 259
1 260
1 262
1 267
1 273
1 278
1 286
1 287
1 290
1 292
1 294
1 295
1 297
1 300
1 302
1 303
1 306
1 310
1 313
1 314
1 319
1 325
1 332
1 333
1 334
1 336
1 338
1 340
1 342
1 344
1 346
1 347
1 348
1 350
1 352
1 354
1 357
1 358
1 361
1 363
1 364
1 367
1 371
1 374
1 377
1 378
1 380
1 390
1 393
1 397
1 399
2 1
2 8
2 11
2 12
2 14
2 17
2 30
2 31
2 38
2 40
2 43
2 50
2 73
2 74
2 80
2 97
2 98
2 99
2 106
2 114
2 115
2 116
2 123
2 124
2 125
2 130
2 132
2 139
2 148
2 158
2 165
2 170
2 181
2 188
2 201
2 222
2 224
2 229
2 231
2 236
2 240
2 245
2 263
2 264
2 266
2 270
2 281
2 283
2 288
2 293
2 296
2 304
2 307
2 312
2 317
2 321
2 323
2 326
2 328
2 335
2 339
2 351
2 353
2 359
2 379
2 381
2 389
2 391
2 392
2 394
3 7
3 9
3 18
3 19
3 20
3 21
3 34
3 35
3 37
3 41
3 46
3 48
3 61
3 63
3 64
3 66
3 68
3 69
3 70
3 76
3 85
3 86
3 88
3 90
3 101
3 102
3 103
3 105
3 120
3 127
3 128
3 136
3 138
3 150
3 156
3 159
3 168
3 171
3 173
3 174
3 176
3 182
3 183
3 186
3 200
3 202
3 203
3 204
3 211
3 213
3 215
3 219
3 223
3 228
3 233
3 237
3 238
3 241
3 243
3 247
3 248
3 255
3 257
3 265
3 268
3 269
3 271
3 275
3 276
3 279
3 282
3 285
3 289
3 291
3 298
3 301
3 309
3 315
3 316
3 320
3 324
3 327
3 329
3 331
3 337
3 341
3 343
3 362
3 365
3 366
3 369
3 370
3 373
3 375
3 385
3 386
3 388
3 395
3 396
