0 4
0 6
0 10
0 13
0 15
0 16
0 21
0 22
0 32
0 33
0 34
0 39
0 42
0 44
0 49
0 56
0 69
0 72
0 78
0 84
0 89
0 92
0 93
0 95
0 96
0 102
0 108
0 113
0 118
0 119
0 126
0 129
0 133
0 140
0 141
0 144
0 149
0 151
0 153
0 154
0 155
0 160
0 161
0 163
0 164
0 184
0 189
0 190
0 191
0 193
0 195
0 196
0 197
0 198
0 199
0 205
0 207
0 209
0 210
0 213
0 216
0 217
0 219
0 225
0 227
0 228
0 230
0 232
0 250
0 258
0 261
0 272
0 274
0 277
0 280
0 284
0 285
0 299
0 305
0 308
0 311
0 318
0 322
0 330
0 331
0 337
0 345
0 349
0 354
0 355
0 356
0 360
0 365
0 368
0 370
0 372
0 376
0 382
0 383
0 384
0 387
0 398
1 7
1 18
1 19
1 20
1 35
1 37
1 46
1 61
1 66
1 68
1 70
1 76
1 85
1 86
1 101
1 127
1 128
1 138
1 159
1 168
1 171
1 173
1 176
1 183
1 211
1 215
1 223
1 233
1 237
1 243
1 247
1 248
1 255
1 257
1 265
1 275
1 282
1 289
1 291
1 295
1 298
1 301
1 309
1 343
1 362
1 366
1 375
1 380
1 385
1 386
1 396
2 0
2 2
2 3
2 5
2 23
2 24
2 25
2 26
2 27
2 28
2 29
2 36
2 45
2 47
2 51
2 52
2 53
2 54
2 55
2 57
2 58
2 59
2 60
2 65
2 67
2 71
2 75
2 77
2 79
2 81
2 82
2 83
2 87
2 91
2 94
2 100
2 104
2 107
2 109
2 111
2 112
2 117
2 121
2 122
2 131
2 134
2 135
2 137
2 142
2 143
2 145
2 146
2 147
2 152
2 162
2 166
2 167
2 169
2 172
2 177
2 178
2 179
2 180
2 187
2 192
2 194
2 206
2 208
2 212
2 214
2 218
2 221
2 226
2 234
2 235
2 239
2 242
2 244
2 246
2 249
2 251
2 252
2 253
2 254
2 256
2 259
2 260
2 262
2 267
2 278
2 286
2 287
2 290
2 292
2 294
2 297
2 300
2 302
2 303
2 306
2 310
2 313
2 314
2 319
2 325
2 332
2 333
2 334
2 336
2 338
2 340
2 342
2 344
2 346
2 347
2 348
2 350
2 352
2 357
2 358
2 361
2 363
2 364
2 367
2 371
2 374
2 377
2 378
2 390
2 393
2 397
2 399
3 9
3 41
3 48
3 62
3 63
3 64
3 88
3 90
3 103
3 105
3 110
3 120
3 125
3 136
3 150
3 156
3 157
3 174
3 175
3 182
3 185
3 186
3 200
3 202
3 203
3 204
3 220
3 238
3 241
3 268
3 269
3 271
3 273
3 276
3 279
3 316
3 320
3 327
3 328
3 329
3 335
3 341
3 369
3 373
3 388
3 394
3 395
4 1
4 8
4 11
4 12
4 14
4 17
4 30
4 31
4 38
4 40
4 43
4 50
4 73
4 74
4 80
4 97
4 98
4 99
4 106
4 114
4 115
4 116
4 123
4 124
4 130
4 132
4 139
4 148
4 158
4 165
4 170
4 181
4 188
4 201
4 222
4 224
4 229
4 231
4 236
4 240
4 245
4 263
4 264
4 266
4 270
4 281
4 283
4 288
4 293
4 296
4 304
4 307
4 312
4 315
4 317
4 321
4 323
4 324
4 326
4 339
4 351
4 353
4 359
4 379
4 381
4 389
4 391
4 392
