0 1
0 8
0 11
0 12
0 14
0 17
0 30
0 31
0 38
0 40
0 43
0 80
0 97
0 98
0 99
0 106
0 114
0 115
0 116
0 123
0 124
0 130
0 132
0 148
0 158
0 170
0 188
0 201
0 222
0 224
0 229
0 231
0 236
0 240
0 245
0 263
0 264
0 266
0 270
0 281
0 283
0 288
0 293
0 296
0 304
0 307
0 312
0 317
0 321
0 326
0 328
0 335
0 339
0 353
0 359
0 379
0 389
0 391
0 392
0 394
1 4
1 7
1 21
1 33
1 34
1 35
1 39
1 44
1 46
1 50
1 58
1 60
1 61
1 62
1 66
1 68
1 69
1 74
1 78
1 85
1 93
1 95
1 101
1 102
1 108
1 110
1 112
1 131
1 133
1 138
1 141
1 149
1 152
1 154
1 155
1 157
1 160
1 168
1 171
1 172
1 175
1 181
1 182
1 185
1 190
1 193
1 195
1 196
1 198
1 200
1 204
1 205
1 209
1 213
1 214
1 217
1 219
1 220
1 223
1 228
1 232
1 243
1 250
1 256
1 276
1 279
1 284
1 285
1 287
1 290
1 298
1 300
1 305
1 311
1 318
1 330
1 331
1 332
1 337
1 343
1 344
1 345
1 349
1 351
1 354
1 365
1 368
1 370
1 372
1 373
1 381
1 383
1 387
1 388
1 398
2 6
2 10
2 15
2 16
2 22
2 32
2 42
2 49
2 56
2 72
2 84
2 89
2 92
2 96
2 113
2 118
2 119
2 126
2 140
2 144
2 151
2 153
2 161
2 163
2 164
2 166
2 184
2 191
2 197
2 199
2 207
2 210
2 216
2 225
2 227
2 230
2 258
2 261
2 267
2 272
2 274
2 277
2 280
2 299
2 308
2 322
2 355
2 356
2 360
2 376
2 382
2 384
3 9
3 41
3 48
3 63
3 64
3 70
3 73
3 86
3 88
3 90
3 103
3 105
3 120
3 125
3 128
3 136
3 139
3 150
3 156
3 159
3 165
3 173
3 174
3 176
3 186
3 202
3 203
3 211
3 215
3 233
3 238
3 241
3 248
3 268
3 269
3 271
3 273
3 301
3 315
3 316
3 320
3 323
3 324
3 327
3 329
3 341
3 369
3 395
4 5
4 13
4 18
4 19
4 20
4 23
4 24
4 27
4 29
4 36
4 37
4 45
4 47
4 52
4 53
4 67
4 75
4 76
4 79
4 87
4 91
4 107
4 111
4 117
4 122
4 127
4 129
4 135
4 137
4 142
4 147
4 162
4 167
4 169
4 179
4 183
4 187
4 189
4 192
4 194
4 208
4 218
4 221
4 226
4 235
4 237
4 244
4 246
4 247
4 249
4 251
4 255
4 257
4 259
4 262
4 265
4 275
4 282
4 289
4 291
4 295
4 302
4 303
4 306
4 309
4 310
4 338
4 340
4 346
4 348
4 350
4 352
4 358
4 361
4 362
4 363
4 364
4 366
4 374
4 375
4 377
4 378
4 380
4 385
4 386
4 390
4 396
4 399
5 0
5 2
5 3
5 25
5 26
5 28
5 51
5 54
5 55
5 57
5 59
5 65
5 71
5 77
5 81
5 82
5 83
5 94
5 100
5 104
5 109
5 121
5 134
5 143
5 145
5 146
5 177
5 178
5 180
5 206
5 212
5 234
5 239
5 242
5 252
5 253
5 254
5 260
5 278
5 286
5 292
5 294
5 297
5 313
5 314
5 319
5 325
5 333
5 334
5 336
5 342
5 347
5 357
5 367
5 371
5 393
5 397
