0 9
0 41
0 48
0 63
0 64
0 70
0 73
0 88
0 90
0 103
0 105
0 120
0 125
0 136
0 139
0 150
0 156
0 165
0 174
0 185
0 186
0 202
0 203
0 233
0 238
0 241
0 248
0 268
0 269
0 271
0 301
0 315
0 316
0 320
0 323
0 324
0 327
0 329
0 341
0 369
0 394
0 395
1 4
1 7
1 21
1 33
1 34
1 35
1 39
1 44
1 46
1 58
1 60
1 61
1 66
1 69
1 78
1 93
1 95
1 102
1 107
1 108
1 110
1 112
1 131
1 133
1 138
1 141
1 149
1 151
1 154
1 155
1 157
1 160
1 171
1 172
1 175
1 182
1 190
1 193
1 195
1 196
1 198
1 200
1 204
1 205
1 209
1 213
1 214
1 217
1 219
1 220
1 223
1 228
1 232
1 235
1 243
1 250
1 256
1 276
1 279
1 284
1 285
1 287
1 290
1 300
1 305
1 311
1 318
1 330
1 331
1 332
1 337
1 343
1 344
1 345
1 349
1 351
1 354
1 365
1 368
1 370
1 372
1 373
1 383
1 387
1 388
1 398
2 10
2 15
2 16
2 22
2 32
2 42
2 49
2 72
2 84
2 89
2 92
2 96
2 113
2 118
2 119
2 126
2 140
2 144
2 153
2 161
2 163
2 164
2 184
2 191
2 197
2 199
2 207
2 210
2 216
2 225
2 227
2 230
2 258
2 261
2 267
2 272
2 274
2 277
2 280
2 299
2 308
2 322
2 355
2 356
2 360
2 376
2 382
2 384
3 1
3 8
3 11
3 12
3 14
3 17
3 30
3 31
3 38
3 40
3 43
3 50
3 74
3 80
3 97
3 98
3 99
3 106
3 114
3 115
3 116
3 123
3 124
3 130
3 132
3 158
3 170
3 181
3 188
3 201
3 222
3 224
3 229
3 231
3 236
3 240
3 245
3 263
3 264
3 266
3 270
3 281
3 283
3 288
3 293
3 296
3 304
3 307
3 312
3 317
3 321
3 326
3 328
3 335
3 339
3 353
3 359
3 379
3 381
3 389
3 391
3 392
4 18
4 19
4 37
4 68
4 76
4 85
4 86
4 101
4 127
4 128
4 159
4 168
4 173
4 176
4 183
4 211
4 215
4 237
4 247
4 255
4 257
4 265
4 275
4 282
4 289
4 291
4 298
4 309
4 362
4 366
4 375
4 380
4 385
4 386
4 396
5 5
5 6
5 13
5 24
5 29
5 36
5 56
5 67
5 87
5 91
5 117
5 122
5 129
5 135
5 142
5 167
5 179
5 189
5 194
5 208
5 218
5 221
5 246
5 249
5 251
5 295
5 303
5 306
5 340
5 350
5 352
5 358
5 361
5 364
5 374
5 390
5 399
6 2
6 20
6 23
6 25
6 27
6 45
6 47
6 52
6 53
6 62
6 65
6 75
6 77
6 79
6 82
6 109
6 111
6 137
6 143
6 145
6 147
6 152
6 162
6 169
6 187
6 192
6 226
6 234
6 244
6 253
6 259
6 262
6 273
6 292
6 302
6 310
6 333
6 336
6 338
6 342
6 346
6 348
6 363
6 367
6 377
6 378
7 0
7 3
7 26
7 28
7 51
7 54
7 55
7 57
7 59
7 71
7 81
7 83
7 94
7 100
7 104
7 121
7 134
7 146
7 148
7 166
7 177
7 178
7 180
7 206
7 212
7 239
7 242
7 252
7 254
7 260
7 278
7 286
7 294
7 297
7 313
7 314
7 319
7 325
7 334
7 347
7 357
7 371
7 393
7 397
