0 14
0 53
0 63
0 64
0 73
0 114
0 135
0 164
0 168
0 194
0 211
0 229
0 283
1 18
1 21
1 22
1 58
1 59
1 110
1 116
1 126
1 163
1 220
1 236
2 34
2 91
2 133
2 137
2 198
2 224
2 242
3 1
3 31
3 115
3 202
3 219
4 38
4 81
4 83
4 120
4 145
4 156
4 172
4 184
4 201
4 216
4 252
5 11
5 16
5 101
6 30
6 43
6 49
6 54
6 75
6 84
6 97
6 108
6 129
6 144
6 181
6 217
6 223
6 276
6 305
7 26
7 62
7 88
7 103
7 111
7 149
7 160
7 166
7 170
7 188
7 209
8 25
8 37
8 50
8 71
8 85
8 107
8 130
8 141
8 214
8 215
8 254
8 280
9 23
9 61
9 76
9 208
9 248
9 292
9 300
9 308
10 29
10 32
10 33
10 87
10 119
10 196
10 274
11 3
11 12
11 24
11 41
11 82
11 102
11 109
11 161
11 179
11 203
11 225
