0 13
0 47
0 78
0 104
0 113
0 117
0 123
0 124
0 150
0 154
0 186
0 200
0 204
0 226
0 264
0 288
0 294
0 295
0 301
1 6
1 39
1 42
1 125
1 136
1 138
1 148
1 152
1 171
1 207
1 261
1 263
1 270
1 284
1 293
1 302
2 8
2 139
2 141
2 143
2 158
2 169
2 241
2 245
2 273
2 275
2 278
3 4
3 5
3 68
3 121
3 142
3 182
3 218
3 222
3 262
4 9
4 36
4 40
4 60
4 65
4 66
4 70
4 86
4 118
4 256
4 257
4 286
4 287
4 307
5 34
5 45
5 56
5 57
5 80
5 155
5 175
5 185
5 212
5 213
5 214
5 227
5 253
5 291
6 19
6 52
6 99
6 127
6 174
6 187
6 206
6 230
6 246
6 249
6 267
6 281
6 297
6 309
7 89
7 197
7 221
7 243
7 296
7 306
8 20
8 92
8 191
8 224
8 228
8 235
8 237
8 238
8 239
9 46
9 67
9 79
9 100
9 159
9 271
9 277
9 311
10 27
10 48
10 55
10 90
10 93
10 106
10 132
10 146
10 153
10 232
10 247
10 255
10 260
10 279
10 285
10 299
10 303
10 304
10 310
11 2
11 28
11 44
11 72
11 105
11 122
11 189
