0 40
0 43
0 99
0 130
0 143
0 199
0 248
1 8
1 9
1 68
1 92
1 95
1 118
1 146
1 148
1 152
1 228
1 284
1 307
2 25
2 41
2 101
2 166
2 203
2 206
2 225
2 236
2 252
2 259
2 279
2 281
2 297
2 305
3 5
3 27
3 36
3 46
3 113
3 159
3 187
3 256
3 260
4 17
4 28
4 55
4 100
4 158
4 171
4 246
4 253
4 273
4 278
4 299
4 309
5 19
5 52
5 150
5 218
5 221
6 76
6 179
6 181
6 189
7 4
7 44
7 125
7 142
7 182
7 293
7 294
8 67
8 70
8 90
8 121
8 197
8 200
8 226
8 263
8 296
8 301
9 2
9 78
9 86
9 104
9 105
9 111
9 161
9 245
9 264
9 270
9 286
9 288
9 302
10 26
10 54
10 58
10 61
10 93
10 164
10 254
10 303
11 117
11 122
11 154
11 222
12 12
12 39
12 65
12 138
12 163
12 243
12 247
13 33
13 64
13 84
13 109
13 149
13 201
13 204
13 209
13 261
13 282
14 13
14 45
14 106
14 175
14 227
14 262
15 91
15 127
15 186
15 207
15 230
15 249
15 277
15 285
15 304
15 311
16 11
16 18
16 21
16 22
16 47
16 82
16 110
16 257
17 32
17 48
17 89
17 123
17 132
17 136
17 153
17 174
17 213
17 239
17 271
17 280
17 295
18 42
18 50
18 60
18 66
18 160
18 232
18 235
18 238
18 241
18 255
18 275
18 287
19 6
19 72
19 97
19 124
19 135
19 306
