0 18
0 22
0 43
0 50
0 87
0 129
0 143
0 149
0 151
0 162
0 182
0 200
0 217
0 223
0 230
0 259
0 287
0 297
0 307
1 55
1 68
1 187
1 232
2 42
2 48
2 104
2 213
2 221
2 246
2 255
3 4
3 92
3 148
3 152
3 154
3 174
3 263
4 38
4 61
4 83
4 93
4 97
4 99
4 166
4 199
4 201
4 225
4 236
4 241
4 245
4 249
4 304
4 305
5 19
5 86
5 105
5 128
5 150
5 171
5 175
5 286
6 20
6 27
6 89
6 124
6 279
6 293
6 311
7 9
7 12
7 15
7 32
7 33
7 39
7 62
7 82
7 84
7 91
7 110
7 111
7 122
7 135
7 250
7 261
7 270
7 295
8 5
8 28
8 45
8 70
8 77
8 78
8 186
8 197
8 222
8 226
8 253
8 264
8 288
8 294
9 21
9 40
9 60
9 132
9 136
9 146
9 254
9 280
9 285
9 299
10 6
10 65
10 72
10 125
10 252
10 262
10 303
11 8
11 13
11 36
11 90
11 100
11 127
11 167
11 177
11 228
11 235
11 243
11 273
11 277
11 301
12 2
12 46
12 66
12 67
12 113
12 118
12 121
12 227
12 256
12 260
13 52
13 106
13 130
13 159
13 164
13 181
13 204
13 208
13 211
13 229
13 248
13 265
13 282
13 290
14 17
14 26
14 44
14 123
14 153
14 158
14 160
14 163
14 180
14 207
14 218
14 239
14 247
14 271
14 275
15 302
16 47
16 54
16 64
16 101
16 138
16 165
16 189
16 257
16 306
17 238
17 296
