0 2
0 70
0 86
0 125
0 200
0 284
0 301
0 311
1 142
1 260
1 289
1 291
2 42
2 44
2 57
2 94
2 122
2 246
2 253
2 304
3 9
3 47
3 106
3 124
3 138
3 150
3 159
3 232
3 249
3 263
3 277
3 278
3 299
3 306
4 187
4 245
4 287
5 34
5 77
5 185
5 212
5 222
5 224
5 237
5 264
5 270
5 271
5 273
6 46
6 143
6 153
6 158
6 175
6 230
6 238
6 309
6 310
7 52
7 186
7 189
7 256
8 17
8 40
8 127
8 206
8 303
8 307
9 55
9 68
9 118
9 218
9 293
9 294
10 65
10 93
10 146
10 167
10 239
10 255
10 296
11 6
11 39
11 72
11 92
11 113
11 152
11 171
11 204
11 207
11 221
11 235
11 275
11 297
11 302
12 67
12 79
12 80
12 99
12 155
12 173
12 174
12 213
12 214
12 228
13 8
13 27
13 78
13 121
13 136
13 205
13 241
14 5
14 28
14 48
14 56
14 90
14 105
14 132
14 141
14 169
14 227
14 247
14 261
15 4
15 36
15 197
15 226
15 257
15 262
16 148
16 154
16 285
17 45
17 60
17 89
17 100
17 177
17 267
17 279
