0 122
0 187
0 226
0 232
0 296
1 13
1 34
1 45
1 56
1 80
1 207
1 266
1 277
1 279
2 93
2 106
2 197
2 249
3 39
3 48
3 67
3 79
3 90
3 127
3 141
3 293
3 294
3 295
4 17
4 94
4 155
4 191
4 214
4 215
4 238
4 264
5 230
5 304
5 306
6 105
6 118
6 139
6 224
6 247
6 263
6 270
6 275
6 278
7 2
7 4
7 8
7 40
7 125
7 169
7 222
7 243
7 255
7 285
7 301
7 303
7 307
8 9
8 57
8 77
8 132
8 153
8 185
8 206
8 239
8 311
9 5
9 20
9 44
9 52
9 92
9 104
9 167
9 299
10 36
10 66
10 70
10 100
10 124
10 136
10 138
10 146
10 152
10 221
10 245
10 286
11 6
11 27
11 28
11 123
11 154
11 175
11 235
11 253
11 297
11 302
12 256
12 291
13 42
13 200
13 257
13 261
14 55
14 65
14 78
14 148
14 151
14 186
14 260
14 287
15 0
15 159
15 213
15 262
15 267
15 273
16 19
16 158
16 174
16 182
16 228
16 237
17 46
17 47
17 68
17 72
17 86
17 99
17 189
17 204
17 205
17 218
17 271
18 3
18 60
18 121
18 143
18 150
18 177
18 227
18 231
18 246
18 284
18 310
