0 6
0 55
0 65
0 68
0 90
0 150
0 152
0 154
0 159
0 171
0 205
0 222
0 235
0 262
0 263
0 277
0 293
0 294
0 311
1 27
1 40
1 42
1 45
1 54
1 60
1 72
1 92
1 128
1 153
1 156
1 160
1 248
1 254
1 267
1 270
1 271
1 299
1 307
2 18
2 23
2 25
2 33
2 41
2 85
2 94
2 109
2 165
2 166
2 206
2 210
2 219
2 229
2 234
2 281
2 297
2 304
2 305
2 308
3 4
3 36
3 44
3 82
3 122
3 175
3 226
3 255
3 260
3 261
3 301
4 8
4 13
4 17
4 19
4 28
4 67
4 78
4 89
4 91
4 100
4 105
4 106
4 127
4 186
4 228
4 238
4 239
4 273
4 278
4 279
4 284
4 296
4 309
5 2
5 9
5 48
5 70
5 84
5 86
5 113
5 118
5 124
5 130
5 132
5 146
5 148
5 197
5 221
5 227
5 241
5 247
5 253
5 275
5 288
5 302
6 26
6 32
6 39
6 47
6 58
6 61
6 97
6 110
6 125
6 138
6 142
6 164
6 181
6 189
6 201
6 245
6 246
6 257
6 303
6 306
7 11
7 62
7 69
7 83
7 93
7 99
7 101
7 135
7 136
7 149
7 158
7 200
7 204
7 207
7 211
7 213
7 230
7 232
7 236
7 280
7 285
7 287
7 289
8 5
8 46
8 52
8 77
8 121
8 167
8 174
8 187
8 218
8 256
8 264
