0 41
0 67
0 73
0 90
0 132
0 148
0 154
0 161
0 174
0 177
0 194
0 199
0 205
0 208
0 213
0 226
0 227
0 250
0 263
0 264
0 271
0 273
0 288
0 293
1 14
1 21
1 26
1 84
1 85
1 87
1 156
1 160
1 165
1 179
1 184
1 219
1 248
1 252
2 1
2 2
2 25
2 49
2 69
2 71
2 107
2 126
2 162
2 166
2 167
2 172
2 196
2 211
3 11
3 50
3 54
3 83
3 102
3 103
3 164
3 178
3 180
3 201
3 300
4 62
4 75
4 82
4 163
4 170
4 209
4 283
5 18
5 29
5 61
5 76
5 81
5 113
5 114
5 118
5 122
5 133
5 146
5 188
5 190
5 198
5 274
5 290
5 292
6 5
6 13
6 16
6 27
6 30
6 46
6 53
6 63
6 105
6 112
6 120
6 144
6 187
6 217
6 218
6 222
6 236
6 242
7 22
7 24
7 33
7 43
7 59
7 64
7 97
7 101
7 111
7 115
7 116
7 130
7 168
7 176
7 195
7 220
7 229
7 276
7 282
7 312
8 28
8 35
8 45
8 68
8 77
8 89
8 96
8 121
8 127
8 186
8 197
8 200
8 207
8 238
8 241
8 254
8 296
9 12
9 15
9 23
9 32
9 58
9 88
9 98
9 109
9 110
9 119
9 135
9 147
9 181
9 202
9 203
9 216
9 223
9 265
9 280
9 308
10 4
10 8
10 36
10 37
10 44
10 52
10 159
10 249
10 269
10 294
