0 14
0 63
0 96
0 98
0 107
0 111
0 126
0 162
0 164
0 220
0 310
1 23
1 64
1 196
1 201
1 209
2 34
2 35
2 80
2 133
2 165
2 170
2 173
2 185
2 193
2 195
2 259
2 300
2 312
3 61
3 62
3 181
3 184
3 202
4 54
4 59
4 73
4 112
4 163
4 194
4 208
5 29
5 33
5 141
6 12
6 82
6 91
6 211
6 214
6 215
6 217
6 237
7 16
7 101
8 85
8 130
8 198
8 203
9 30
9 32
9 50
9 160
9 168
9 172
9 292
9 308
10 49
10 120
10 179
10 180
10 276
11 75
11 81
11 84
11 88
11 103
11 110
11 135
11 252
11 274
11 283
12 83
12 102
12 109
12 114
12 144
12 166
12 216
12 219
13 41
13 43
13 76
13 190
13 236
13 254
13 282
14 15
14 157
14 161
14 225
14 291
15 18
15 21
15 22
15 37
15 53
15 58
16 11
16 116
16 188
17 26
17 178
17 248
17 265
17 280
17 290
18 1
18 87
18 97
18 115
19 156
