0 16
0 29
0 59
0 110
0 116
0 119
0 188
1 2
1 17
1 27
1 89
1 98
1 109
1 146
1 154
1 184
1 208
1 217
1 222
1 300
1 305
2 18
2 25
2 33
2 43
2 58
2 83
2 91
2 103
2 114
2 149
2 163
2 176
2 201
2 223
2 265
3 30
3 32
3 84
3 102
3 133
3 269
3 276
4 14
4 31
4 63
4 71
4 87
4 96
4 107
4 120
4 130
4 135
4 145
4 156
4 160
4 164
4 170
4 181
4 225
4 248
5 5
5 19
5 36
5 45
5 46
5 55
5 68
5 105
5 132
5 148
5 180
5 186
5 197
5 198
5 213
5 249
5 271
5 294
6 4
6 22
6 37
6 101
6 111
6 144
6 168
7 12
7 54
7 75
7 115
7 126
7 159
7 166
7 179
7 211
7 216
7 220
7 236
7 252
8 23
8 38
8 50
8 61
8 73
8 97
8 202
8 219
9 52
9 127
9 143
9 161
9 174
9 200
9 241
9 242
9 263
9 264
9 267
9 275
9 296
9 309
9 311
10 1
10 21
10 26
10 28
10 53
10 64
10 67
10 171
10 194
10 218
10 274
11 11
11 49
11 199
11 229
11 282
12 8
12 44
12 48
12 90
12 118
12 121
12 122
12 129
12 172
12 187
12 207
12 226
12 247
13 24
13 81
13 82
14 15
14 62
14 165
14 196
14 203
14 254
14 283
15 13
15 41
15 85
15 88
15 113
15 117
15 209
15 259
15 280
15 288
15 308
