0 27
0 41
0 53
0 63
0 67
0 87
0 154
0 165
0 250
0 273
0 288
1 18
1 24
1 25
1 26
1 30
1 58
1 76
1 84
1 96
1 111
1 133
1 170
1 181
1 184
1 216
1 229
1 242
1 248
1 308
2 59
2 190
2 225
3 17
3 19
3 22
3 28
3 45
3 105
3 121
3 132
3 163
3 175
3 186
3 217
3 296
4 54
4 103
4 119
4 135
4 149
4 180
4 305
5 32
5 43
5 62
5 88
5 97
5 98
5 110
5 176
5 198
5 208
5 223
6 12
6 38
6 75
6 146
6 162
6 172
6 290
7 16
7 61
7 168
8 50
8 64
8 160
8 188
8 196
9 14
9 33
9 73
9 81
9 116
9 220
9 254
9 274
9 282
10 2
10 5
10 36
10 71
10 82
10 117
10 120
10 164
10 259
10 283
11 1
11 13
11 83
11 108
11 113
11 115
11 118
11 126
11 127
11 159
11 161
11 171
11 187
11 199
11 249
11 265
11 276
11 285
12 4
12 21
12 48
12 90
12 129
12 143
12 148
12 174
12 194
12 213
12 222
12 226
12 227
12 241
12 251
12 263
12 280
13 85
13 166
13 201
13 209
14 46
14 55
14 89
14 100
14 152
14 207
14 221
14 238
14 264
14 271
15 29
15 236
15 294
16 11
16 101
16 107
16 202
16 203
16 211
16 292
17 8
17 44
17 52
17 247
17 300
18 15
18 23
18 37
18 91
18 102
18 109
18 114
18 122
18 130
18 145
18 179
18 218
19 49
19 144
19 156
19 252
19 309
