0 5
0 20
0 28
0 39
0 46
0 60
0 90
0 100
0 152
0 177
0 187
0 204
0 218
0 227
0 237
0 245
0 253
0 263
0 288
0 293
0 294
1 9
1 72
1 261
1 267
1 271
2 3
2 56
2 89
2 117
2 143
2 155
2 169
2 185
2 207
2 264
2 279
2 285
3 8
3 40
3 44
3 55
3 92
3 186
3 306
4 4
4 42
4 47
4 65
4 67
4 93
4 99
4 121
4 153
4 175
4 197
4 222
4 270
4 275
4 295
4 301
4 303
4 304
5 48
5 105
5 141
5 159
5 238
5 309
6 118
6 146
6 158
6 200
6 307
7 0
7 17
7 19
7 36
7 45
7 66
7 79
7 113
7 127
7 132
7 139
7 167
7 182
7 230
7 235
7 241
7 246
7 310
8 27
8 52
8 68
8 78
8 86
8 104
8 106
8 124
8 136
8 142
8 243
8 277
8 284
9 171
9 228
9 249
9 286
9 302
10 2
10 122
10 123
10 150
10 206
10 221
10 232
10 239
10 255
10 262
10 273
10 291
10 311
11 6
11 125
11 138
11 148
11 154
11 174
11 189
11 247
11 256
11 257
11 260
11 287
11 296
11 299
12 157
12 226
12 297
