0 7
0 18
0 20
0 26
0 31
0 35
0 45
0 48
0 57
0 59
0 66
0 73
0 90
0 94
0 104
0 112
0 119
0 120
0 133
0 140
0 141
0 142
0 154
0 184
0 190
1 3
1 24
1 28
1 39
1 41
1 96
1 98
1 101
1 153
1 156
1 163
1 173
1 177
2 17
2 65
2 84
2 111
2 113
2 124
2 125
2 146
2 149
2 152
2 178
2 186
2 189
3 0
3 5
3 32
3 38
3 47
3 49
3 53
3 54
3 63
3 64
3 69
3 114
3 134
3 144
3 151
3 159
3 168
3 176
3 179
3 191
3 194
4 9
4 10
4 12
4 15
4 22
4 23
4 25
4 27
4 50
4 52
4 58
4 61
4 62
4 68
4 70
4 72
4 77
4 79
4 82
4 83
4 92
4 95
4 122
4 129
4 132
4 145
4 148
4 155
4 157
4 166
4 167
4 174
4 175
5 2
5 6
5 11
5 13
5 33
5 43
5 56
5 60
5 78
5 85
5 91
5 135
5 137
5 170
5 182
5 198
5 199
6 4
6 40
6 42
6 71
6 86
6 87
6 93
6 100
6 108
6 109
6 117
6 121
6 123
6 147
6 162
6 164
6 195
7 29
7 46
7 67
7 74
7 76
7 81
7 88
7 89
7 106
7 110
7 115
7 116
7 126
7 128
7 150
7 172
7 180
7 181
7 183
7 187
7 188
7 197
8 1
8 14
8 21
8 30
8 34
8 97
8 99
8 102
8 107
8 118
8 131
8 139
8 143
8 158
8 165
8 169
8 185
8 192
8 193
9 8
9 16
9 19
9 36
9 37
9 44
9 51
9 55
9 75
9 80
9 103
9 105
9 127
9 130
9 136
9 138
9 160
9 161
9 171
9 196
