0 7
0 18
0 20
0 26
0 31
0 35
0 43
0 45
0 48
0 56
0 57
0 59
0 60
0 66
0 73
0 85
0 90
0 94
0 112
0 119
0 120
0 133
0 140
0 141
0 142
0 184
0 190
1 1
1 14
1 21
1 30
1 34
1 87
1 93
1 97
1 99
1 102
1 107
1 108
1 118
1 131
1 139
1 143
1 147
1 158
1 165
1 169
1 185
1 192
1 193
2 9
2 12
2 23
2 25
2 50
2 61
2 62
2 70
2 79
2 82
2 92
2 95
2 98
2 129
2 132
2 145
2 148
2 155
2 157
2 167
2 175
3 6
3 13
3 33
3 78
3 91
3 113
3 135
3 146
3 149
3 170
3 182
3 198
3 199
4 2
4 3
4 8
4 11
4 16
4 19
4 37
4 44
4 51
4 55
4 63
4 75
4 80
4 103
4 105
4 127
4 130
4 136
4 137
4 138
4 151
4 160
4 161
4 171
4 194
4 196
5 46
5 67
5 74
5 76
5 81
5 89
5 104
5 106
5 110
5 115
5 116
5 126
5 128
5 150
5 154
5 172
5 180
5 181
5 183
5 187
5 197
6 24
6 39
6 40
6 41
6 86
6 96
6 100
6 101
6 121
6 123
6 153
6 159
6 163
6 164
6 173
7 17
7 65
7 84
7 111
7 124
7 125
7 152
7 178
7 189
8 4
8 42
8 71
8 109
8 117
8 162
8 195
9 10
9 15
9 22
9 27
9 28
9 29
9 36
9 52
9 58
9 68
9 72
9 77
9 83
9 88
9 122
9 156
9 166
9 174
9 177
9 188
10 0
10 5
10 32
10 38
10 47
10 49
10 53
10 54
10 64
10 69
10 114
10 134
10 144
10 168
10 176
10 179
10 186
10 191
