0 9
0 12
0 25
0 50
0 61
0 70
0 79
0 82
0 89
0 92
0 128
0 129
0 132
0 145
0 155
0 157
0 167
0 175
1 0
1 3
1 32
1 38
1 47
1 49
1 53
1 54
1 64
1 69
1 114
1 134
1 144
1 151
1 159
1 168
1 176
1 179
1 191
1 194
2 1
2 14
2 21
2 30
2 34
2 87
2 97
2 99
2 102
2 107
2 118
2 131
2 139
2 143
2 147
2 158
2 165
2 169
2 185
2 192
2 193
3 2
3 11
3 19
3 20
3 35
3 45
3 55
3 75
3 88
3 106
3 110
3 137
3 138
3 161
3 184
3 188
4 7
4 18
4 26
4 31
4 57
4 59
4 73
4 90
4 94
4 119
4 120
4 133
4 140
4 141
4 142
4 190
5 17
5 65
5 84
5 111
5 113
5 124
5 125
5 135
5 146
5 149
5 152
5 178
5 186
5 189
6 24
6 39
6 41
6 96
6 98
6 101
6 153
6 163
6 173
7 10
7 15
7 22
7 23
7 27
7 28
7 29
7 36
7 52
7 58
7 62
7 68
7 72
7 77
7 83
7 122
7 148
7 156
7 166
7 174
7 177
8 5
8 8
8 16
8 37
8 44
8 51
8 63
8 80
8 103
8 105
8 127
8 130
8 136
8 160
8 171
8 196
9 46
9 48
9 66
9 67
9 74
9 76
9 81
9 104
9 115
9 116
9 126
9 150
9 154
9 172
9 180
9 181
9 183
9 187
9 197
10 6
10 13
10 33
10 43
10 56
10 60
10 78
10 85
10 91
10 112
10 170
10 182
10 198
10 199
11 4
11 40
11 42
11 71
11 86
11 93
11 95
11 100
11 108
11 109
11 117
11 121
11 123
11 162
11 164
11 195
