0 6
0 13
0 32
0 113
0 135
0 146
0 186
0 198
0 199
1 20
1 29
1 46
1 67
1 74
1 76
1 81
1 88
1 106
1 110
1 115
1 126
1 128
1 150
1 172
1 180
1 181
1 183
1 184
1 187
1 188
2 3
2 19
2 24
2 28
2 36
2 75
2 83
2 151
2 156
2 163
2 166
2 177
3 4
3 42
3 71
3 109
3 117
3 162
4 14
4 87
4 99
4 108
4 118
4 131
4 143
4 165
4 195
5 7
5 18
5 26
5 31
5 48
5 59
5 66
5 73
5 90
5 94
5 104
5 119
5 120
5 133
5 140
5 141
5 154
5 190
5 197
6 0
6 5
6 38
6 47
6 49
6 53
6 54
6 63
6 64
6 69
6 114
6 134
6 144
6 168
6 176
6 179
6 191
6 194
7 17
7 65
7 84
7 111
7 124
7 125
7 152
7 178
7 189
8 8
8 16
8 37
8 44
8 45
8 51
8 55
8 80
8 103
8 105
8 127
8 130
8 136
8 138
8 160
8 161
8 171
8 196
9 9
9 12
9 25
9 50
9 61
9 70
9 79
9 82
9 89
9 132
9 145
9 155
9 157
9 167
9 175
10 1
10 21
10 30
10 34
10 97
10 102
10 107
10 116
10 139
10 169
10 185
10 192
10 193
11 2
11 11
11 33
11 35
11 43
11 56
11 57
11 60
11 78
11 85
11 91
11 112
11 137
11 142
11 170
11 182
12 40
12 86
12 93
12 100
12 121
12 123
12 147
12 149
12 158
12 159
12 164
13 39
13 41
13 96
13 98
13 101
13 153
13 173
14 10
14 15
14 22
14 23
14 27
14 52
14 58
14 62
14 68
14 72
14 77
14 92
14 95
14 122
14 129
14 148
14 174
