0 20
0 29
0 36
0 77
0 83
0 88
0 106
0 110
0 161
0 166
0 188
1 0
1 5
1 32
1 38
1 49
1 54
1 63
1 64
1 69
1 114
1 134
1 144
1 191
2 6
2 17
2 65
2 84
2 113
2 125
2 135
2 146
2 149
2 152
2 189
3 1
3 14
3 102
3 107
3 131
3 139
3 147
3 158
3 169
3 185
4 7
4 18
4 26
4 31
4 59
4 73
4 90
4 94
4 119
4 120
4 133
4 141
5 10
5 22
5 23
5 27
5 52
5 58
5 62
5 68
5 72
5 92
5 95
5 122
5 129
5 148
5 157
5 174
6 4
6 71
6 109
6 117
6 162
7 3
7 19
7 24
7 28
7 75
7 80
7 151
7 156
7 163
7 177
8 43
8 56
8 57
8 60
8 85
8 112
8 140
8 142
8 190
9 15
9 46
9 50
9 81
9 89
9 115
9 128
9 150
9 172
9 180
9 183
9 187
10 13
10 33
10 78
10 91
10 170
10 182
10 198
10 199
11 40
11 86
11 93
11 100
11 121
11 123
11 159
11 164
12 39
12 41
12 96
12 98
12 101
12 153
12 173
13 9
13 12
13 25
13 61
13 70
13 79
13 82
13 132
13 145
13 155
13 167
13 175
14 111
14 124
14 178
14 186
15 42
15 87
15 99
15 108
15 118
15 143
15 165
15 195
16 66
16 67
16 74
16 76
16 104
16 126
16 154
16 181
16 197
17 2
17 11
17 47
17 53
17 55
17 137
17 138
17 168
17 176
17 179
17 194
18 21
18 30
18 34
18 35
18 48
18 97
18 116
18 184
18 192
18 193
19 8
19 16
19 37
19 44
19 45
19 51
19 103
19 105
19 127
19 130
19 136
19 160
19 171
19 196
