0 1
0 4
0 9
0 10
0 12
0 14
0 15
0 21
0 22
0 23
0 24
0 25
0 27
0 28
0 30
0 40
0 41
0 42
0 50
0 52
0 58
0 61
0 62
0 68
0 70
0 71
0 72
0 77
0 79
0 82
0 83
0 86
0 87
0 92
0 93
0 95
0 97
0 98
0 99
0 100
0 102
0 107
0 108
0 109
0 117
0 118
0 121
0 122
0 129
0 131
0 132
0 139
0 143
0 145
0 147
0 148
0 153
0 155
0 156
0 157
0 158
0 162
0 165
0 167
0 169
0 174
0 175
0 177
0 185
0 193
0 195
1 0
1 2
1 3
1 5
1 6
1 13
1 16
1 17
1 32
1 37
1 38
1 39
1 47
1 49
1 51
1 53
1 54
1 63
1 64
1 65
1 69
1 80
1 84
1 96
1 101
1 103
1 105
1 111
1 113
1 114
1 123
1 124
1 125
1 134
1 135
1 144
1 146
1 149
1 151
1 152
1 159
1 163
1 164
1 168
1 173
1 176
1 178
1 179
1 186
1 189
1 191
1 194
1 198
1 199
2 7
2 8
2 11
2 18
2 19
2 20
2 26
2 29
2 31
2 33
2 34
2 35
2 36
2 43
2 44
2 45
2 46
2 48
2 55
2 56
2 57
2 59
2 60
2 66
2 67
2 73
2 74
2 75
2 76
2 78
2 81
2 85
2 88
2 89
2 90
2 91
2 94
2 104
2 106
2 110
2 112
2 115
2 116
2 119
2 120
2 126
2 127
2 128
2 130
2 133
2 136
2 137
2 138
2 140
2 141
2 142
2 150
2 154
2 160
2 161
2 166
2 170
2 171
2 172
2 180
2 181
2 182
2 183
2 184
2 187
2 188
2 190
2 192
2 196
2 197
