0 7
0 11
0 18
0 20
0 26
0 31
0 33
0 34
0 35
0 43
0 45
0 46
0 48
0 56
0 57
0 59
0 60
0 66
0 67
0 73
0 74
0 76
0 78
0 81
0 85
0 88
0 90
0 91
0 94
0 104
0 106
0 110
0 112
0 115
0 116
0 119
0 120
0 126
0 127
0 133
0 140
0 141
0 142
0 150
0 154
0 161
0 170
0 172
0 181
0 182
0 183
0 184
0 188
0 190
0 192
0 197
1 6
1 13
1 17
1 32
1 65
1 84
1 111
1 113
1 124
1 125
1 134
1 135
1 146
1 149
1 152
1 159
1 178
1 186
1 189
1 198
1 199
2 9
2 10
2 12
2 15
2 21
2 22
2 23
2 25
2 27
2 29
2 30
2 50
2 52
2 58
2 61
2 62
2 68
2 70
2 72
2 77
2 79
2 82
2 83
2 89
2 92
2 97
2 98
2 107
2 122
2 128
2 129
2 132
2 145
2 148
2 155
2 156
2 157
2 166
2 167
2 174
2 175
2 177
2 180
2 187
2 193
3 1
3 4
3 14
3 40
3 41
3 42
3 71
3 86
3 87
3 93
3 95
3 99
3 100
3 102
3 108
3 109
3 117
3 118
3 121
3 123
3 131
3 139
3 143
3 147
3 153
3 158
3 162
3 164
3 165
3 169
3 185
3 195
4 0
4 2
4 3
4 5
4 8
4 16
4 19
4 24
4 28
4 36
4 37
4 38
4 39
4 44
4 47
4 49
4 51
4 53
4 54
4 55
4 63
4 64
4 69
4 75
4 80
4 96
4 101
4 103
4 105
4 114
4 130
4 136
4 137
4 138
4 144
4 151
4 160
4 163
4 168
4 171
4 173
4 176
4 179
4 191
4 194
4 196
