0 0
0 3
0 5
0 8
0 13
0 16
0 32
0 33
0 37
0 38
0 47
0 49
0 51
0 53
0 54
0 55
0 63
0 64
0 69
0 78
0 80
0 91
0 103
0 105
0 114
0 134
0 136
0 137
0 138
0 144
0 151
0 159
0 160
0 168
0 171
0 173
0 176
0 179
0 182
0 191
0 194
0 196
0 198
0 199
1 2
1 11
1 15
1 19
1 21
1 22
1 24
1 27
1 28
1 29
1 30
1 34
1 36
1 44
1 52
1 58
1 75
1 77
1 83
1 88
1 97
1 106
1 107
1 110
1 122
1 128
1 130
1 139
1 156
1 161
1 163
1 166
1 187
1 188
1 192
1 193
2 7
2 18
2 20
2 26
2 31
2 35
2 43
2 45
2 46
2 48
2 56
2 57
2 59
2 60
2 66
2 67
2 73
2 74
2 76
2 81
2 85
2 90
2 94
2 104
2 112
2 115
2 116
2 119
2 120
2 126
2 127
2 133
2 140
2 141
2 142
2 150
2 154
2 170
2 172
2 180
2 181
2 183
2 184
2 190
2 197
3 1
3 14
3 40
3 42
3 71
3 86
3 87
3 93
3 99
3 100
3 102
3 108
3 109
3 117
3 118
3 121
3 123
3 131
3 143
3 147
3 153
3 158
3 162
3 164
3 165
3 169
3 185
3 195
4 4
4 9
4 10
4 12
4 23
4 25
4 39
4 41
4 50
4 61
4 62
4 68
4 70
4 72
4 79
4 82
4 89
4 92
4 95
4 96
4 98
4 101
4 129
4 132
4 145
4 148
4 155
4 157
4 167
4 174
4 175
4 177
5 6
5 17
5 65
5 84
5 111
5 113
5 124
5 125
5 135
5 146
5 149
5 152
5 178
5 186
5 189
