0 0
0 2
0 5
0 13
0 16
0 32
0 37
0 38
0 47
0 49
0 51
0 53
0 54
0 55
0 63
0 64
0 69
0 103
0 105
0 114
0 134
0 136
0 137
0 138
0 144
0 159
0 160
0 168
0 171
0 176
0 179
0 191
0 194
0 196
0 198
0 199
1 29
1 46
1 67
1 74
1 76
1 81
1 89
1 104
1 106
1 110
1 115
1 116
1 126
1 128
1 145
1 150
1 154
1 167
1 172
1 180
1 181
1 183
1 187
1 192
1 197
2 1
2 9
2 10
2 12
2 14
2 15
2 21
2 22
2 23
2 25
2 27
2 30
2 34
2 50
2 52
2 61
2 62
2 68
2 70
2 72
2 79
2 82
2 92
2 97
2 99
2 102
2 107
2 118
2 122
2 129
2 131
2 132
2 139
2 143
2 148
2 155
2 157
2 165
2 169
2 174
2 175
2 185
2 193
3 6
3 17
3 65
3 84
3 111
3 113
3 124
3 125
3 135
3 146
3 149
3 152
3 178
3 186
3 189
4 4
4 39
4 40
4 41
4 42
4 71
4 86
4 87
4 93
4 95
4 96
4 98
4 100
4 108
4 109
4 117
4 121
4 123
4 147
4 153
4 158
4 162
4 164
4 195
5 3
5 8
5 19
5 24
5 28
5 36
5 44
5 58
5 75
5 77
5 80
5 83
5 88
5 101
5 130
5 151
5 156
5 161
5 163
5 166
5 173
5 177
5 188
6 7
6 11
6 18
6 20
6 26
6 31
6 33
6 35
6 43
6 45
6 48
6 56
6 57
6 59
6 60
6 66
6 73
6 78
6 85
6 90
6 91
6 94
6 112
6 119
6 120
6 127
6 133
6 140
6 141
6 142
6 170
6 182
6 184
6 190
