0 3
0 24
0 28
0 39
0 41
0 96
0 101
0 153
0 156
0 163
0 173
0 177
1 7
1 18
1 46
1 48
1 59
1 66
1 67
1 73
1 74
1 76
1 90
1 94
1 104
1 115
1 119
1 120
1 126
1 140
1 141
1 154
1 172
1 181
1 183
1 184
1 190
1 197
2 13
2 33
2 43
2 56
2 60
2 78
2 85
2 91
2 112
2 142
2 170
2 182
2 198
2 199
3 1
3 14
3 40
3 42
3 71
3 86
3 87
3 93
3 99
3 100
3 102
3 108
3 109
3 117
3 118
3 121
3 123
3 131
3 139
3 143
3 147
3 158
3 162
3 164
3 165
3 169
3 185
3 195
4 2
4 8
4 11
4 19
4 20
4 26
4 31
4 35
4 36
4 44
4 45
4 55
4 57
4 75
4 88
4 106
4 110
4 127
4 130
4 133
4 137
4 138
4 160
4 161
4 166
4 171
4 188
4 196
5 4
5 9
5 12
5 23
5 25
5 61
5 62
5 70
5 79
5 82
5 95
5 98
5 132
5 145
5 148
5 155
5 167
5 175
6 6
6 17
6 65
6 84
6 111
6 113
6 124
6 125
6 135
6 146
6 149
6 152
6 178
6 186
6 189
7 10
7 15
7 21
7 22
7 27
7 29
7 30
7 34
7 50
7 52
7 58
7 68
7 72
7 77
7 81
7 83
7 89
7 92
7 97
7 107
7 116
7 122
7 128
7 129
7 150
7 157
7 174
7 180
7 187
7 192
7 193
8 0
8 5
8 16
8 32
8 37
8 38
8 47
8 49
8 51
8 53
8 54
8 63
8 64
8 69
8 80
8 103
8 105
8 114
8 134
8 136
8 144
8 151
8 159
8 168
8 176
8 179
8 191
8 194
