0 5
0 16
0 18
0 38
0 103
0 105
0 114
0 133
0 136
0 140
0 160
0 190
0 191
0 196
1 1
1 6
1 7
1 13
1 14
1 47
1 48
1 51
1 54
1 56
1 57
1 59
1 65
1 66
1 67
1 69
1 73
1 84
1 85
1 90
1 99
1 106
1 111
1 113
1 119
1 135
1 142
1 143
1 146
1 147
1 149
1 158
1 168
1 176
1 184
1 194
1 197
2 3
2 8
2 19
2 24
2 28
2 39
2 44
2 49
2 80
2 83
2 96
2 101
2 120
2 126
2 127
2 130
2 150
2 151
2 163
2 173
3 21
3 30
3 34
3 42
3 71
3 81
3 86
3 87
3 92
3 95
3 97
3 109
3 116
3 117
3 118
3 121
3 129
3 131
3 148
3 157
3 185
3 187
3 192
3 193
4 20
4 26
4 31
4 40
4 41
4 64
4 75
4 77
4 94
4 100
4 141
4 153
4 156
4 161
4 171
5 4
5 25
5 46
5 50
5 61
5 79
5 89
5 132
5 155
5 162
5 175
5 181
6 2
6 9
6 11
6 12
6 15
6 35
6 45
6 52
6 55
6 58
6 68
6 70
6 72
6 74
6 88
6 98
6 110
6 115
6 138
6 154
6 167
6 174
6 177
6 178
6 180
6 183
7 17
7 32
7 33
7 43
7 60
7 78
7 91
7 112
7 124
7 125
7 134
7 144
7 152
7 170
7 182
7 186
7 198
7 199
8 0
8 37
8 53
8 63
8 93
8 102
8 107
8 108
8 123
8 137
8 139
8 159
8 164
8 165
8 169
8 179
8 189
8 195
9 10
9 22
9 23
9 27
9 29
9 36
9 62
9 76
9 82
9 104
9 122
9 128
9 145
9 166
9 172
9 188
