0 10
0 22
0 27
0 29
0 36
0 62
0 76
0 104
0 122
0 128
0 148
0 166
0 172
0 188
1 3
1 8
1 19
1 24
1 28
1 39
1 44
1 58
1 73
1 80
1 83
1 96
1 101
1 126
1 127
1 130
1 150
1 151
1 163
1 173
1 174
1 177
2 5
2 16
2 18
2 38
2 47
2 51
2 54
2 56
2 67
2 84
2 85
2 90
2 93
2 99
2 103
2 105
2 109
2 114
2 124
2 136
2 140
2 146
2 168
2 176
2 190
2 191
2 195
2 196
3 1
3 21
3 30
3 34
3 42
3 71
3 86
3 87
3 97
3 116
3 117
3 121
3 129
3 131
3 147
3 149
3 157
3 158
3 165
3 185
3 192
3 193
4 6
4 17
4 32
4 33
4 43
4 46
4 48
4 60
4 65
4 66
4 78
4 91
4 112
4 119
4 125
4 134
4 135
4 142
4 143
4 144
4 152
4 170
4 182
4 184
4 186
4 197
4 198
4 199
5 4
5 14
5 23
5 25
5 50
5 61
5 79
5 82
5 89
5 118
5 132
5 145
5 155
5 162
5 175
5 181
6 15
6 40
6 72
6 81
6 92
6 95
6 100
6 123
6 187
7 9
7 12
7 45
7 52
7 55
7 57
7 68
7 70
7 74
7 88
7 98
7 115
7 138
7 154
7 167
7 180
7 183
8 7
8 20
8 26
8 31
8 41
8 49
8 59
8 64
8 75
8 77
8 94
8 110
8 120
8 141
8 153
8 156
8 161
8 171
9 0
9 37
9 53
9 63
9 102
9 107
9 108
9 133
9 137
9 139
9 159
9 160
9 164
9 169
9 179
9 189
10 2
10 11
10 13
10 35
10 69
10 106
10 111
10 113
10 178
10 194
