0 4
0 23
0 25
0 50
0 61
0 79
0 82
0 89
0 132
0 145
0 155
0 175
0 181
1 11
1 13
1 33
1 35
1 47
1 54
1 55
1 56
1 57
1 85
1 90
1 91
1 93
1 106
1 109
1 137
1 138
1 168
1 176
1 194
2 3
2 8
2 19
2 28
2 39
2 44
2 45
2 49
2 80
2 96
2 101
2 119
2 130
2 163
2 173
3 22
3 27
3 29
3 36
3 76
3 104
3 122
3 128
3 166
3 172
3 185
4 5
4 16
4 18
4 37
4 38
4 51
4 103
4 105
4 114
4 124
4 127
4 133
4 136
4 140
4 160
4 186
4 190
4 191
4 196
5 0
5 53
5 63
5 71
5 102
5 107
5 108
5 123
5 139
5 159
5 162
5 164
5 165
5 169
5 179
5 189
5 195
6 1
6 30
6 34
6 42
6 81
6 86
6 87
6 92
6 95
6 97
6 116
6 121
6 129
6 131
6 157
6 187
6 192
6 193
7 2
7 9
7 12
7 15
7 52
7 58
7 68
7 70
7 72
7 74
7 88
7 98
7 110
7 115
7 154
7 167
7 174
7 177
7 178
7 180
7 183
8 32
8 43
8 48
8 60
8 66
8 67
8 78
8 99
8 112
8 134
8 135
8 142
8 143
8 152
8 158
8 170
8 182
8 184
8 197
8 198
8 199
9 6
9 14
9 17
9 65
9 69
9 84
9 111
9 113
9 125
9 146
9 147
9 149
10 10
10 21
10 24
10 62
10 73
10 83
10 117
10 118
10 126
10 144
10 148
10 150
10 151
10 188
11 7
11 20
11 26
11 31
11 40
11 41
11 46
11 59
11 64
11 75
11 77
11 94
11 100
11 120
11 141
11 153
11 156
11 161
11 171
