0 0
0 53
0 63
0 102
0 107
0 108
0 137
0 139
0 159
0 164
0 169
0 179
0 189
1 10
1 14
1 21
1 67
1 71
1 99
1 117
1 118
1 143
1 165
1 195
2 79
2 81
2 87
2 89
2 92
2 95
2 97
2 129
2 132
2 148
2 157
2 175
2 187
3 4
3 25
3 31
3 46
3 50
3 61
3 109
3 120
3 155
3 162
3 181
3 197
4 19
4 24
4 37
4 45
4 54
4 55
4 57
4 73
4 93
4 100
4 106
4 123
4 151
4 188
4 194
4 196
5 6
5 7
5 13
5 48
5 51
5 56
5 59
5 65
5 66
5 69
5 84
5 85
5 90
5 111
5 113
5 119
5 135
5 142
5 146
5 149
5 158
5 168
5 184
6 2
6 9
6 11
6 12
6 15
6 35
6 72
6 74
6 88
6 110
6 115
6 138
6 154
6 167
6 178
6 183
7 28
7 41
7 52
7 58
7 68
7 70
7 83
7 98
7 126
7 150
7 174
7 177
7 180
8 22
8 23
8 29
8 36
8 62
8 76
8 82
8 104
8 122
8 128
8 145
8 166
8 172
9 17
9 32
9 33
9 43
9 60
9 64
9 78
9 91
9 112
9 124
9 125
9 134
9 144
9 152
9 170
9 182
9 186
9 198
9 199
10 3
10 8
10 39
10 44
10 49
10 80
10 96
10 101
10 127
10 130
10 163
10 173
11 5
11 16
11 18
11 38
11 47
11 103
11 105
11 114
11 133
11 136
11 140
11 160
11 176
11 190
11 191
12 20
12 26
12 75
12 77
12 94
12 141
12 153
12 156
12 161
12 171
13 1
13 27
13 30
13 34
13 40
13 42
13 86
13 116
13 121
13 131
13 147
13 185
13 192
13 193
