0 10
0 62
0 67
0 71
0 109
0 117
0 129
0 148
0 157
0 165
0 195
1 30
1 34
1 42
1 81
1 86
1 87
1 92
1 95
1 97
1 116
1 121
1 131
1 187
1 192
1 193
2 28
2 39
2 96
2 101
2 127
2 163
2 173
3 2
3 11
3 13
3 35
3 106
3 178
3 194
4 37
4 38
4 45
4 47
4 54
4 55
4 57
4 93
4 137
4 138
4 168
4 176
5 17
5 32
5 33
5 43
5 60
5 78
5 91
5 112
5 125
5 134
5 152
5 170
5 182
5 186
5 198
5 199
6 9
6 12
6 41
6 46
6 52
6 58
6 68
6 70
6 74
6 83
6 98
6 115
6 126
6 150
6 154
6 167
6 174
6 177
6 180
6 183
7 100
7 123
7 147
7 149
7 159
7 185
8 1
8 6
8 7
8 48
8 56
8 65
8 66
8 84
8 85
8 90
8 99
8 111
8 113
8 135
8 142
8 146
8 158
8 197
9 4
9 25
9 50
9 61
9 79
9 82
9 89
9 132
9 145
9 155
9 162
9 175
9 181
10 22
10 23
10 27
10 29
10 36
10 76
10 104
10 122
10 128
10 166
10 172
10 188
11 15
11 40
11 64
11 72
11 88
11 94
11 110
12 5
12 16
12 18
12 51
12 59
12 103
12 105
12 114
12 124
12 136
12 140
12 160
12 190
12 191
12 196
13 20
13 26
13 75
13 77
13 141
13 153
13 156
13 161
13 171
14 14
14 21
14 118
14 143
15 3
15 8
15 19
15 24
15 31
15 44
15 49
15 69
15 73
15 80
15 119
15 120
15 130
15 133
15 144
15 151
16 0
16 53
16 63
16 102
16 107
16 108
16 139
16 164
16 169
16 179
16 184
16 189
