0 4
0 25
0 50
0 61
0 79
0 89
0 132
0 155
0 162
0 175
1 7
1 31
1 41
1 46
1 49
1 59
1 94
1 105
1 119
1 120
1 127
1 136
1 141
2 2
2 11
2 13
2 35
2 106
2 178
2 194
3 0
3 16
3 18
3 37
3 38
3 45
3 53
3 63
3 114
3 133
3 159
3 160
3 196
4 1
4 34
4 40
4 42
4 86
4 100
4 116
4 121
4 123
4 131
4 147
4 158
4 185
4 192
4 193
5 102
5 107
5 108
5 139
5 164
5 169
5 179
5 184
5 189
6 76
6 104
6 166
6 188
7 10
7 21
7 62
7 71
7 109
7 117
7 129
7 157
7 165
8 24
8 28
8 52
8 58
8 73
8 83
8 88
8 126
8 144
8 150
8 151
8 174
8 177
9 47
9 51
9 54
9 55
9 56
9 57
9 85
9 90
9 93
9 137
9 138
9 140
9 168
9 176
9 190
10 15
10 30
10 81
10 87
10 92
10 95
10 97
10 148
10 187
11 17
11 124
11 186
12 3
12 8
12 19
12 39
12 44
12 80
12 96
12 101
12 130
12 163
12 171
12 173
13 9
13 12
13 68
13 70
13 72
13 74
13 98
13 110
13 115
13 154
13 167
13 180
13 181
13 183
14 32
14 33
14 43
14 60
14 78
14 91
14 112
14 125
14 134
14 170
14 182
14 198
14 199
15 20
15 26
15 75
15 77
15 153
15 156
15 161
16 5
16 64
16 103
16 191
17 14
17 67
17 99
17 118
17 143
17 195
18 22
18 23
18 27
18 29
18 36
18 82
18 122
18 128
18 145
18 172
19 6
19 48
19 65
19 66
19 69
19 84
19 111
19 113
19 135
19 142
19 146
19 149
19 152
19 197
