0 0
0 1
0 7
0 10
0 13
0 14
0 21
0 22
0 27
0 29
0 30
0 34
0 40
0 42
0 48
0 53
0 56
0 59
0 61
0 66
0 67
0 71
0 75
0 76
0 77
0 81
0 82
0 84
0 86
0 87
0 90
0 92
0 93
0 95
0 97
0 99
0 102
0 104
0 107
0 108
0 109
0 111
0 113
0 116
0 117
0 118
0 121
0 122
0 123
0 129
0 131
0 135
0 137
0 139
0 142
0 143
0 147
0 149
0 153
0 156
0 157
0 158
0 159
0 161
0 164
0 165
0 168
0 169
0 172
0 179
0 184
0 185
0 187
0 189
0 192
0 193
0 195
0 197
1 5
1 6
1 16
1 17
1 18
1 32
1 33
1 37
1 38
1 43
1 47
1 49
1 51
1 55
1 57
1 60
1 63
1 64
1 65
1 69
1 78
1 85
1 91
1 103
1 105
1 112
1 114
1 119
1 124
1 125
1 133
1 134
1 136
1 140
1 144
1 146
1 152
1 160
1 170
1 176
1 182
1 186
1 190
1 191
1 194
1 196
1 198
1 199
2 2
2 3
2 4
2 8
2 9
2 11
2 12
2 15
2 19
2 20
2 23
2 24
2 25
2 26
2 28
2 31
2 35
2 36
2 39
2 41
2 44
2 45
2 46
2 50
2 52
2 54
2 58
2 62
2 68
2 70
2 72
2 73
2 74
2 79
2 80
2 83
2 88
2 89
2 94
2 96
2 98
2 100
2 101
2 106
2 110
2 115
2 120
2 126
2 127
2 128
2 130
2 132
2 138
2 141
2 145
2 148
2 150
2 151
2 154
2 155
2 162
2 163
2 166
2 167
2 171
2 173
2 174
2 175
2 177
2 178
2 180
2 181
2 183
2 188
