0 3
0 4
0 7
0 10
0 20
0 22
0 23
0 25
0 26
0 27
0 29
0 31
0 36
0 40
0 44
0 46
0 50
0 59
0 61
0 62
0 64
0 75
0 76
0 77
0 79
0 82
0 89
0 94
0 104
0 118
0 120
0 122
0 126
0 128
0 130
0 132
0 141
0 145
0 148
0 153
0 155
0 156
0 161
0 166
0 172
0 175
0 181
0 185
0 188
1 0
1 5
1 16
1 18
1 30
1 37
1 38
1 42
1 47
1 53
1 63
1 81
1 87
1 92
1 93
1 95
1 97
1 102
1 103
1 105
1 107
1 114
1 123
1 124
1 127
1 133
1 136
1 137
1 139
1 140
1 159
1 160
1 164
1 168
1 169
1 179
1 186
1 187
1 189
1 190
1 191
1 196
2 2
2 8
2 9
2 11
2 12
2 15
2 19
2 24
2 28
2 35
2 39
2 41
2 45
2 52
2 54
2 55
2 57
2 58
2 68
2 70
2 72
2 73
2 74
2 80
2 83
2 88
2 96
2 98
2 100
2 101
2 106
2 110
2 115
2 138
2 150
2 151
2 154
2 163
2 167
2 171
2 173
2 174
2 176
2 177
2 178
2 180
2 183
2 194
3 1
3 6
3 13
3 14
3 17
3 21
3 32
3 33
3 34
3 43
3 48
3 49
3 51
3 56
3 60
3 65
3 66
3 67
3 69
3 71
3 78
3 84
3 85
3 86
3 90
3 91
3 99
3 108
3 109
3 111
3 112
3 113
3 116
3 117
3 119
3 121
3 125
3 129
3 131
3 134
3 135
3 142
3 143
3 144
3 146
3 147
3 149
3 152
3 157
3 158
3 162
3 165
3 170
3 182
3 184
3 192
3 193
3 195
3 197
3 198
3 199
