0 5
0 16
0 18
0 31
0 32
0 38
0 49
0 51
0 59
0 64
0 94
0 103
0 105
0 114
0 120
0 124
0 127
0 134
0 136
0 140
0 144
0 176
0 186
0 190
0 191
1 0
1 37
1 47
1 53
1 63
1 93
1 102
1 107
1 108
1 123
1 133
1 137
1 139
1 159
1 160
1 164
1 168
1 169
1 179
1 189
1 196
2 1
2 2
2 6
2 7
2 11
2 13
2 17
2 33
2 35
2 43
2 48
2 56
2 60
2 65
2 66
2 69
2 78
2 84
2 85
2 90
2 91
2 106
2 111
2 112
2 113
2 119
2 125
2 135
2 142
2 146
2 147
2 149
2 152
2 158
2 170
2 182
2 184
2 194
2 198
2 199
3 3
3 4
3 10
3 14
3 22
3 23
3 25
3 29
3 36
3 46
3 50
3 61
3 62
3 67
3 76
3 79
3 82
3 89
3 99
3 104
3 118
3 122
3 128
3 132
3 143
3 145
3 155
3 162
3 165
3 166
3 172
3 175
3 181
3 188
3 195
3 197
4 8
4 9
4 12
4 15
4 19
4 20
4 24
4 26
4 28
4 39
4 41
4 44
4 45
4 52
4 54
4 55
4 57
4 58
4 68
4 70
4 72
4 73
4 74
4 75
4 80
4 83
4 88
4 96
4 98
4 100
4 101
4 110
4 115
4 126
4 130
4 138
4 141
4 150
4 151
4 154
4 161
4 163
4 167
4 171
4 173
4 174
4 177
4 178
4 180
4 183
5 21
5 27
5 30
5 34
5 40
5 42
5 71
5 77
5 81
5 86
5 87
5 92
5 95
5 97
5 109
5 116
5 117
5 121
5 129
5 131
5 148
5 153
5 156
5 157
5 185
5 187
5 192
5 193
