0 3
0 8
0 10
0 19
0 24
0 28
0 29
0 36
0 39
0 44
0 49
0 54
0 62
0 73
0 80
0 83
0 96
0 101
0 119
0 126
0 127
0 130
0 144
0 150
0 151
0 163
0 166
0 173
0 188
1 6
1 13
1 14
1 17
1 21
1 32
1 33
1 43
1 46
1 48
1 56
1 60
1 65
1 66
1 67
1 69
1 78
1 84
1 85
1 90
1 91
1 99
1 104
1 109
1 111
1 112
1 113
1 118
1 124
1 125
1 135
1 142
1 143
1 146
1 149
1 152
1 158
1 170
1 182
1 184
1 186
1 195
1 197
1 198
1 199
2 7
2 20
2 26
2 31
2 40
2 41
2 59
2 64
2 75
2 77
2 94
2 100
2 103
2 110
2 120
2 134
2 141
2 153
2 156
2 161
2 171
2 191
3 2
3 9
3 11
3 12
3 15
3 35
3 52
3 58
3 68
3 70
3 72
3 74
3 88
3 98
3 106
3 115
3 128
3 138
3 154
3 167
3 174
3 177
3 178
3 180
3 183
3 194
4 4
4 23
4 25
4 50
4 61
4 76
4 79
4 82
4 89
4 132
4 145
4 155
4 162
4 175
4 181
5 0
5 5
5 16
5 18
5 37
5 38
5 45
5 47
5 51
5 53
5 55
5 57
5 63
5 93
5 102
5 105
5 107
5 108
5 114
5 133
5 136
5 137
5 139
5 140
5 159
5 160
5 164
5 165
5 168
5 169
5 176
5 179
5 189
5 190
5 196
6 1
6 22
6 27
6 30
6 34
6 42
6 71
6 81
6 86
6 87
6 92
6 95
6 97
6 116
6 117
6 121
6 122
6 123
6 129
6 131
6 147
6 148
6 157
6 172
6 185
6 187
6 192
6 193
