0 14
0 17
0 21
0 32
0 33
0 43
0 60
0 91
0 112
0 124
0 125
0 134
0 143
0 152
0 170
0 182
0 186
0 198
0 199
1 3
1 8
1 19
1 24
1 28
1 39
1 44
1 80
1 96
1 101
1 103
1 105
1 127
1 130
1 163
1 173
1 191
2 10
2 22
2 23
2 27
2 29
2 36
2 54
2 62
2 73
2 76
2 83
2 104
2 118
2 122
2 126
2 128
2 144
2 145
2 148
2 150
2 151
2 166
2 172
2 188
3 9
3 12
3 15
3 52
3 58
3 68
3 70
3 72
3 74
3 88
3 98
3 110
3 115
3 138
3 154
3 167
3 174
3 177
3 180
3 183
4 2
4 6
4 11
4 13
4 35
4 48
4 51
4 56
4 65
4 66
4 69
4 78
4 84
4 85
4 90
4 106
4 109
4 111
4 113
4 119
4 135
4 142
4 146
4 149
4 178
4 184
4 189
4 194
4 197
5 1
5 30
5 34
5 40
5 42
5 71
5 81
5 86
5 87
5 92
5 95
5 97
5 100
5 116
5 117
5 121
5 123
5 129
5 131
5 147
5 157
5 158
5 185
5 187
5 192
5 193
6 4
6 25
6 46
6 50
6 61
6 79
6 82
6 89
6 132
6 155
6 162
6 175
6 181
7 0
7 5
7 16
7 18
7 37
7 38
7 45
7 47
7 53
7 55
7 57
7 63
7 67
7 93
7 99
7 102
7 107
7 108
7 114
7 133
7 136
7 137
7 139
7 140
7 159
7 160
7 164
7 165
7 168
7 169
7 176
7 179
7 190
7 195
7 196
8 7
8 20
8 26
8 31
8 41
8 49
8 59
8 64
8 75
8 77
8 94
8 120
8 141
8 153
8 156
8 161
8 171
