0 1
0 32
0 35
0 38
0 43
0 44
0 45
0 48
0 51
0 53
0 59
0 68
0 93
0 97
0 99
0 103
0 116
0 123
0 124
0 136
0 139
0 150
0 154
0 156
0 163
0 166
1 3
1 5
1 18
1 21
1 27
1 36
1 41
1 42
1 56
1 86
1 96
1 126
1 135
1 151
1 180
1 187
2 4
2 6
2 12
2 49
2 52
2 54
2 63
2 98
2 108
2 117
2 125
2 130
2 140
2 142
2 177
2 192
3 13
3 14
3 17
3 50
3 55
3 60
3 66
3 113
3 120
3 128
3 129
3 131
3 137
3 147
3 162
3 169
3 171
3 191
4 8
4 24
4 26
4 31
4 39
4 58
4 67
4 79
4 84
4 87
4 121
4 133
4 148
4 155
4 167
4 170
4 185
4 186
5 7
5 9
5 16
5 40
5 57
5 62
5 65
5 69
5 83
5 92
5 94
5 104
5 118
5 132
5 134
5 152
5 158
5 168
5 172
5 184
5 199
6 0
6 11
6 19
6 20
6 33
6 37
6 71
6 72
6 73
6 75
6 76
6 77
6 82
6 111
6 115
6 143
6 157
6 175
6 178
6 179
6 181
6 182
6 189
6 190
6 193
6 196
7 10
7 23
7 25
7 47
7 81
7 88
7 90
7 91
7 102
7 106
7 109
7 122
7 144
7 145
7 146
7 153
7 159
7 161
7 188
8 22
8 28
8 29
8 34
8 46
8 64
8 70
8 74
8 107
8 112
8 119
8 127
8 138
8 149
8 160
8 173
8 183
8 194
8 197
8 198
9 2
9 15
9 30
9 61
9 78
9 80
9 85
9 89
9 95
9 100
9 101
9 105
9 110
9 114
9 141
9 164
9 165
9 174
9 176
9 195
