0 4
0 10
0 26
0 27
0 31
0 54
0 63
0 97
0 108
0 117
0 121
0 125
0 132
0 133
0 140
0 142
0 148
0 186
0 192
1 7
1 14
1 52
1 60
1 62
1 66
1 69
1 92
1 94
1 98
1 104
1 118
1 152
1 158
1 168
1 172
1 177
1 184
1 188
2 0
2 2
2 8
2 15
2 19
2 30
2 39
2 61
2 67
2 75
2 80
2 85
2 95
2 100
2 110
2 123
2 141
2 157
2 165
2 166
2 167
2 174
2 185
2 189
3 28
3 29
3 34
3 46
3 64
3 107
3 112
3 129
3 138
3 194
3 197
3 198
4 24
4 49
4 58
4 78
4 79
4 84
4 89
4 101
4 105
4 114
4 130
4 155
4 164
4 170
4 176
4 195
5 1
5 32
5 35
5 38
5 42
5 43
5 44
5 45
5 48
5 51
5 53
5 68
5 82
5 93
5 99
5 103
5 111
5 116
5 124
5 136
5 139
5 150
5 154
5 156
5 163
6 5
6 18
6 21
6 23
6 36
6 41
6 55
6 56
6 86
6 90
6 91
6 96
6 102
6 106
6 122
6 126
6 135
6 144
6 147
6 151
6 159
6 180
6 187
7 12
7 22
7 25
7 47
7 59
7 70
7 74
7 81
7 88
7 109
7 119
7 127
7 145
7 146
7 149
7 153
7 160
7 161
7 173
7 183
8 3
8 9
8 16
8 40
8 57
8 65
8 83
8 87
8 128
8 134
8 169
8 199
9 6
9 11
9 20
9 33
9 37
9 71
9 72
9 73
9 76
9 77
9 115
9 143
9 175
9 178
9 179
9 181
9 182
9 190
9 193
9 196
10 13
10 17
10 50
10 113
10 120
10 131
10 137
10 162
10 171
10 191
