0 20
0 37
0 59
0 71
0 73
0 76
0 149
0 175
0 181
1 5
1 10
1 18
1 21
1 23
1 27
1 36
1 41
1 55
1 56
1 86
1 90
1 91
1 92
1 96
1 102
1 106
1 109
1 122
1 126
1 132
1 135
1 144
1 147
1 151
1 159
1 180
1 187
2 75
2 78
2 80
2 100
2 101
2 105
2 110
2 114
2 141
2 164
2 195
3 12
3 52
3 63
3 98
3 117
3 142
3 145
3 177
3 188
4 7
4 14
4 50
4 60
4 62
4 66
4 69
4 94
4 104
4 118
4 128
4 137
4 162
4 169
4 171
4 184
5 0
5 2
5 4
5 6
5 15
5 19
5 26
5 30
5 54
5 61
5 85
5 108
5 125
5 140
5 157
5 165
5 166
5 174
5 178
5 182
5 192
6 24
6 49
6 58
6 79
6 84
6 89
6 130
6 155
6 170
6 176
7 8
7 31
7 42
7 67
7 87
7 121
7 133
7 148
7 185
7 186
8 13
8 17
8 28
8 29
8 46
8 112
8 113
8 120
8 129
8 131
8 138
8 191
8 194
8 197
9 3
9 9
9 16
9 40
9 57
9 65
9 83
9 134
9 152
9 158
9 168
9 172
9 199
10 11
10 33
10 39
10 72
10 77
10 93
10 95
10 97
10 115
10 123
10 124
10 143
10 150
10 163
10 167
10 179
10 189
10 190
10 193
10 196
11 22
11 25
11 34
11 47
11 64
11 70
11 74
11 81
11 88
11 107
11 119
11 127
11 146
11 153
11 160
11 161
11 173
11 183
11 198
12 1
12 32
12 35
12 38
12 43
12 44
12 45
12 48
12 51
12 53
12 68
12 82
12 99
12 103
12 111
12 116
12 136
12 139
12 154
12 156
