0 1
0 32
0 35
0 38
0 43
0 44
0 45
0 48
0 51
0 53
0 59
0 68
0 82
0 93
0 99
0 103
0 111
0 116
0 124
0 136
0 139
0 150
0 154
0 156
0 163
0 179
1 12
1 34
1 64
1 70
1 81
1 88
1 107
1 119
1 145
1 149
1 153
1 160
1 173
1 183
1 198
2 24
2 49
2 58
2 79
2 84
2 89
2 155
2 170
2 176
3 7
3 14
3 60
3 62
3 66
3 69
3 104
3 118
3 172
3 184
3 188
4 0
4 2
4 11
4 15
4 19
4 30
4 39
4 61
4 75
4 85
4 95
4 100
4 110
4 123
4 141
4 157
4 165
4 166
4 174
4 189
5 6
5 20
5 33
5 37
5 71
5 72
5 73
5 76
5 77
5 115
5 143
5 175
5 178
5 181
5 182
5 190
5 193
5 196
6 3
6 9
6 16
6 52
6 57
6 65
6 83
6 92
6 94
6 98
6 152
6 158
6 168
6 169
7 10
7 27
7 63
7 97
7 106
7 109
7 121
7 132
7 161
7 177
7 187
8 8
8 31
8 42
8 67
8 87
8 133
8 148
8 167
8 185
8 186
9 5
9 18
9 21
9 36
9 41
9 55
9 56
9 86
9 96
9 122
9 126
9 135
9 147
9 151
9 180
10 78
10 80
10 101
10 105
10 114
10 164
10 195
11 4
11 26
11 54
11 108
11 117
11 125
11 130
11 140
11 142
11 192
12 22
12 23
12 25
12 47
12 74
12 90
12 91
12 102
12 127
12 144
12 146
12 159
13 40
13 134
13 199
14 28
14 29
14 46
14 112
14 129
14 138
14 194
14 197
15 13
15 17
15 50
15 113
15 120
15 128
15 131
15 137
15 162
15 171
15 191
