0 12
0 98
0 117
0 145
0 177
0 188
1 32
1 39
1 42
1 43
1 44
1 93
1 97
1 99
1 121
1 123
1 124
1 150
1 154
1 163
1 167
2 22
2 34
2 47
2 64
2 70
2 81
2 88
2 107
2 119
2 127
2 146
2 153
2 160
2 173
2 183
2 198
3 8
3 24
3 31
3 58
3 67
3 84
3 87
3 133
3 148
3 155
3 170
3 185
3 186
4 18
4 21
4 36
4 41
4 56
4 86
4 96
4 126
4 135
4 151
4 187
5 2
5 15
5 26
5 30
5 61
5 85
5 95
5 100
5 141
5 164
5 165
5 166
5 195
6 0
6 11
6 19
6 33
6 72
6 75
6 76
6 77
6 111
6 115
6 143
6 179
6 189
6 190
6 193
6 196
7 7
7 14
7 50
7 60
7 66
7 128
7 137
7 162
7 169
7 171
8 20
8 37
8 71
8 73
8 149
8 175
8 178
8 181
8 182
9 49
9 79
9 108
9 125
9 130
9 176
10 3
10 40
10 65
10 83
10 134
10 172
10 199
11 9
11 16
11 52
11 57
11 62
11 63
11 69
11 92
11 94
11 104
11 118
11 132
11 152
11 158
11 168
11 184
12 13
12 17
12 55
12 74
12 113
12 120
12 129
12 131
12 147
12 191
13 4
13 6
13 54
13 78
13 101
13 140
13 142
13 157
13 174
13 192
14 80
14 89
14 105
14 110
14 114
15 5
15 10
15 23
15 25
15 27
15 90
15 91
15 102
15 106
15 109
15 122
15 144
15 159
15 161
15 180
16 28
16 29
16 46
16 112
16 138
16 194
16 197
17 1
17 35
17 38
17 45
17 48
17 51
17 53
17 59
17 68
17 82
17 103
17 116
17 136
17 139
17 156
