0 0
0 1
0 4
0 6
0 11
0 12
0 15
0 19
0 20
0 33
0 35
0 37
0 38
0 43
0 44
0 45
0 48
0 51
0 53
0 54
0 59
0 61
0 68
0 71
0 72
0 73
0 75
0 76
0 77
0 78
0 80
0 82
0 95
0 99
0 100
0 101
0 103
0 105
0 110
0 111
0 114
0 115
0 116
0 117
0 123
0 136
0 139
0 140
0 141
0 142
0 143
0 149
0 150
0 154
0 156
0 157
0 163
0 166
0 174
0 175
0 178
0 179
0 181
0 182
0 189
0 190
0 192
0 193
0 196
1 2
1 3
1 8
1 9
1 10
1 16
1 24
1 26
1 27
1 30
1 31
1 32
1 39
1 40
1 42
1 49
1 52
1 57
1 58
1 63
1 65
1 67
1 79
1 83
1 84
1 85
1 87
1 89
1 93
1 97
1 98
1 108
1 121
1 124
1 125
1 130
1 132
1 133
1 134
1 148
1 151
1 152
1 155
1 158
1 164
1 165
1 167
1 168
1 170
1 172
1 176
1 185
1 186
1 187
1 195
1 199
2 5
2 7
2 13
2 14
2 17
2 18
2 21
2 22
2 23
2 25
2 28
2 29
2 34
2 36
2 41
2 46
2 47
2 50
2 55
2 56
2 60
2 62
2 64
2 66
2 69
2 70
2 74
2 81
2 86
2 88
2 90
2 91
2 92
2 94
2 96
2 102
2 104
2 106
2 107
2 109
2 112
2 113
2 118
2 119
2 120
2 122
2 126
2 127
2 128
2 129
2 131
2 135
2 137
2 138
2 144
2 145
2 146
2 147
2 153
2 159
2 160
2 161
2 162
2 169
2 171
2 173
2 177
2 180
2 183
2 184
2 188
2 191
2 194
2 197
2 198
