0 5
0 8
0 21
0 27
0 31
0 36
0 39
0 41
0 42
0 58
0 67
0 84
0 86
0 87
0 96
0 121
0 123
0 124
0 132
0 133
0 148
0 151
0 155
0 167
0 185
0 186
0 187
1 1
1 6
1 11
1 20
1 32
1 33
1 35
1 37
1 38
1 43
1 44
1 45
1 48
1 51
1 53
1 59
1 68
1 71
1 72
1 73
1 76
1 77
1 82
1 93
1 97
1 99
1 103
1 111
1 115
1 116
1 136
1 139
1 143
1 150
1 154
1 156
1 163
1 175
1 178
1 179
1 181
1 189
1 190
1 193
1 196
2 10
2 12
2 13
2 17
2 22
2 23
2 25
2 28
2 29
2 34
2 46
2 47
2 55
2 63
2 64
2 70
2 74
2 81
2 88
2 90
2 91
2 102
2 106
2 107
2 109
2 112
2 117
2 119
2 120
2 122
2 126
2 127
2 129
2 131
2 135
2 138
2 144
2 145
2 146
2 147
2 149
2 153
2 159
2 160
2 161
2 173
2 180
2 183
2 188
2 191
2 194
2 197
2 198
3 0
3 2
3 4
3 15
3 19
3 24
3 26
3 30
3 49
3 54
3 61
3 75
3 78
3 79
3 80
3 85
3 89
3 95
3 100
3 101
3 105
3 108
3 110
3 114
3 125
3 130
3 140
3 141
3 142
3 157
3 164
3 165
3 166
3 170
3 174
3 176
3 182
3 192
3 195
4 3
4 7
4 9
4 14
4 16
4 18
4 40
4 50
4 52
4 56
4 57
4 60
4 62
4 65
4 66
4 69
4 83
4 92
4 94
4 98
4 104
4 113
4 118
4 128
4 134
4 137
4 152
4 158
4 162
4 168
4 169
4 171
4 172
4 177
4 184
4 199
