0 3
0 7
0 9
0 14
0 16
0 40
0 52
0 57
0 62
0 63
0 65
0 69
0 83
0 92
0 94
0 98
0 104
0 118
0 128
0 132
0 134
0 152
0 158
0 162
0 168
0 169
0 172
0 177
0 184
0 199
1 2
1 8
1 15
1 24
1 26
1 30
1 31
1 39
1 49
1 58
1 67
1 79
1 84
1 85
1 87
1 89
1 93
1 100
1 108
1 110
1 121
1 123
1 124
1 125
1 130
1 133
1 148
1 155
1 164
1 165
1 166
1 167
1 170
1 176
1 185
1 186
1 195
2 5
2 10
2 18
2 21
2 23
2 25
2 27
2 32
2 36
2 41
2 42
2 55
2 56
2 86
2 90
2 91
2 96
2 102
2 106
2 109
2 122
2 126
2 135
2 144
2 147
2 151
2 159
2 161
2 180
2 187
3 0
3 4
3 11
3 19
3 33
3 54
3 61
3 71
3 72
3 73
3 75
3 76
3 77
3 78
3 80
3 95
3 101
3 105
3 114
3 115
3 140
3 141
3 142
3 143
3 157
3 174
3 175
3 178
3 182
3 189
3 190
3 192
3 193
3 196
4 13
4 17
4 22
4 28
4 29
4 34
4 46
4 47
4 50
4 60
4 64
4 66
4 70
4 74
4 81
4 88
4 107
4 112
4 113
4 119
4 120
4 127
4 129
4 131
4 137
4 138
4 145
4 146
4 153
4 160
4 171
4 173
4 183
4 188
4 191
4 194
4 197
4 198
5 1
5 6
5 12
5 20
5 35
5 37
5 38
5 43
5 44
5 45
5 48
5 51
5 53
5 59
5 68
5 82
5 97
5 99
5 103
5 111
5 116
5 117
5 136
5 139
5 149
5 150
5 154
5 156
5 163
5 179
5 181
