0 8
0 15
0 24
0 26
0 31
0 39
0 58
0 67
0 79
0 84
0 85
0 87
0 121
0 133
0 148
0 155
0 167
0 170
0 185
0 186
0 195
1 13
1 17
1 22
1 28
1 29
1 34
1 46
1 47
1 50
1 60
1 64
1 66
1 70
1 74
1 81
1 88
1 107
1 112
1 113
1 119
1 120
1 127
1 129
1 131
1 137
1 138
1 145
1 146
1 153
1 160
1 171
1 173
1 183
1 188
1 191
1 194
1 197
1 198
2 30
2 32
2 35
2 38
2 42
2 43
2 44
2 45
2 48
2 51
2 53
2 93
2 95
2 97
2 99
2 103
2 109
2 116
2 122
2 123
2 124
2 136
2 139
2 150
2 154
2 156
2 163
2 166
3 7
3 9
3 16
3 27
3 40
3 52
3 57
3 62
3 63
3 65
3 69
3 83
3 92
3 94
3 98
3 104
3 118
3 132
3 134
3 152
3 158
3 168
3 172
3 177
3 184
3 199
4 0
4 1
4 6
4 11
4 12
4 19
4 20
4 33
4 37
4 54
4 59
4 68
4 71
4 72
4 73
4 75
4 76
4 77
4 82
4 111
4 115
4 117
4 140
4 143
4 149
4 157
4 175
4 178
4 179
4 181
4 182
4 189
4 190
4 193
4 196
5 2
5 4
5 49
5 61
5 78
5 80
5 89
5 100
5 101
5 105
5 108
5 110
5 114
5 125
5 130
5 141
5 142
5 164
5 165
5 174
5 176
5 192
6 3
6 5
6 10
6 14
6 18
6 21
6 23
6 25
6 36
6 41
6 55
6 56
6 86
6 90
6 91
6 96
6 102
6 106
6 126
6 128
6 135
6 144
6 147
6 151
6 159
6 161
6 162
6 169
6 180
6 187
