0 0
0 1
0 11
0 19
0 33
0 71
0 72
0 73
0 75
0 76
0 77
0 80
0 82
0 111
0 143
0 175
0 179
0 182
0 189
0 190
0 193
0 196
1 3
1 5
1 10
1 14
1 18
1 21
1 23
1 25
1 36
1 41
1 55
1 56
1 86
1 90
1 91
1 96
1 102
1 106
1 109
1 122
1 126
1 128
1 135
1 144
1 147
1 151
1 159
1 161
1 162
1 169
1 180
1 187
2 8
2 24
2 31
2 39
2 58
2 67
2 79
2 84
2 85
2 87
2 89
2 110
2 121
2 133
2 148
2 155
2 167
2 170
2 176
2 185
2 186
2 195
3 2
3 4
3 49
3 54
3 61
3 78
3 100
3 101
3 105
3 108
3 114
3 125
3 130
3 140
3 141
3 142
3 157
3 164
3 165
3 174
3 192
4 6
4 12
4 20
4 37
4 53
4 59
4 68
4 81
4 117
4 145
4 149
4 160
4 177
4 178
4 181
5 7
5 9
5 16
5 26
5 27
5 40
5 52
5 57
5 62
5 63
5 65
5 69
5 83
5 92
5 94
5 98
5 104
5 118
5 132
5 134
5 152
5 158
5 168
5 172
5 184
5 199
6 15
6 30
6 32
6 35
6 38
6 42
6 43
6 44
6 45
6 48
6 51
6 93
6 95
6 97
6 99
6 103
6 115
6 116
6 123
6 124
6 136
6 139
6 150
6 154
6 156
6 163
6 166
7 13
7 17
7 22
7 28
7 29
7 34
7 46
7 47
7 50
7 60
7 64
7 66
7 70
7 74
7 88
7 107
7 112
7 113
7 119
7 120
7 127
7 129
7 131
7 137
7 138
7 146
7 153
7 171
7 173
7 183
7 188
7 191
7 194
7 197
7 198
