0 16
0 22
0 39
0 49
0 51
0 59
0 72
0 78
0 84
0 92
0 93
0 95
0 96
0 113
0 118
0 126
0 140
0 144
0 155
0 163
0 177
0 191
0 196
0 197
0 205
0 210
0 216
0 225
0 250
0 252
0 272
0 277
0 280
0 284
0 294
0 318
0 322
0 325
0 330
0 353
0 355
0 360
0 376
0 383
0 393
1 1
1 2
1 19
1 20
1 41
1 46
1 54
1 58
1 82
1 85
1 94
1 120
1 136
1 150
1 171
1 174
1 202
1 204
1 223
1 228
1 229
1 243
1 244
1 255
1 273
1 278
1 279
1 300
1 304
1 313
1 316
1 326
1 342
1 354
1 363
2 57
2 61
2 62
2 63
2 64
2 75
2 76
2 107
2 117
2 129
2 147
2 183
2 200
2 208
2 219
2 234
2 247
2 259
2 269
2 275
2 309
2 337
2 338
2 344
2 348
2 352
2 361
2 373
2 399
3 14
3 30
3 38
3 40
3 73
3 97
3 105
3 121
3 125
3 132
3 146
3 157
3 170
3 209
3 222
3 231
3 293
3 296
3 327
3 329
3 347
4 8
4 70
4 102
4 127
4 128
4 139
4 165
4 188
4 203
4 270
4 271
4 315
4 339
4 343
4 389
4 395
5 5
5 24
5 28
5 29
5 33
5 35
5 44
5 47
5 50
5 60
5 67
5 74
5 83
5 104
5 108
5 110
5 111
5 115
5 122
5 131
5 138
5 149
5 151
5 158
5 160
5 164
5 169
5 178
5 180
5 181
5 187
5 192
5 206
5 212
5 213
5 217
5 221
5 235
5 246
5 263
5 266
5 276
5 282
5 286
5 295
5 308
5 312
5 317
5 321
5 331
5 332
5 350
5 356
5 358
5 369
5 370
5 390
5 391
5 398
6 21
6 34
6 37
6 52
6 68
6 69
6 103
6 156
6 159
6 182
6 215
6 226
6 237
6 238
6 241
6 257
6 265
6 268
6 291
6 301
6 311
6 320
6 324
6 365
6 386
6 388
7 0
7 4
7 11
7 12
7 25
7 43
7 55
7 98
7 99
7 100
7 106
7 114
7 130
7 133
7 141
7 145
7 154
7 190
7 193
7 195
7 198
7 201
7 220
7 224
7 227
7 230
7 232
7 236
7 242
7 245
7 264
7 299
7 307
7 314
7 323
7 333
7 345
7 351
7 359
7 368
7 372
7 379
7 382
7 387
7 392
7 394
8 7
8 18
8 23
8 66
8 90
8 101
8 135
8 168
8 172
8 173
8 176
8 179
8 194
8 211
8 233
8 240
8 248
8 298
8 302
8 340
8 346
8 366
8 380
8 385
8 396
9 6
9 27
9 32
9 45
9 53
9 80
9 81
9 89
9 112
9 137
9 142
9 143
9 153
9 161
9 199
9 207
9 218
9 249
9 251
9 310
9 335
9 364
9 371
9 374
9 377
10 15
10 36
10 71
10 77
10 91
10 116
10 119
10 123
10 152
10 162
10 167
10 189
10 239
10 256
10 267
10 285
10 287
10 288
10 289
10 303
10 375
10 381
11 3
11 9
11 10
11 13
11 17
11 26
11 31
11 42
11 48
11 56
11 65
11 79
11 86
11 87
11 88
11 109
11 124
11 134
11 148
11 166
11 175
11 184
11 185
11 186
11 214
11 253
11 254
11 258
11 260
11 261
11 262
11 274
11 281
11 283
11 290
11 292
11 297
11 305
11 306
11 319
11 328
11 334
11 336
11 341
11 349
11 357
11 362
11 367
11 378
11 384
11 397
