0 16
0 22
0 39
0 44
0 49
0 55
0 59
0 78
0 84
0 92
0 93
0 95
0 96
0 108
0 113
0 115
0 118
0 126
0 140
0 144
0 151
0 155
0 160
0 163
0 164
0 177
0 191
0 192
0 196
0 197
0 205
0 210
0 216
0 225
0 250
0 263
0 266
0 277
0 280
0 284
0 294
0 318
0 321
0 322
0 325
0 330
0 353
0 355
0 356
0 376
0 383
0 393
1 15
1 23
1 36
1 71
1 75
1 80
1 91
1 112
1 116
1 119
1 123
1 137
1 142
1 147
1 152
1 183
1 234
1 239
1 249
1 256
1 267
1 285
1 287
1 289
1 335
1 364
1 371
1 375
1 377
1 380
1 381
2 20
2 37
2 61
2 62
2 68
2 69
2 85
2 120
2 215
2 237
2 238
2 241
2 265
2 269
2 275
2 291
2 311
2 324
2 337
2 386
2 388
3 4
3 10
3 12
3 17
3 26
3 72
3 98
3 100
3 109
3 124
3 134
3 145
3 148
3 175
3 190
3 214
3 230
3 232
3 253
3 258
3 281
3 305
3 319
3 334
3 336
3 357
3 379
4 0
4 11
4 25
4 43
4 94
4 99
4 106
4 110
4 114
4 130
4 133
4 141
4 149
4 154
4 193
4 195
4 198
4 201
4 217
4 220
4 224
4 227
4 229
4 236
4 242
4 245
4 264
4 299
4 307
4 312
4 314
4 323
4 333
4 351
4 359
4 368
4 372
4 382
4 387
4 392
4 394
5 70
5 103
5 127
5 139
5 156
5 268
5 315
5 343
5 365
5 389
5 395
6 7
6 18
6 21
6 34
6 52
6 66
6 90
6 101
6 135
6 159
6 168
6 172
6 173
6 176
6 179
6 182
6 194
6 211
6 226
6 233
6 240
6 248
6 257
6 259
6 298
6 301
6 302
6 320
6 340
6 346
6 366
6 385
6 396
7 1
7 2
7 19
7 41
7 46
7 54
7 57
7 58
7 63
7 64
7 82
7 136
7 150
7 171
7 174
7 181
7 200
7 202
7 204
7 223
7 228
7 243
7 244
7 247
7 255
7 273
7 279
7 300
7 304
7 313
7 326
7 338
7 342
7 363
8 5
8 24
8 28
8 33
8 35
8 47
8 50
8 60
8 67
8 74
8 76
8 79
8 83
8 104
8 107
8 111
8 117
8 122
8 129
8 131
8 138
8 158
8 169
8 178
8 186
8 187
8 206
8 208
8 212
8 213
8 219
8 221
8 235
8 246
8 276
8 282
8 292
8 295
8 308
8 309
8 317
8 331
8 332
8 344
8 348
8 350
8 352
8 358
8 361
8 369
8 370
8 373
8 378
8 390
8 391
8 398
8 399
9 8
9 102
9 125
9 128
9 165
9 188
9 203
9 270
9 271
9 278
9 316
9 327
9 339
9 354
10 6
10 27
10 29
10 32
10 45
10 51
10 53
10 81
10 89
10 143
10 153
10 161
10 180
10 199
10 207
10 218
10 251
10 252
10 272
10 286
10 310
10 360
10 374
11 3
11 9
11 13
11 31
11 42
11 48
11 56
11 65
11 77
11 86
11 87
11 88
11 162
11 166
11 167
11 184
11 185
11 189
11 254
11 260
11 261
11 262
11 274
11 283
11 288
11 290
11 297
11 303
11 306
11 328
11 341
11 349
11 362
11 367
11 384
11 397
12 14
12 30
12 38
12 40
12 73
12 97
12 105
12 121
12 132
12 146
12 157
12 170
12 209
12 222
12 231
12 293
12 296
12 329
12 345
12 347
