0 70
0 127
0 139
0 165
0 203
0 271
0 315
0 343
0 389
0 395
1 5
1 28
1 47
1 50
1 60
1 67
1 74
1 79
1 83
1 104
1 107
1 111
1 122
1 131
1 138
1 158
1 169
1 178
1 186
1 187
1 192
1 206
1 208
1 212
1 219
1 235
1 276
1 282
1 286
1 292
1 295
1 308
1 317
1 319
1 331
1 332
1 334
1 350
1 352
1 358
1 370
1 373
1 378
1 379
1 391
1 398
2 21
2 34
2 37
2 52
2 62
2 68
2 69
2 103
2 156
2 159
2 182
2 215
2 226
2 237
2 238
2 241
2 265
2 268
2 269
2 275
2 291
2 301
2 311
2 320
2 324
2 337
2 365
2 386
2 388
3 29
3 32
3 45
3 51
3 53
3 81
3 89
3 95
3 140
3 143
3 153
3 161
3 180
3 207
3 252
3 272
3 274
3 360
4 38
4 73
4 97
4 105
4 125
4 157
4 188
4 209
4 222
4 293
4 327
4 329
4 339
5 35
5 43
5 44
5 99
5 106
5 108
5 110
5 115
5 130
5 149
5 154
5 160
5 164
5 193
5 195
5 213
5 217
5 220
5 245
5 263
5 266
5 312
5 314
5 321
5 351
5 356
5 369
6 6
6 23
6 24
6 33
6 76
6 117
6 129
6 221
6 246
6 249
6 259
6 309
6 340
6 348
6 361
6 374
6 390
6 399
7 8
7 20
7 85
7 102
7 120
7 128
7 174
7 228
7 270
7 278
7 316
7 326
7 354
8 3
8 9
8 13
8 17
8 26
8 31
8 42
8 48
8 56
8 65
8 77
8 86
8 87
8 88
8 124
8 148
8 166
8 167
8 175
8 184
8 185
8 189
8 214
8 254
8 258
8 260
8 261
8 262
8 283
8 288
8 290
8 297
8 303
8 305
8 306
8 328
8 336
8 341
8 349
8 357
8 362
8 367
8 384
8 397
9 7
9 18
9 66
9 90
9 101
9 135
9 168
9 172
9 173
9 176
9 179
9 194
9 211
9 233
9 240
9 248
9 257
9 298
9 302
9 346
9 366
9 380
9 385
9 396
10 0
10 11
10 14
10 30
10 40
10 94
10 114
10 121
10 132
10 146
10 170
10 198
10 229
10 231
10 264
10 296
10 299
10 307
10 323
10 345
10 347
10 359
10 392
10 394
11 10
11 39
11 55
11 72
11 109
11 134
11 144
11 177
11 205
11 250
11 253
11 280
11 281
11 294
11 353
12 15
12 27
12 36
12 71
12 75
12 80
12 91
12 112
12 116
12 119
12 123
12 137
12 142
12 147
12 152
12 162
12 183
12 199
12 218
12 234
12 239
12 251
12 256
12 267
12 285
12 287
12 289
12 310
12 335
12 344
12 364
12 371
12 375
12 377
12 381
13 1
13 2
13 19
13 41
13 46
13 54
13 57
13 58
13 61
13 63
13 64
13 82
13 136
13 150
13 171
13 181
13 200
13 202
13 204
13 223
13 243
13 244
13 247
13 255
13 273
13 279
13 300
13 304
13 313
13 338
13 342
13 363
14 4
14 12
14 25
14 98
14 100
14 133
14 141
14 145
14 190
14 201
14 224
14 227
14 230
14 232
14 236
14 242
14 333
14 368
14 372
14 382
14 387
15 16
15 22
15 49
15 59
15 78
15 84
15 92
15 93
15 96
15 113
15 118
15 126
15 151
15 155
15 163
15 191
15 196
15 197
15 210
15 216
15 225
15 277
15 284
15 318
15 322
15 325
15 330
15 355
15 376
15 383
15 393
