0 5
0 28
0 35
0 44
0 47
0 60
0 74
0 83
0 104
0 107
0 108
0 110
0 113
0 115
0 122
0 138
0 149
0 151
0 160
0 164
0 178
0 192
0 195
0 208
0 219
0 235
0 263
0 266
0 276
0 295
0 312
0 321
0 331
0 332
0 350
0 352
0 356
0 358
0 369
0 370
0 373
1 21
1 34
1 52
1 70
1 159
1 176
1 182
1 226
1 233
1 238
1 248
1 257
1 291
1 301
1 311
1 320
1 346
2 4
2 12
2 25
2 43
2 55
2 98
2 106
2 133
2 141
2 145
2 190
2 201
2 224
2 227
2 230
2 232
2 236
2 242
2 314
2 333
2 368
2 372
2 382
2 387
3 15
3 36
3 71
3 75
3 80
3 91
3 112
3 116
3 119
3 123
3 142
3 147
3 152
3 162
3 167
3 183
3 189
3 234
3 239
3 256
3 267
3 285
3 287
3 288
3 289
3 303
3 335
3 344
3 371
3 375
3 377
3 381
4 14
4 30
4 38
4 40
4 73
4 97
4 105
4 121
4 125
4 132
4 146
4 157
4 209
4 222
4 293
4 296
4 327
4 329
5 19
5 94
5 120
5 174
5 181
5 213
5 217
5 229
5 231
5 244
5 245
5 304
5 326
5 342
6 1
6 2
6 20
6 41
6 46
6 54
6 58
6 82
6 85
6 136
6 150
6 171
6 202
6 204
6 223
6 228
6 243
6 255
6 273
6 278
6 279
6 300
6 313
6 354
6 363
7 29
7 32
7 45
7 51
7 53
7 89
7 95
7 140
7 143
7 153
7 161
7 180
7 207
7 252
7 272
7 274
7 360
8 7
8 18
8 23
8 66
8 90
8 101
8 135
8 168
8 172
8 173
8 179
8 194
8 211
8 240
8 298
8 340
8 366
8 380
8 385
8 396
9 3
9 10
9 48
9 50
9 56
9 65
9 79
9 87
9 100
9 109
9 111
9 124
9 131
9 158
9 169
9 175
9 185
9 186
9 187
9 206
9 212
9 253
9 258
9 281
9 283
9 292
9 305
9 308
9 317
9 319
9 328
9 334
9 349
9 362
9 378
9 379
9 391
9 398
10 16
10 22
10 39
10 49
10 59
10 72
10 78
10 84
10 92
10 93
10 96
10 118
10 126
10 144
10 155
10 163
10 177
10 191
10 196
10 197
10 205
10 210
10 216
10 225
10 250
10 277
10 280
10 284
10 294
10 318
10 322
10 325
10 330
10 353
10 355
10 376
10 383
10 393
11 9
11 13
11 17
11 26
11 31
11 42
11 77
11 86
11 88
11 134
11 148
11 166
11 184
11 214
11 254
11 260
11 261
11 262
11 290
11 297
11 306
11 336
11 341
11 357
11 367
11 384
11 397
12 8
12 102
12 103
12 127
12 128
12 139
12 156
12 268
12 270
12 315
12 316
12 343
12 365
12 389
12 395
13 37
13 57
13 61
13 62
13 63
13 64
13 68
13 69
13 200
13 215
13 237
13 241
13 247
13 265
13 269
13 275
13 302
13 324
13 337
13 338
13 386
13 388
14 6
14 27
14 67
14 81
14 137
14 199
14 218
14 251
14 282
14 286
14 310
14 364
14 374
14 390
15 165
15 188
15 203
15 271
15 339
16 24
16 33
16 76
16 117
16 129
16 221
16 246
16 249
16 259
16 309
16 348
16 361
16 399
17 0
17 11
17 99
17 114
17 130
17 154
17 170
17 193
17 198
17 220
17 264
17 299
17 307
17 323
17 345
17 347
17 351
17 359
17 392
17 394
