0 70
0 139
0 165
0 203
0 271
1 43
1 44
1 55
1 99
1 106
1 108
1 110
1 115
1 149
1 154
1 160
1 164
1 193
1 195
1 217
1 263
1 266
1 312
1 314
1 321
1 351
1 353
1 356
2 3
2 9
2 48
2 56
2 65
2 86
2 87
2 162
2 166
2 167
2 175
2 185
2 262
2 283
2 288
2 292
2 328
2 349
2 362
2 397
3 21
3 34
3 37
3 52
3 68
3 69
3 159
3 182
3 215
3 226
3 237
3 238
3 241
3 265
3 269
3 291
3 301
3 311
3 320
3 324
3 337
3 386
3 388
4 71
4 75
4 91
4 116
4 119
4 123
4 147
4 152
4 183
4 234
4 239
4 256
4 267
4 285
4 287
4 289
4 344
4 375
5 0
5 11
5 14
5 40
5 94
5 121
5 130
5 132
5 146
5 170
5 198
5 220
5 229
5 231
5 245
5 264
5 296
5 307
5 323
5 345
5 347
5 359
5 392
5 394
6 29
6 32
6 45
6 51
6 53
6 89
6 140
6 143
6 153
6 161
6 180
6 207
6 252
6 272
6 360
7 1
7 20
7 82
7 85
7 120
7 136
7 150
7 174
7 228
7 278
7 304
7 316
7 326
7 354
7 363
8 6
8 23
8 24
8 33
8 76
8 117
8 129
8 221
8 246
8 249
8 259
8 309
8 340
8 361
8 399
9 30
9 38
9 73
9 97
9 105
9 125
9 157
9 188
9 209
9 222
9 293
9 327
9 329
9 339
10 13
10 31
10 42
10 77
10 88
10 184
10 189
10 254
10 260
10 261
10 274
10 290
10 297
10 303
10 306
10 341
10 367
10 384
11 7
11 18
11 66
11 90
11 101
11 135
11 168
11 172
11 173
11 176
11 179
11 194
11 211
11 233
11 240
11 248
11 257
11 298
11 302
11 346
11 366
11 380
11 385
11 396
12 28
12 50
12 60
12 74
12 79
12 100
12 111
12 131
12 158
12 169
12 178
12 186
12 187
12 206
12 212
12 308
12 317
12 319
12 334
12 378
12 379
12 391
12 398
13 5
13 35
13 47
13 62
13 67
13 83
13 104
13 107
13 122
13 138
13 151
13 192
13 208
13 213
13 219
13 235
13 275
13 276
13 282
13 286
13 295
13 331
13 332
13 348
13 350
13 352
13 358
13 369
13 370
13 373
13 390
14 4
14 12
14 25
14 98
14 114
14 133
14 141
14 145
14 190
14 201
14 224
14 227
14 230
14 232
14 236
14 242
14 299
14 333
14 368
14 372
14 382
14 387
15 15
15 27
15 36
15 80
15 81
15 112
15 137
15 142
15 199
15 218
15 251
15 310
15 335
15 364
15 371
15 374
15 377
15 381
16 8
16 102
16 103
16 127
16 128
16 156
16 268
16 270
16 315
16 343
16 365
16 389
16 395
17 10
17 17
17 26
17 72
17 109
17 124
17 134
17 148
17 214
17 253
17 258
17 281
17 305
17 336
17 357
18 16
18 22
18 39
18 49
18 59
18 78
18 84
18 92
18 93
18 95
18 96
18 113
18 118
18 126
18 144
18 155
18 163
18 177
18 191
18 196
18 197
18 205
18 210
18 216
18 225
18 250
18 277
18 280
18 284
18 294
18 318
18 322
18 325
18 330
18 355
18 376
18 383
18 393
19 2
19 19
19 41
19 46
19 54
19 57
19 58
19 61
19 63
19 64
19 171
19 181
19 200
19 202
19 204
19 223
19 243
19 244
19 247
19 255
19 273
19 279
19 300
19 313
19 338
19 342
