0 1
0 2
0 7
0 8
0 14
0 18
0 20
0 21
0 30
0 34
0 37
0 38
0 40
0 41
0 46
0 52
0 54
0 58
0 61
0 63
0 64
0 66
0 68
0 69
0 70
0 73
0 82
0 85
0 90
0 97
0 99
0 101
0 102
0 103
0 105
0 108
0 110
0 120
0 121
0 125
0 127
0 128
0 132
0 136
0 139
0 146
0 150
0 156
0 157
0 159
0 164
0 165
0 168
0 170
0 172
0 173
0 174
0 176
0 179
0 182
0 188
0 193
0 194
0 198
0 202
0 203
0 209
0 211
0 213
0 217
0 219
0 222
0 223
0 226
0 228
0 231
0 233
0 235
0 237
0 238
0 240
0 241
0 243
0 247
0 248
0 255
0 257
0 265
0 268
0 269
0 270
0 271
0 275
0 278
0 279
0 291
0 293
0 296
0 298
0 300
0 301
0 302
0 307
0 311
0 313
0 315
0 316
0 320
0 324
0 326
0 327
0 329
0 337
0 339
0 340
0 342
0 343
0 346
0 351
0 352
0 354
0 363
0 365
0 366
0 385
0 386
0 388
0 389
0 395
0 396
1 3
1 5
1 6
1 9
1 10
1 13
1 15
1 17
1 23
1 26
1 27
1 28
1 29
1 31
1 32
1 36
1 42
1 45
1 47
1 48
1 50
1 53
1 56
1 60
1 65
1 67
1 71
1 74
1 75
1 77
1 79
1 80
1 81
1 83
1 86
1 87
1 88
1 89
1 91
1 104
1 107
1 109
1 111
1 112
1 116
1 119
1 122
1 123
1 124
1 131
1 134
1 135
1 137
1 138
1 142
1 143
1 147
1 148
1 151
1 152
1 153
1 158
1 161
1 162
1 166
1 167
1 169
1 175
1 178
1 180
1 183
1 184
1 185
1 186
1 187
1 189
1 192
1 199
1 204
1 206
1 207
1 208
1 212
1 214
1 218
1 234
1 239
1 249
1 251
1 254
1 256
1 258
1 259
1 260
1 261
1 262
1 267
1 273
1 274
1 276
1 282
1 283
1 285
1 286
1 287
1 288
1 289
1 290
1 292
1 295
1 297
1 303
1 305
1 306
1 308
1 310
1 317
1 319
1 328
1 331
1 332
1 334
1 335
1 336
1 341
1 344
1 348
1 349
1 357
1 358
1 360
1 361
1 362
1 364
1 367
1 370
1 371
1 373
1 374
1 375
1 377
1 378
1 380
1 381
1 384
1 390
1 391
1 397
1 398
2 0
2 4
2 11
2 12
2 16
2 19
2 22
2 24
2 25
2 33
2 35
2 39
2 43
2 44
2 49
2 51
2 55
2 57
2 59
2 62
2 72
2 76
2 78
2 84
2 92
2 93
2 94
2 95
2 96
2 98
2 100
2 106
2 113
2 114
2 115
2 117
2 118
2 126
2 129
2 130
2 133
2 140
2 141
2 144
2 145
2 149
2 154
2 155
2 160
2 163
2 171
2 177
2 181
2 190
2 191
2 195
2 196
2 197
2 200
2 201
2 205
2 210
2 215
2 216
2 220
2 221
2 224
2 225
2 227
2 229
2 230
2 232
2 236
2 242
2 244
2 245
2 246
2 250
2 252
2 253
2 263
2 264
2 266
2 272
2 277
2 280
2 281
2 284
2 294
2 299
2 304
2 309
2 312
2 314
2 318
2 321
2 322
2 323
2 325
2 330
2 333
2 338
2 345
2 347
2 350
2 353
2 355
2 356
2 359
2 368
2 369
2 372
2 376
2 379
2 382
2 383
2 387
2 392
2 393
2 394
2 399
