0 0
0 1
0 2
0 4
0 11
0 12
0 14
0 19
0 20
0 25
0 28
0 30
0 40
0 41
0 43
0 46
0 54
0 58
0 69
0 82
0 85
0 94
0 99
0 100
0 114
0 120
0 121
0 130
0 131
0 132
0 133
0 136
0 141
0 145
0 146
0 150
0 154
0 160
0 170
0 171
0 174
0 181
0 190
0 193
0 198
0 201
0 202
0 204
0 209
0 215
0 217
0 220
0 223
0 224
0 227
0 229
0 230
0 231
0 232
0 236
0 242
0 243
0 244
0 245
0 255
0 264
0 273
0 279
0 296
0 299
0 300
0 304
0 307
0 313
0 323
0 324
0 326
0 329
0 333
0 342
0 345
0 347
0 351
0 356
0 359
0 363
0 368
0 372
0 379
0 382
0 387
0 392
0 394
1 7
1 18
1 21
1 23
1 34
1 37
1 52
1 57
1 61
1 62
1 63
1 64
1 66
1 68
1 76
1 90
1 101
1 135
1 159
1 168
1 172
1 173
1 176
1 179
1 182
1 194
1 200
1 211
1 226
1 228
1 233
1 237
1 238
1 240
1 241
1 247
1 248
1 257
1 259
1 265
1 269
1 291
1 298
1 301
1 302
1 311
1 320
1 337
1 340
1 346
1 366
1 380
1 385
1 386
1 388
1 396
2 3
2 5
2 6
2 9
2 10
2 13
2 15
2 17
2 26
2 27
2 31
2 32
2 36
2 42
2 45
2 47
2 48
2 50
2 53
2 56
2 60
2 65
2 67
2 71
2 74
2 75
2 77
2 79
2 80
2 81
2 86
2 87
2 88
2 89
2 91
2 104
2 109
2 111
2 112
2 116
2 119
2 122
2 123
2 124
2 134
2 137
2 138
2 142
2 143
2 147
2 148
2 152
2 153
2 158
2 161
2 162
2 166
2 167
2 169
2 175
2 178
2 180
2 183
2 184
2 185
2 186
2 187
2 189
2 192
2 199
2 206
2 207
2 212
2 214
2 218
2 234
2 239
2 249
2 251
2 254
2 256
2 258
2 260
2 261
2 262
2 267
2 274
2 276
2 282
2 283
2 285
2 286
2 287
2 288
2 289
2 290
2 292
2 295
2 297
2 303
2 305
2 306
2 308
2 310
2 317
2 319
2 328
2 331
2 334
2 335
2 336
2 341
2 344
2 349
2 357
2 358
2 360
2 361
2 362
2 364
2 367
2 371
2 374
2 375
2 377
2 378
2 381
2 384
2 391
2 397
2 398
3 16
3 22
3 24
3 29
3 33
3 35
3 39
3 44
3 49
3 51
3 55
3 59
3 72
3 78
3 83
3 84
3 92
3 93
3 95
3 96
3 98
3 106
3 107
3 108
3 110
3 113
3 115
3 117
3 118
3 126
3 129
3 140
3 144
3 149
3 151
3 155
3 163
3 164
3 177
3 191
3 195
3 196
3 197
3 205
3 208
3 210
3 213
3 216
3 219
3 221
3 225
3 235
3 246
3 250
3 252
3 253
3 263
3 266
3 272
3 275
3 277
3 280
3 281
3 284
3 294
3 309
3 312
3 314
3 318
3 321
3 322
3 325
3 330
3 332
3 338
3 348
3 350
3 352
3 353
3 355
3 369
3 370
3 373
3 376
3 383
3 390
3 393
3 399
4 8
4 38
4 70
4 73
4 97
4 102
4 103
4 105
4 125
4 127
4 128
4 139
4 156
4 157
4 165
4 188
4 203
4 222
4 268
4 270
4 271
4 278
4 293
4 315
4 316
4 327
4 339
4 343
4 354
4 365
4 389
4 395
