0 3
0 9
0 10
0 13
0 17
0 26
0 31
0 42
0 48
0 56
0 65
0 77
0 79
0 86
0 87
0 88
0 109
0 124
0 134
0 148
0 166
0 175
0 184
0 185
0 186
0 214
0 253
0 254
0 258
0 260
0 261
0 262
0 274
0 281
0 283
0 288
0 290
0 292
0 297
0 305
0 306
0 308
0 319
0 328
0 334
0 336
0 341
0 349
0 357
0 362
0 367
0 378
0 379
0 384
0 397
0 398
1 16
1 22
1 29
1 39
1 45
1 49
1 51
1 53
1 55
1 59
1 72
1 78
1 84
1 92
1 93
1 95
1 96
1 113
1 115
1 118
1 126
1 140
1 143
1 144
1 151
1 155
1 160
1 163
1 177
1 180
1 191
1 192
1 196
1 197
1 205
1 207
1 210
1 216
1 225
1 250
1 252
1 263
1 266
1 272
1 277
1 280
1 284
1 294
1 318
1 322
1 325
1 330
1 353
1 355
1 356
1 360
1 376
1 383
1 393
2 1
2 2
2 19
2 20
2 41
2 46
2 54
2 57
2 58
2 63
2 69
2 82
2 85
2 120
2 136
2 150
2 171
2 174
2 200
2 202
2 204
2 223
2 228
2 243
2 244
2 247
2 255
2 273
2 278
2 279
2 300
2 304
2 313
2 326
2 342
2 354
2 363
3 0
3 4
3 11
3 12
3 14
3 25
3 30
3 40
3 43
3 94
3 98
3 99
3 100
3 106
3 114
3 121
3 130
3 132
3 133
3 141
3 145
3 146
3 154
3 170
3 190
3 193
3 195
3 198
3 201
3 209
3 217
3 220
3 224
3 227
3 229
3 230
3 231
3 232
3 236
3 242
3 245
3 264
3 296
3 299
3 307
3 314
3 323
3 324
3 329
3 333
3 345
3 347
3 351
3 359
3 368
3 372
3 382
3 387
3 392
3 394
4 5
4 24
4 28
4 33
4 35
4 44
4 47
4 50
4 60
4 61
4 64
4 67
4 74
4 75
4 76
4 83
4 104
4 107
4 108
4 110
4 111
4 117
4 122
4 129
4 131
4 138
4 147
4 149
4 158
4 164
4 169
4 178
4 181
4 187
4 206
4 208
4 212
4 213
4 215
4 219
4 221
4 234
4 235
4 246
4 275
4 276
4 282
4 286
4 295
4 309
4 312
4 317
4 321
4 331
4 332
4 337
4 338
4 344
4 348
4 350
4 352
4 358
4 361
4 369
4 370
4 373
4 390
4 391
4 399
5 8
5 38
5 70
5 73
5 97
5 102
5 103
5 105
5 125
5 127
5 128
5 139
5 156
5 157
5 165
5 188
5 203
5 222
5 268
5 270
5 271
5 293
5 315
5 316
5 327
5 339
5 343
5 365
5 389
5 395
6 7
6 18
6 21
6 23
6 34
6 37
6 52
6 62
6 66
6 68
6 90
6 101
6 135
6 159
6 168
6 172
6 173
6 176
6 179
6 182
6 194
6 211
6 226
6 233
6 237
6 238
6 240
6 241
6 248
6 257
6 259
6 265
6 269
6 291
6 298
6 301
6 302
6 311
6 320
6 340
6 346
6 366
6 380
6 385
6 386
6 388
6 396
7 6
7 15
7 27
7 32
7 36
7 71
7 80
7 81
7 89
7 91
7 112
7 116
7 119
7 123
7 137
7 142
7 152
7 153
7 161
7 162
7 167
7 183
7 189
7 199
7 218
7 239
7 249
7 251
7 256
7 267
7 285
7 287
7 289
7 303
7 310
7 335
7 364
7 371
7 374
7 375
7 377
7 381
