0 7
0 18
0 21
0 34
0 37
0 52
0 62
0 66
0 68
0 90
0 101
0 135
0 159
0 168
0 172
0 173
0 176
0 179
0 182
0 194
0 211
0 226
0 233
0 237
0 238
0 240
0 248
0 257
0 259
0 265
0 269
0 291
0 298
0 301
0 302
0 311
0 320
0 340
0 346
0 366
0 380
0 385
0 386
0 388
0 396
1 0
1 4
1 11
1 12
1 25
1 43
1 55
1 94
1 98
1 99
1 100
1 106
1 114
1 130
1 133
1 141
1 145
1 154
1 170
1 190
1 193
1 195
1 198
1 201
1 217
1 220
1 224
1 227
1 230
1 232
1 236
1 242
1 245
1 264
1 299
1 307
1 314
1 323
1 333
1 345
1 347
1 351
1 359
1 368
1 372
1 379
1 382
1 387
1 392
1 394
2 8
2 70
2 102
2 103
2 127
2 128
2 139
2 156
2 165
2 203
2 268
2 270
2 271
2 315
2 343
2 365
2 389
2 395
3 6
3 15
3 23
3 27
3 36
3 71
3 75
3 80
3 81
3 91
3 112
3 116
3 119
3 123
3 137
3 142
3 147
3 152
3 153
3 162
3 167
3 183
3 199
3 218
3 234
3 239
3 249
3 251
3 256
3 267
3 285
3 287
3 289
3 310
3 335
3 344
3 361
3 364
3 371
3 374
3 375
3 377
3 381
4 3
4 9
4 10
4 13
4 17
4 26
4 31
4 32
4 42
4 48
4 56
4 65
4 77
4 86
4 87
4 88
4 89
4 109
4 124
4 134
4 143
4 148
4 161
4 166
4 175
4 184
4 185
4 189
4 214
4 253
4 254
4 258
4 260
4 261
4 262
4 274
4 281
4 283
4 288
4 290
4 292
4 297
4 303
4 305
4 306
4 319
4 328
4 336
4 341
4 349
4 357
4 362
4 367
4 384
4 397
5 5
5 24
5 28
5 33
5 35
5 44
5 47
5 50
5 60
5 67
5 74
5 76
5 79
5 83
5 104
5 107
5 108
5 110
5 111
5 115
5 117
5 122
5 129
5 131
5 138
5 149
5 158
5 160
5 164
5 169
5 178
5 186
5 187
5 206
5 208
5 212
5 219
5 221
5 235
5 246
5 263
5 266
5 275
5 276
5 282
5 286
5 295
5 308
5 309
5 312
5 317
5 321
5 331
5 332
5 334
5 348
5 350
5 352
5 356
5 358
5 369
5 370
5 373
5 378
5 390
5 391
5 398
5 399
6 1
6 2
6 19
6 20
6 41
6 46
6 54
6 57
6 58
6 61
6 63
6 64
6 69
6 82
6 85
6 120
6 136
6 150
6 171
6 174
6 181
6 200
6 202
6 204
6 213
6 215
6 223
6 228
6 229
6 241
6 243
6 244
6 247
6 255
6 273
6 278
6 279
6 300
6 304
6 313
6 324
6 326
6 337
6 338
6 342
6 354
6 363
7 14
7 30
7 38
7 40
7 73
7 97
7 105
7 121
7 125
7 132
7 146
7 157
7 188
7 209
7 222
7 231
7 293
7 296
7 316
7 327
7 329
7 339
8 16
8 22
8 29
8 39
8 45
8 49
8 51
8 53
8 59
8 72
8 78
8 84
8 92
8 93
8 95
8 96
8 113
8 118
8 126
8 140
8 144
8 151
8 155
8 163
8 177
8 180
8 191
8 192
8 196
8 197
8 205
8 207
8 210
8 216
8 225
8 250
8 252
8 272
8 277
8 280
8 284
8 294
8 318
8 322
8 325
8 330
8 353
8 355
8 360
8 376
8 383
8 393
