0 24
0 49
0 58
0 79
0 84
0 87
0 89
0 108
0 125
0 130
0 155
0 164
0 170
0 176
0 192
0 195
1 10
1 26
1 27
1 54
1 63
1 97
1 98
1 109
1 117
1 121
1 132
1 142
1 161
1 177
1 187
2 8
2 31
2 39
2 42
2 67
2 123
2 124
2 133
2 148
2 150
2 167
2 185
2 186
3 12
3 22
3 25
3 28
3 29
3 34
3 46
3 47
3 64
3 70
3 74
3 81
3 88
3 107
3 112
3 119
3 127
3 129
3 138
3 145
3 146
3 149
3 153
3 160
3 173
3 183
3 194
3 197
3 198
4 6
4 11
4 20
4 33
4 37
4 71
4 72
4 73
4 76
4 77
4 115
4 143
4 175
4 178
4 179
4 181
4 182
4 190
4 193
4 196
5 13
5 14
5 17
5 50
5 52
5 60
5 62
5 66
5 69
5 92
5 94
5 104
5 113
5 118
5 120
5 131
5 137
5 162
5 168
5 171
5 184
5 188
5 191
6 0
6 2
6 4
6 15
6 19
6 30
6 61
6 75
6 78
6 80
6 85
6 95
6 100
6 101
6 105
6 110
6 114
6 140
6 141
6 157
6 165
6 166
6 174
6 189
7 5
7 18
7 21
7 23
7 36
7 41
7 55
7 56
7 86
7 90
7 91
7 96
7 102
7 106
7 122
7 126
7 135
7 144
7 147
7 151
7 159
7 180
8 3
8 7
8 9
8 16
8 40
8 57
8 65
8 83
8 128
8 134
8 152
8 158
8 169
8 172
8 199
9 1
9 32
9 35
9 38
9 43
9 44
9 45
9 48
9 51
9 53
9 59
9 68
9 82
9 93
9 99
9 103
9 111
9 116
9 136
9 139
9 154
9 156
9 163
