0 0
0 75
0 78
0 80
0 100
0 101
0 105
0 110
0 114
0 141
0 174
0 189
1 3
1 9
1 16
1 40
1 57
1 58
1 65
1 83
1 134
1 148
1 152
1 172
1 199
2 22
2 25
2 29
2 34
2 47
2 64
2 70
2 81
2 88
2 107
2 112
2 119
2 127
2 138
2 146
2 153
2 160
2 173
2 183
2 198
3 1
3 20
3 35
3 38
3 45
3 48
3 51
3 53
3 59
3 68
3 82
3 103
3 116
3 136
3 139
3 149
3 156
4 10
4 26
4 27
4 63
4 92
4 97
4 106
4 109
4 132
4 158
4 168
5 13
5 17
5 28
5 46
5 50
5 74
5 113
5 120
5 129
5 131
5 137
5 147
5 171
5 191
5 194
5 197
6 4
6 6
6 12
6 52
6 54
6 98
6 108
6 117
6 130
6 140
6 142
6 145
6 177
6 192
7 5
7 18
7 21
7 23
7 32
7 36
7 41
7 55
7 56
7 86
7 90
7 91
7 96
7 102
7 122
7 126
7 135
7 144
7 151
7 159
7 161
7 180
7 187
8 7
8 14
8 60
8 62
8 66
8 69
8 94
8 104
8 118
8 128
8 162
8 169
8 184
8 188
9 8
9 24
9 31
9 49
9 79
9 84
9 87
9 89
9 125
9 133
9 164
9 170
9 176
9 195
10 11
10 19
10 33
10 37
10 71
10 72
10 73
10 76
10 77
10 111
10 115
10 143
10 157
10 175
10 178
10 179
10 181
10 182
10 190
10 193
10 196
11 2
11 15
11 30
11 39
11 42
11 43
11 44
11 61
11 67
11 85
11 93
11 95
11 99
11 121
11 123
11 124
11 150
11 154
11 155
11 163
11 165
11 166
11 167
11 185
11 186
