0 4
0 6
0 12
0 52
0 54
0 98
0 108
0 117
0 130
0 140
0 142
0 145
0 177
0 192
1 7
1 14
1 60
1 62
1 66
1 69
1 94
1 104
1 118
1 162
1 169
1 184
1 188
2 3
2 18
2 21
2 36
2 41
2 55
2 56
2 86
2 96
2 126
2 128
2 135
2 151
2 187
3 0
3 11
3 19
3 33
3 72
3 75
3 76
3 77
3 111
3 115
3 143
3 179
3 189
3 190
3 193
3 196
4 2
4 15
4 30
4 61
4 78
4 80
4 85
4 95
4 100
4 101
4 105
4 110
4 114
4 141
4 157
4 164
4 165
4 166
4 174
4 195
5 13
5 17
5 46
5 50
5 74
5 113
5 120
5 129
5 131
5 137
5 147
5 171
5 191
5 197
6 22
6 28
6 29
6 34
6 47
6 64
6 70
6 81
6 88
6 107
6 112
6 119
6 127
6 138
6 146
6 153
6 160
6 173
6 183
6 194
6 198
7 5
7 10
7 23
7 25
7 26
7 27
7 63
7 90
7 91
7 92
7 97
7 102
7 106
7 109
7 122
7 132
7 144
7 159
7 161
7 168
7 180
8 9
8 16
8 40
8 57
8 65
8 83
8 134
8 152
8 158
8 172
8 199
9 1
9 32
9 35
9 38
9 42
9 43
9 44
9 45
9 48
9 51
9 53
9 68
9 93
9 99
9 103
9 116
9 123
9 124
9 136
9 139
9 150
9 154
9 156
9 163
10 8
10 24
10 31
10 39
10 58
10 67
10 84
10 121
10 133
10 148
10 155
10 167
10 170
10 185
10 186
11 20
11 37
11 59
11 71
11 73
11 82
11 149
11 175
11 178
11 181
11 182
12 49
12 79
12 87
12 89
12 125
12 176
