0 24
0 49
0 58
0 79
0 84
0 89
0 155
0 170
0 176
1 8
1 27
1 31
1 67
1 87
1 97
1 121
1 132
1 133
1 148
1 186
1 187
2 28
2 29
2 34
2 46
2 64
2 107
2 112
2 129
2 138
2 149
2 160
2 183
2 194
2 197
2 198
3 10
3 12
3 22
3 23
3 25
3 47
3 63
3 70
3 74
3 81
3 88
3 90
3 91
3 102
3 109
3 119
3 127
3 144
3 145
3 146
3 153
3 159
3 161
3 173
4 9
4 16
4 52
4 57
4 62
4 65
4 69
4 83
4 92
4 94
4 98
4 104
4 118
4 152
4 158
4 168
4 172
4 177
4 184
5 11
5 20
5 33
5 37
5 71
5 72
5 73
5 76
5 77
5 115
5 143
5 175
5 178
5 179
5 181
5 182
5 190
5 193
5 196
6 78
6 100
6 101
6 105
6 114
6 164
6 195
7 0
7 2
7 15
7 19
7 30
7 39
7 61
7 75
7 80
7 85
7 95
7 110
7 123
7 141
7 157
7 165
7 166
7 174
7 185
7 189
8 1
8 35
8 38
8 45
8 48
8 51
8 53
8 59
8 68
8 82
8 103
8 111
8 136
8 139
8 154
9 4
9 6
9 26
9 54
9 108
9 117
9 125
9 130
9 140
9 142
9 192
10 32
10 42
10 43
10 44
10 93
10 99
10 116
10 124
10 150
10 156
10 163
10 167
11 3
11 7
11 40
11 128
11 134
11 169
11 199
12 13
12 14
12 17
12 50
12 60
12 66
12 113
12 120
12 131
12 137
12 162
12 171
12 188
12 191
13 5
13 18
13 21
13 36
13 41
13 55
13 56
13 86
13 96
13 106
13 122
13 126
13 135
13 147
13 151
13 180
