0 28
0 29
0 46
0 112
0 138
0 194
1 4
1 26
1 49
1 54
1 79
1 108
1 125
1 130
1 140
1 142
1 192
2 0
2 2
2 11
2 15
2 19
2 30
2 61
2 75
2 85
2 95
2 141
2 157
2 165
2 166
2 174
2 182
2 189
3 3
3 56
3 83
3 92
3 128
3 168
3 169
3 180
4 10
4 23
4 25
4 27
4 47
4 55
4 74
4 90
4 91
4 102
4 106
4 109
4 132
4 144
4 146
4 159
4 161
5 32
5 38
5 43
5 48
5 51
5 99
5 103
5 116
5 122
5 136
5 139
5 156
6 8
6 24
6 39
6 58
6 67
6 84
6 155
6 170
6 185
7 7
7 14
7 50
7 60
7 62
7 66
7 69
7 94
7 104
7 118
7 158
7 172
7 184
7 188
8 1
8 33
8 35
8 44
8 45
8 53
8 59
8 68
8 82
8 111
8 143
8 154
8 163
8 179
8 190
8 196
9 5
9 18
9 21
9 36
9 41
9 42
9 86
9 96
9 126
9 135
9 147
9 151
10 31
10 93
10 97
10 121
10 123
10 124
10 133
10 148
10 150
10 167
10 186
10 187
11 13
11 17
11 113
11 120
11 129
11 131
11 137
11 162
11 171
11 191
11 197
12 6
12 20
12 37
12 71
12 72
12 73
12 76
12 77
12 115
12 175
12 178
12 181
12 193
13 78
13 80
13 100
13 101
13 105
13 110
13 114
13 164
13 195
14 12
14 52
14 63
14 98
14 117
14 177
15 89
15 176
16 9
16 16
16 40
16 57
16 65
16 87
16 134
16 152
16 199
17 22
17 34
17 64
17 70
17 81
17 88
17 107
17 119
17 127
17 145
17 149
17 153
17 160
17 173
17 183
17 198
