0 1
0 33
0 35
0 45
0 53
0 68
0 82
0 111
0 143
0 154
0 163
0 179
0 190
0 196
1 2
1 4
1 26
1 30
1 61
1 85
1 108
1 125
1 130
1 140
1 157
1 165
1 166
1 174
1 192
2 60
2 120
2 137
2 153
2 162
2 173
2 188
2 191
3 40
3 134
3 199
4 10
4 23
4 25
4 27
4 90
4 91
4 97
4 102
4 106
4 109
4 122
4 132
4 144
4 159
4 161
4 187
5 9
5 16
5 52
5 57
5 63
5 65
5 92
5 94
5 98
5 152
5 158
5 168
5 177
6 0
6 11
6 19
6 75
6 80
6 95
6 110
6 189
7 22
7 34
7 47
7 59
7 64
7 70
7 74
7 81
7 88
7 107
7 119
7 127
7 145
7 146
7 149
7 160
7 183
7 198
8 6
8 20
8 37
8 71
8 72
8 73
8 76
8 77
8 115
8 175
8 178
8 181
8 182
8 193
9 31
9 49
9 58
9 79
9 84
9 87
9 133
9 148
9 155
10 3
10 83
10 128
10 169
11 13
11 17
11 28
11 29
11 46
11 112
11 113
11 129
11 131
11 138
11 194
11 197
12 12
12 54
12 117
12 142
13 32
13 38
13 42
13 43
13 44
13 48
13 51
13 93
13 99
13 103
13 116
13 136
13 139
13 150
13 156
14 7
14 14
14 50
14 62
14 66
14 69
14 104
14 118
14 171
14 172
14 184
15 78
15 100
15 101
15 105
15 114
15 141
15 164
16 24
16 89
16 170
16 176
16 195
17 5
17 18
17 21
17 36
17 41
17 55
17 56
17 86
17 96
17 126
17 135
17 147
17 151
17 180
18 8
18 15
18 39
18 67
18 121
18 123
18 124
18 167
18 185
18 186
