0 3
0 5
0 7
0 9
0 10
0 14
0 16
0 21
0 27
0 32
0 36
0 40
0 41
0 52
0 56
0 57
0 62
0 63
0 65
0 69
0 83
0 86
0 92
0 94
0 96
0 97
0 98
0 104
0 106
0 109
0 118
0 122
0 128
0 132
0 134
0 135
0 151
0 152
0 158
0 161
0 162
0 168
0 169
0 172
0 177
0 180
0 184
0 187
0 199
1 0
1 1
1 4
1 6
1 11
1 12
1 19
1 20
1 33
1 35
1 37
1 38
1 43
1 44
1 45
1 48
1 51
1 53
1 54
1 59
1 68
1 71
1 72
1 73
1 75
1 76
1 77
1 82
1 95
1 99
1 103
1 111
1 115
1 116
1 117
1 136
1 139
1 140
1 142
1 143
1 149
1 154
1 156
1 157
1 175
1 178
1 179
1 181
1 182
1 189
1 190
1 193
1 196
2 13
2 17
2 18
2 22
2 23
2 25
2 28
2 29
2 34
2 46
2 47
2 50
2 55
2 60
2 64
2 66
2 70
2 74
2 81
2 88
2 90
2 91
2 102
2 107
2 112
2 113
2 119
2 120
2 126
2 127
2 129
2 131
2 137
2 138
2 144
2 145
2 146
2 147
2 153
2 159
2 160
2 171
2 173
2 183
2 188
2 191
2 194
2 197
2 198
3 2
3 8
3 15
3 24
3 26
3 30
3 31
3 39
3 42
3 49
3 58
3 61
3 67
3 78
3 79
3 80
3 84
3 85
3 87
3 89
3 93
3 100
3 101
3 105
3 108
3 110
3 114
3 121
3 123
3 124
3 125
3 130
3 133
3 141
3 148
3 150
3 155
3 163
3 164
3 165
3 166
3 167
3 170
3 174
3 176
3 185
3 186
3 192
3 195
