0 12
0 13
0 17
0 22
0 28
0 29
0 34
0 46
0 60
0 64
0 70
0 74
0 81
0 88
0 107
0 112
0 113
0 119
0 120
0 127
0 129
0 131
0 137
0 138
0 145
0 146
0 149
0 153
0 160
0 173
0 183
0 188
0 191
0 194
0 197
0 198
1 0
1 2
1 4
1 15
1 19
1 26
1 30
1 39
1 54
1 61
1 75
1 78
1 80
1 85
1 95
1 100
1 101
1 105
1 108
1 110
1 114
1 123
1 125
1 130
1 140
1 141
1 142
1 157
1 164
1 165
1 166
1 174
1 192
1 195
2 1
2 32
2 35
2 38
2 42
2 43
2 44
2 45
2 48
2 51
2 53
2 59
2 68
2 82
2 93
2 99
2 103
2 111
2 116
2 124
2 136
2 139
2 150
2 154
2 156
2 163
2 167
3 8
3 24
3 31
3 49
3 58
3 67
3 79
3 84
3 87
3 89
3 133
3 148
3 155
3 170
3 176
3 185
3 186
4 5
4 10
4 18
4 21
4 23
4 25
4 27
4 36
4 41
4 47
4 55
4 56
4 63
4 86
4 90
4 91
4 96
4 97
4 102
4 106
4 109
4 117
4 121
4 122
4 126
4 132
4 135
4 144
4 147
4 151
4 159
4 161
4 180
4 187
5 6
5 11
5 20
5 33
5 37
5 71
5 72
5 73
5 76
5 77
5 115
5 143
5 175
5 178
5 179
5 181
5 182
5 189
5 190
5 193
5 196
6 3
6 7
6 9
6 14
6 16
6 40
6 50
6 52
6 57
6 62
6 65
6 66
6 69
6 83
6 92
6 94
6 98
6 104
6 118
6 128
6 134
6 152
6 158
6 162
6 168
6 169
6 171
6 172
6 177
6 184
6 199
