0 24
0 39
0 67
0 75
0 78
0 80
0 89
0 100
0 101
0 105
0 110
0 114
0 123
0 141
0 164
0 170
0 185
0 195
1 5
1 10
1 18
1 21
1 23
1 27
1 36
1 41
1 42
1 55
1 56
1 86
1 90
1 91
1 96
1 102
1 106
1 109
1 122
1 126
1 132
1 135
1 144
1 147
1 151
1 159
1 180
1 187
2 1
2 32
2 33
2 35
2 38
2 43
2 44
2 45
2 48
2 51
2 53
2 59
2 68
2 71
2 73
2 82
2 93
2 97
2 99
2 103
2 111
2 116
2 124
2 136
2 139
2 143
2 150
2 154
2 156
2 163
2 167
2 175
2 179
2 190
2 196
3 3
3 7
3 9
3 14
3 16
3 40
3 50
3 52
3 57
3 62
3 65
3 66
3 69
3 83
3 92
3 94
3 104
3 118
3 128
3 134
3 152
3 158
3 168
3 169
3 172
3 184
3 199
4 13
4 17
4 28
4 29
4 46
4 60
4 112
4 113
4 120
4 129
4 131
4 137
4 138
4 162
4 171
4 191
4 194
4 197
5 0
5 2
5 4
5 6
5 11
5 15
5 19
5 20
5 30
5 37
5 54
5 61
5 72
5 76
5 77
5 85
5 95
5 115
5 140
5 157
5 165
5 166
5 174
5 178
5 181
5 182
5 189
5 193
6 8
6 26
6 31
6 49
6 58
6 79
6 84
6 87
6 108
6 121
6 125
6 130
6 133
6 142
6 148
6 155
6 176
6 186
6 192
7 12
7 22
7 25
7 34
7 47
7 63
7 64
7 70
7 74
7 81
7 88
7 98
7 107
7 117
7 119
7 127
7 145
7 146
7 149
7 153
7 160
7 161
7 173
7 177
7 183
7 188
7 198
