0 5
0 10
0 18
0 21
0 23
0 25
0 27
0 36
0 41
0 56
0 86
0 90
0 91
0 96
0 102
0 106
0 109
0 122
0 126
0 135
0 144
0 151
0 159
0 161
0 180
0 187
1 22
1 28
1 29
1 34
1 46
1 47
1 64
1 70
1 74
1 81
1 88
1 107
1 112
1 119
1 127
1 138
1 146
1 153
1 160
1 173
1 183
1 188
1 194
1 197
1 198
2 0
2 2
2 15
2 30
2 61
2 75
2 78
2 80
2 85
2 95
2 100
2 101
2 105
2 110
2 114
2 141
2 157
2 164
2 165
2 166
2 174
3 13
3 14
3 17
3 50
3 55
3 60
3 66
3 113
3 120
3 128
3 129
3 131
3 137
3 147
3 162
3 169
3 171
3 191
4 11
4 19
4 20
4 33
4 37
4 71
4 72
4 73
4 76
4 77
4 82
4 143
4 149
4 175
4 178
4 181
4 182
4 189
4 190
4 193
4 196
5 1
5 32
5 35
5 38
5 42
5 43
5 44
5 45
5 48
5 51
5 53
5 59
5 68
5 93
5 97
5 99
5 103
5 111
5 115
5 116
5 123
5 124
5 136
5 139
5 150
5 154
5 156
5 163
5 179
6 8
6 24
6 31
6 39
6 58
6 67
6 79
6 84
6 87
6 89
6 121
6 133
6 148
6 155
6 167
6 170
6 176
6 185
6 186
6 195
7 3
7 7
7 9
7 16
7 40
7 57
7 62
7 65
7 69
7 83
7 92
7 94
7 104
7 118
7 132
7 134
7 152
7 158
7 168
7 172
7 184
7 199
8 4
8 6
8 12
8 26
8 49
8 52
8 54
8 63
8 98
8 108
8 117
8 125
8 130
8 140
8 142
8 145
8 177
8 192
