0 2
0 24
0 37
0 43
0 47
0 51
0 71
0 91
0 102
0 105
0 107
0 117
0 133
0 135
0 138
0 143
0 155
0 160
0 166
0 178
0 185
0 192
1 4
1 20
1 25
1 44
1 95
1 103
1 145
1 161
1 177
1 180
1 187
1 189
2 1
2 6
2 9
2 10
2 14
2 15
2 19
2 22
2 23
2 27
2 29
2 30
2 31
2 38
2 41
2 48
2 52
2 54
2 56
2 57
2 59
2 60
2 61
2 62
2 63
2 64
2 65
2 68
2 70
2 72
2 73
2 74
2 81
2 84
2 88
2 90
2 94
2 101
2 108
2 109
2 111
2 118
2 127
2 129
2 136
2 139
2 144
2 149
2 150
2 156
2 157
2 159
2 163
2 168
2 173
2 175
2 181
2 183
2 188
2 194
2 197
2 198
2 199
3 13
3 21
3 34
3 36
3 42
3 46
3 53
3 66
3 67
3 77
3 83
3 99
3 110
3 114
3 119
3 120
3 122
3 124
3 140
3 141
3 146
3 151
3 153
3 158
3 165
3 184
3 193
4 33
4 35
4 78
4 87
4 92
4 125
4 126
4 148
4 162
4 170
4 172
4 186
5 7
5 8
5 49
5 76
5 80
5 93
5 96
5 137
5 164
5 174
5 176
5 182
6 0
6 17
6 18
6 50
6 86
6 89
6 104
6 112
6 121
6 123
6 147
6 152
6 169
6 171
6 179
7 26
7 32
7 45
7 58
7 75
7 85
7 98
7 115
7 116
7 130
7 132
7 134
7 142
7 167
7 191
7 195
8 3
8 11
8 12
8 16
8 28
8 40
8 79
8 113
8 131
8 154
8 190
9 5
9 39
9 55
9 69
9 82
9 97
9 100
9 106
9 128
9 196
