0 23
0 40
0 45
0 58
0 75
0 85
0 98
0 115
0 116
0 130
0 134
0 142
0 167
0 191
0 194
0 207
0 230
0 249
0 253
0 279
0 301
0 358
1 33
1 86
1 87
1 92
1 104
1 121
1 122
1 123
1 125
1 162
1 169
1 170
1 179
1 193
1 234
1 240
1 243
1 244
1 248
1 257
1 261
1 274
1 314
1 322
1 325
1 329
1 336
1 337
1 340
1 342
1 343
1 351
1 361
1 398
2 7
2 8
2 9
2 21
2 49
2 67
2 76
2 77
2 84
2 93
2 94
2 96
2 99
2 137
2 141
2 146
2 174
2 176
2 190
2 198
2 200
2 204
2 222
2 231
2 236
2 238
2 252
2 258
2 264
2 266
2 273
2 286
2 288
2 291
2 302
2 317
2 330
2 332
2 341
2 364
2 371
2 377
2 383
3 3
3 15
3 28
3 32
3 59
3 79
3 82
3 97
3 108
3 113
3 131
3 132
3 149
3 154
3 182
3 202
3 214
3 216
3 217
3 235
3 272
3 305
3 319
3 359
3 375
3 379
3 380
3 384
4 37
4 43
4 44
4 47
4 71
4 105
4 107
4 135
4 138
4 160
4 161
4 177
4 187
4 247
4 277
4 298
4 334
4 386
5 0
5 50
5 69
5 112
5 147
5 208
5 221
5 280
5 311
5 333
5 362
5 385
5 394
6 13
6 36
6 46
6 53
6 57
6 70
6 83
6 119
6 120
6 158
6 159
6 165
6 168
6 184
6 242
6 255
6 283
6 328
6 349
6 350
6 381
7 1
7 6
7 10
7 19
7 27
7 29
7 31
7 42
7 54
7 61
7 65
7 68
7 73
7 74
7 101
7 111
7 114
7 118
7 139
7 140
7 144
7 150
7 163
7 173
7 175
7 188
7 197
7 215
7 220
7 226
7 251
7 260
7 276
7 282
7 289
7 290
7 299
7 304
7 313
7 315
7 316
7 335
7 344
7 352
7 353
7 365
7 369
7 382
7 396
8 2
8 11
8 12
8 14
8 16
8 22
8 24
8 30
8 35
8 38
8 41
8 48
8 51
8 52
8 56
8 60
8 62
8 63
8 64
8 72
8 80
8 88
8 89
8 90
8 91
8 102
8 109
8 117
8 124
8 126
8 129
8 133
8 148
8 153
8 155
8 156
8 157
8 164
8 166
8 178
8 185
8 186
8 192
8 195
8 199
8 201
8 203
8 205
8 206
8 211
8 212
8 213
8 219
8 223
8 224
8 225
8 237
8 239
8 256
8 259
8 262
8 265
8 269
8 271
8 275
8 278
8 281
8 285
8 287
8 292
8 294
8 296
8 297
8 300
8 303
8 312
8 321
8 324
8 326
8 327
8 338
8 345
8 346
8 348
8 354
8 355
8 357
8 363
8 366
8 367
8 370
8 372
8 373
8 374
8 378
8 387
8 388
8 389
8 391
8 395
8 397
8 399
9 4
9 5
9 17
9 18
9 20
9 25
9 26
9 55
9 78
9 95
9 100
9 103
9 143
9 145
9 152
9 171
9 172
9 180
9 181
9 183
9 189
9 196
9 209
9 210
9 218
9 227
9 228
9 232
9 233
9 241
9 263
9 267
9 268
9 284
9 295
9 307
9 308
9 309
9 310
9 320
9 323
9 331
9 347
9 356
9 360
9 368
9 376
9 390
9 392
10 34
10 39
10 66
10 81
10 106
10 110
10 127
10 128
10 136
10 151
10 229
10 245
10 246
10 250
10 254
10 270
10 293
10 306
10 318
10 339
10 393
