0 23
0 26
0 32
0 55
0 75
0 108
0 115
0 116
0 129
0 132
0 149
0 167
0 191
0 195
1 4
1 20
1 25
1 44
1 95
1 103
1 145
1 161
1 177
1 187
1 189
2 5
2 69
2 82
2 97
2 100
2 106
2 128
2 196
3 7
3 76
3 93
3 96
3 164
3 174
3 176
3 182
4 13
4 42
4 53
4 65
4 73
4 83
4 114
4 122
4 140
4 158
4 175
4 184
4 193
4 197
5 0
5 17
5 18
5 50
5 86
5 89
5 104
5 112
5 121
5 123
5 147
5 152
5 169
5 171
5 179
6 45
6 58
6 85
6 98
6 130
6 134
6 142
7 3
7 11
7 12
7 16
7 28
7 40
7 79
7 113
7 131
7 154
7 190
8 21
8 39
8 66
8 80
8 124
8 141
8 146
9 24
9 33
9 35
9 37
9 78
9 87
9 91
9 92
9 102
9 105
9 107
9 125
9 126
9 133
9 135
9 143
9 148
9 155
9 160
9 162
9 166
9 170
9 172
9 178
9 180
9 186
10 8
10 49
10 137
11 34
11 36
11 46
11 67
11 77
11 99
11 110
11 119
11 120
11 151
11 153
11 165
12 1
12 2
12 6
12 9
12 10
12 14
12 15
12 19
12 22
12 27
12 29
12 30
12 31
12 38
12 41
12 43
12 47
12 48
12 51
12 52
12 54
12 56
12 57
12 59
12 60
12 61
12 62
12 63
12 64
12 68
12 70
12 71
12 72
12 74
12 81
12 84
12 88
12 90
12 94
12 101
12 109
12 111
12 117
12 118
12 127
12 136
12 138
12 139
12 144
12 150
12 156
12 157
12 159
12 163
12 168
12 173
12 181
12 183
12 185
12 188
12 192
12 194
12 198
12 199
