0 8
0 76
0 82
0 97
0 108
0 131
0 149
0 182
0 190
0 200
0 206
0 229
0 235
0 238
0 252
0 272
0 273
0 286
0 288
0 294
0 305
0 341
0 375
0 379
0 383
0 387
1 5
1 25
1 26
1 40
1 55
1 100
1 116
1 145
1 167
1 194
1 210
1 227
1 232
1 263
1 267
1 268
1 284
1 295
1 307
1 323
1 331
1 347
2 20
2 44
2 47
2 71
2 103
2 105
2 107
2 135
2 138
2 160
2 161
2 177
2 187
2 247
2 277
2 298
2 334
2 386
3 1
3 6
3 10
3 19
3 22
3 27
3 29
3 30
3 31
3 42
3 54
3 61
3 65
3 68
3 73
3 74
3 90
3 101
3 111
3 114
3 118
3 139
3 144
3 150
3 163
3 173
3 175
3 188
3 197
3 215
3 219
3 220
3 226
3 251
3 260
3 276
3 282
3 289
3 290
3 299
3 304
3 313
3 315
3 316
3 327
3 335
3 344
3 352
3 353
3 365
3 369
3 382
3 396
4 33
4 86
4 87
4 92
4 104
4 121
4 123
4 125
4 162
4 169
4 170
4 179
4 240
4 243
4 244
4 248
4 257
4 261
4 274
4 314
4 322
4 325
4 337
4 340
4 342
4 343
4 351
4 398
5 66
5 250
5 293
5 306
5 393
6 13
6 53
6 57
6 70
6 119
6 158
6 159
6 168
6 184
6 242
6 255
6 283
6 328
6 349
6 350
6 381
7 3
7 32
7 59
7 79
7 113
7 132
7 154
7 202
7 216
7 249
7 319
7 359
7 384
8 0
8 147
8 208
8 221
8 280
8 311
8 333
8 394
9 2
9 11
9 12
9 14
9 16
9 24
9 35
9 36
9 38
9 41
9 43
9 48
9 51
9 52
9 56
9 60
9 62
9 63
9 72
9 80
9 88
9 89
9 91
9 95
9 102
9 117
9 124
9 126
9 129
9 133
9 148
9 153
9 155
9 156
9 166
9 178
9 183
9 185
9 186
9 192
9 195
9 199
9 201
9 203
9 205
9 209
9 211
9 212
9 213
9 218
9 223
9 224
9 225
9 228
9 237
9 239
9 256
9 259
9 262
9 265
9 269
9 271
9 275
9 278
9 285
9 287
9 292
9 296
9 297
9 300
9 303
9 321
9 324
9 326
9 338
9 345
9 346
9 348
9 354
9 355
9 356
9 357
9 360
9 363
9 366
9 367
9 370
9 372
9 373
9 374
9 376
9 378
9 388
9 389
9 391
9 397
9 399
10 15
10 28
10 39
10 69
10 106
10 127
10 128
10 136
10 214
10 217
10 245
10 362
10 380
11 9
11 21
11 67
11 77
11 84
11 94
11 99
11 141
11 146
11 165
11 198
11 222
11 231
11 236
11 258
11 270
11 291
11 317
11 330
11 332
11 339
11 364
11 371
11 377
12 4
12 17
12 18
12 37
12 50
12 78
12 112
12 143
12 152
12 171
12 172
12 180
12 181
12 189
12 196
12 233
12 241
12 308
12 309
12 310
12 320
12 368
12 385
12 390
12 392
13 23
13 45
13 58
13 75
13 85
13 98
13 115
13 130
13 134
13 142
13 191
13 207
13 230
13 253
13 279
13 301
13 358
14 7
14 49
14 64
14 93
14 96
14 109
14 137
14 157
14 164
14 174
14 176
14 204
14 264
14 266
14 281
14 302
14 312
14 395
15 34
15 46
15 81
15 83
15 110
15 120
15 122
15 140
15 151
15 193
15 234
15 246
15 254
15 318
15 329
15 336
15 361
