0 1
0 6
0 10
0 19
0 22
0 27
0 29
0 30
0 42
0 54
0 60
0 61
0 63
0 68
0 70
0 74
0 90
0 101
0 114
0 139
0 144
0 150
0 163
0 173
0 175
0 188
0 197
0 205
0 219
0 251
0 262
0 276
0 287
0 289
0 290
0 299
0 304
0 315
0 316
0 327
0 335
0 344
0 365
0 369
0 374
0 382
0 396
0 397
1 4
1 17
1 50
1 112
1 143
1 152
1 171
1 172
1 180
1 181
1 189
1 196
1 233
1 241
1 308
1 309
1 310
1 320
1 385
1 392
2 9
2 21
2 46
2 57
2 66
2 67
2 77
2 84
2 94
2 99
2 120
2 141
2 146
2 165
2 198
2 222
2 231
2 236
2 258
2 270
2 291
2 293
2 330
2 332
2 364
2 371
2 377
2 393
3 3
3 32
3 59
3 79
3 132
3 154
3 202
3 249
3 319
3 359
3 384
4 7
4 64
4 93
4 109
4 110
4 164
4 174
4 200
4 204
4 206
4 229
4 238
4 246
4 250
4 264
4 266
4 281
4 294
4 296
4 302
4 312
4 317
4 339
4 387
4 388
4 395
5 81
5 193
5 234
5 306
5 318
5 329
5 336
5 361
6 13
6 31
6 53
6 65
6 83
6 111
6 118
6 140
6 158
6 159
6 168
6 184
6 215
6 220
6 226
6 255
6 260
6 282
6 283
6 313
6 349
6 350
6 353
6 381
7 2
7 11
7 12
7 14
7 16
7 24
7 35
7 36
7 41
7 43
7 48
7 51
7 62
7 72
7 80
7 89
7 91
7 95
7 117
7 119
7 124
7 126
7 129
7 133
7 153
7 155
7 157
7 166
7 178
7 183
7 185
7 192
7 195
7 199
7 201
7 203
7 209
7 212
7 213
7 218
7 224
7 228
7 237
7 239
7 242
7 259
7 265
7 269
7 271
7 278
7 297
7 300
7 303
7 321
7 324
7 326
7 328
7 338
7 345
7 348
7 354
7 355
7 356
7 360
7 363
7 366
7 368
7 370
7 372
7 373
7 376
7 378
7 389
7 390
7 391
7 399
8 86
8 123
8 169
8 170
8 240
8 244
8 257
9 20
9 37
9 44
9 47
9 71
9 103
9 105
9 107
9 135
9 138
9 160
9 161
9 177
9 187
9 247
9 277
9 298
9 334
10 15
10 39
10 69
10 106
10 127
10 128
10 136
10 214
10 217
10 245
10 362
10 380
11 8
11 49
11 76
11 96
11 137
11 176
11 190
11 252
11 273
11 286
11 288
11 341
11 383
12 5
12 25
12 26
12 40
12 55
12 100
12 116
12 145
12 167
12 194
12 210
12 227
12 232
12 263
12 267
12 268
12 284
12 295
12 307
12 323
12 331
12 347
13 28
13 82
13 97
13 108
13 113
13 131
13 149
13 182
13 216
13 235
13 272
13 305
13 375
13 379
14 33
14 78
14 87
14 92
14 102
14 125
14 162
14 256
14 337
14 386
15 23
15 45
15 58
15 75
15 85
15 98
15 115
15 130
15 134
15 142
15 191
15 207
15 230
15 253
15 279
15 301
15 358
16 18
16 34
16 104
16 121
16 122
16 151
16 179
16 243
16 248
16 254
16 261
16 274
16 314
16 322
16 325
16 342
16 343
16 351
16 398
17 38
17 52
17 56
17 73
17 88
17 148
17 156
17 186
17 211
17 223
17 225
17 275
17 285
17 292
17 340
17 346
17 352
17 357
17 367
18 0
18 147
18 208
18 221
18 280
18 311
18 333
18 394
