0 5
0 69
0 100
0 106
0 128
0 196
1 1
1 6
1 10
1 19
1 22
1 27
1 29
1 30
1 31
1 54
1 60
1 61
1 63
1 68
1 70
1 74
1 90
1 101
1 111
1 118
1 139
1 144
1 150
1 159
1 163
1 173
1 188
2 0
2 17
2 18
2 50
2 147
2 152
2 171
3 4
3 20
3 44
3 95
3 103
3 145
3 161
3 177
3 187
3 189
4 25
4 26
4 32
4 45
4 55
4 98
4 116
4 132
4 142
4 167
4 191
4 195
5 7
5 76
5 80
5 93
5 96
5 164
5 174
5 176
6 3
6 11
6 12
6 16
6 40
6 79
6 154
6 190
7 24
7 35
7 37
7 91
7 92
7 105
7 107
7 133
7 135
7 143
7 155
7 160
7 166
7 172
7 178
7 180
8 28
8 39
8 82
8 97
8 108
8 113
8 131
8 149
8 182
9 58
9 85
9 130
9 134
10 121
10 122
10 151
10 170
10 179
11 8
11 49
11 137
12 13
12 42
12 53
12 65
12 73
12 83
12 114
12 140
12 158
12 175
12 184
12 193
12 197
13 36
13 46
13 67
13 77
13 119
13 120
13 153
13 165
14 86
14 89
14 104
14 112
14 123
14 169
15 21
15 66
15 99
15 124
15 141
15 146
16 33
16 78
16 87
16 125
16 126
16 148
16 162
16 186
17 2
17 9
17 14
17 38
17 41
17 43
17 47
17 51
17 52
17 56
17 57
17 59
17 62
17 64
17 71
17 72
17 81
17 84
17 88
17 94
17 102
17 117
17 129
17 138
17 157
17 168
17 181
17 183
17 185
17 192
17 194
17 198
17 199
18 15
18 34
18 48
18 109
18 110
18 127
18 136
18 156
19 23
19 75
19 115
