0 1
0 2
0 4
0 5
0 6
0 7
0 9
0 10
0 11
0 12
0 13
0 14
0 16
0 17
0 18
0 19
0 20
0 21
0 22
0 24
0 25
0 26
0 27
0 29
0 30
0 31
0 35
0 36
0 37
0 38
0 42
0 43
0 44
0 46
0 47
0 48
0 51
0 52
0 53
0 54
0 55
0 56
0 57
0 60
0 61
0 62
0 63
0 64
0 65
0 67
0 68
0 70
0 71
0 72
0 73
0 74
0 77
0 78
0 80
0 84
0 88
0 89
0 90
0 91
0 92
0 94
0 95
0 99
0 100
0 101
0 102
0 103
0 105
0 107
0 109
0 111
0 114
0 117
0 118
0 119
0 120
0 124
0 125
0 126
0 129
0 133
0 135
0 137
0 138
0 139
0 141
0 143
0 144
0 145
0 146
0 148
0 150
0 152
0 153
0 155
0 156
0 157
0 158
0 159
0 160
0 161
0 162
0 163
0 164
0 165
0 166
0 168
0 171
0 172
0 173
0 174
0 175
0 177
0 178
0 180
0 181
0 183
0 184
0 185
0 186
0 187
0 188
0 190
0 192
0 196
0 197
0 198
0 199
0 201
0 203
0 204
0 205
0 206
0 209
0 210
0 211
0 212
0 213
0 215
0 218
0 219
0 220
0 222
0 223
0 224
0 225
0 226
0 227
0 228
0 231
0 232
0 233
0 236
0 239
0 241
0 242
0 247
0 251
0 254
0 255
0 256
0 258
0 259
0 260
0 262
0 264
0 265
0 266
0 267
0 269
0 270
0 271
0 275
0 276
0 277
0 278
0 281
0 282
0 283
0 284
0 285
0 287
0 289
0 290
0 291
0 292
0 294
0 295
0 296
0 297
0 298
0 299
0 300
0 302
0 303
0 304
0 307
0 308
0 309
0 312
0 315
0 316
0 317
0 320
0 321
0 324
0 326
0 327
0 328
0 330
0 331
0 332
0 334
0 335
0 338
0 339
0 340
0 344
0 345
0 346
0 347
0 348
0 349
0 350
0 352
0 354
0 355
0 356
0 357
0 360
0 363
0 364
0 365
0 366
0 367
0 368
0 369
0 370
0 371
0 372
0 373
0 374
0 376
0 377
0 378
0 381
0 382
0 388
0 389
0 390
0 391
0 392
0 395
0 396
0 397
0 399
1 0
1 33
1 34
1 50
1 66
1 81
1 83
1 86
1 87
1 104
1 112
1 121
1 122
1 123
1 140
1 147
1 151
1 169
1 170
1 179
1 189
1 193
1 208
1 221
1 234
1 240
1 243
1 244
1 248
1 257
1 261
1 274
1 280
1 306
1 310
1 311
1 313
1 314
1 318
1 322
1 325
1 329
1 333
1 336
1 337
1 342
1 343
1 351
1 353
1 361
1 385
1 386
1 394
1 398
2 3
2 8
2 15
2 23
2 28
2 32
2 39
2 40
2 41
2 45
2 49
2 58
2 59
2 69
2 75
2 76
2 79
2 82
2 85
2 93
2 96
2 97
2 98
2 106
2 108
2 110
2 113
2 115
2 116
2 127
2 128
2 130
2 131
2 132
2 134
2 136
2 142
2 149
2 154
2 167
2 176
2 182
2 191
2 194
2 195
2 200
2 202
2 207
2 214
2 216
2 217
2 229
2 230
2 235
2 237
2 238
2 245
2 246
2 249
2 250
2 252
2 253
2 263
2 268
2 272
2 273
2 279
2 286
2 288
2 293
2 301
2 305
2 319
2 323
2 341
2 358
2 359
2 362
2 375
2 379
2 380
2 383
2 384
2 387
2 393
