0 7
0 8
0 9
0 11
0 16
0 21
0 39
0 49
0 64
0 66
0 67
0 72
0 76
0 77
0 80
0 84
0 93
0 94
0 96
0 97
0 99
0 106
0 108
0 109
0 110
0 119
0 124
0 131
0 137
0 141
0 146
0 149
0 153
0 157
0 164
0 165
0 174
0 176
0 182
0 190
0 198
0 199
0 200
0 204
0 206
0 222
0 229
0 231
0 235
0 236
0 238
0 246
0 250
0 252
0 258
0 264
0 266
0 269
0 270
0 271
0 273
0 281
0 286
0 288
0 291
0 293
0 294
0 296
0 302
0 305
0 312
0 317
0 324
0 328
0 330
0 332
0 338
0 339
0 341
0 354
0 364
0 367
0 371
0 372
0 377
0 383
0 387
0 388
0 393
0 395
0 399
1 2
1 4
1 17
1 20
1 24
1 25
1 35
1 37
1 38
1 43
1 44
1 47
1 51
1 55
1 71
1 78
1 87
1 89
1 91
1 92
1 102
1 103
1 105
1 107
1 117
1 125
1 133
1 135
1 138
1 143
1 145
1 155
1 160
1 161
1 162
1 166
1 171
1 172
1 177
1 178
1 180
1 183
1 185
1 186
1 187
1 189
1 192
1 201
1 203
1 209
1 210
1 212
1 213
1 218
1 224
1 227
1 228
1 232
1 233
1 240
1 247
1 256
1 257
1 261
1 267
1 277
1 284
1 285
1 298
1 300
1 307
1 308
1 311
1 326
1 331
1 334
1 337
1 342
1 345
1 347
1 348
1 355
1 356
1 357
1 360
1 366
1 368
1 370
1 373
1 376
1 378
1 386
1 390
1 392
2 1
2 6
2 10
2 13
2 14
2 18
2 19
2 22
2 27
2 29
2 30
2 31
2 34
2 36
2 42
2 53
2 54
2 56
2 57
2 60
2 61
2 62
2 63
2 65
2 68
2 70
2 73
2 74
2 83
2 88
2 90
2 101
2 111
2 114
2 118
2 120
2 122
2 127
2 139
2 140
2 144
2 148
2 150
2 151
2 158
2 159
2 163
2 168
2 173
2 175
2 181
2 184
2 188
2 197
2 205
2 211
2 215
2 219
2 220
2 223
2 225
2 226
2 242
2 243
2 251
2 254
2 255
2 259
2 260
2 262
2 275
2 276
2 278
2 282
2 283
2 287
2 289
2 290
2 292
2 297
2 299
2 303
2 304
2 306
2 313
2 315
2 316
2 321
2 325
2 327
2 335
2 340
2 344
2 346
2 349
2 350
2 351
2 352
2 353
2 363
2 365
2 369
2 374
2 381
2 382
2 391
2 396
2 397
3 0
3 33
3 46
3 48
3 50
3 52
3 69
3 81
3 86
3 104
3 112
3 121
3 123
3 126
3 128
3 136
3 147
3 152
3 156
3 169
3 170
3 179
3 193
3 196
3 208
3 221
3 234
3 241
3 244
3 245
3 248
3 263
3 274
3 280
3 309
3 310
3 314
3 318
3 320
3 322
3 329
3 333
3 336
3 343
3 361
3 362
3 385
3 394
3 398
4 3
4 5
4 12
4 15
4 23
4 26
4 28
4 32
4 40
4 41
4 45
4 58
4 59
4 75
4 79
4 82
4 85
4 95
4 98
4 100
4 113
4 115
4 116
4 129
4 130
4 132
4 134
4 142
4 154
4 167
4 191
4 194
4 195
4 202
4 207
4 214
4 216
4 217
4 230
4 237
4 239
4 249
4 253
4 265
4 268
4 272
4 279
4 295
4 301
4 319
4 323
4 358
4 359
4 375
4 379
4 380
4 384
4 389
