0 2
0 4
0 17
0 20
0 37
0 43
0 44
0 47
0 71
0 78
0 87
0 91
0 92
0 102
0 103
0 105
0 107
0 125
0 133
0 135
0 138
0 143
0 152
0 160
0 161
0 162
0 171
0 172
0 177
0 180
0 181
0 187
0 189
0 192
0 201
0 213
0 218
0 233
0 247
0 256
0 277
0 298
0 308
0 309
0 320
0 334
0 337
0 356
0 378
0 386
0 390
0 392
1 3
1 8
1 15
1 28
1 32
1 39
1 49
1 59
1 69
1 76
1 79
1 82
1 93
1 96
1 97
1 106
1 108
1 113
1 127
1 128
1 131
1 132
1 136
1 149
1 154
1 176
1 182
1 202
1 214
1 216
1 217
1 229
1 235
1 245
1 252
1 272
1 273
1 286
1 288
1 305
1 319
1 341
1 359
1 362
1 375
1 379
1 380
1 383
1 384
1 387
2 1
2 6
2 7
2 10
2 11
2 12
2 13
2 14
2 16
2 18
2 19
2 22
2 24
2 27
2 29
2 30
2 31
2 35
2 36
2 38
2 41
2 42
2 48
2 51
2 52
2 54
2 56
2 60
2 61
2 62
2 63
2 64
2 65
2 68
2 70
2 72
2 73
2 74
2 80
2 88
2 89
2 90
2 95
2 100
2 101
2 109
2 111
2 114
2 117
2 118
2 124
2 126
2 129
2 137
2 139
2 140
2 144
2 148
2 150
2 153
2 155
2 156
2 157
2 159
2 163
2 164
2 166
2 173
2 174
2 175
2 178
2 183
2 185
2 186
2 188
2 190
2 195
2 196
2 197
2 199
2 203
2 204
2 205
2 206
2 209
2 211
2 212
2 215
2 219
2 220
2 223
2 224
2 225
2 226
2 228
2 237
2 238
2 239
2 241
2 242
2 251
2 254
2 259
2 260
2 262
2 264
2 265
2 266
2 269
2 271
2 274
2 275
2 276
2 278
2 281
2 282
2 283
2 285
2 287
2 289
2 290
2 292
2 294
2 295
2 296
2 297
2 299
2 300
2 302
2 303
2 304
2 312
2 313
2 315
2 316
2 321
2 324
2 326
2 327
2 335
2 338
2 340
2 344
2 345
2 346
2 348
2 349
2 352
2 353
2 354
2 355
2 357
2 360
2 363
2 365
2 366
2 367
2 368
2 369
2 370
2 372
2 373
2 374
2 376
2 382
2 388
2 389
2 391
2 395
2 396
2 397
2 399
3 9
3 21
3 46
3 53
3 57
3 66
3 67
3 77
3 83
3 84
3 94
3 99
3 110
3 119
3 120
3 141
3 146
3 158
3 165
3 168
3 184
3 198
3 200
3 222
3 231
3 236
3 246
3 250
3 255
3 258
3 270
3 291
3 293
3 306
3 317
3 328
3 330
3 332
3 339
3 350
3 364
3 371
3 377
3 381
3 393
4 0
4 33
4 34
4 50
4 81
4 86
4 104
4 112
4 121
4 122
4 123
4 147
4 151
4 169
4 170
4 179
4 193
4 208
4 221
4 234
4 240
4 243
4 244
4 248
4 257
4 261
4 280
4 310
4 311
4 314
4 318
4 322
4 325
4 329
4 333
4 336
4 342
4 343
4 351
4 361
4 385
4 394
4 398
5 5
5 23
5 25
5 26
5 40
5 45
5 55
5 58
5 75
5 85
5 98
5 115
5 116
5 130
5 134
5 142
5 145
5 167
5 191
5 194
5 207
5 210
5 227
5 230
5 232
5 249
5 253
5 263
5 267
5 268
5 279
5 284
5 301
5 307
5 323
5 331
5 347
5 358
