0 3
0 8
0 11
0 12
0 16
0 32
0 41
0 49
0 59
0 79
0 80
0 85
0 100
0 115
0 129
0 130
0 131
0 132
0 134
0 142
0 149
0 154
0 191
0 194
0 207
0 214
0 237
0 249
0 252
0 272
0 279
0 288
0 301
0 358
0 359
0 379
0 383
0 384
0 389
1 18
1 33
1 35
1 37
1 38
1 44
1 50
1 51
1 81
1 86
1 87
1 89
1 92
1 104
1 125
1 126
1 128
1 143
1 147
1 152
1 162
1 166
1 169
1 172
1 179
1 180
1 183
1 186
1 187
1 192
1 201
1 208
1 213
1 225
1 228
1 234
1 241
1 243
1 244
1 248
1 257
1 259
1 274
1 275
1 277
1 280
1 285
1 308
1 309
1 310
1 314
1 318
1 322
1 326
1 334
1 337
1 342
1 343
1 351
1 357
1 373
1 378
1 385
1 386
1 390
2 9
2 21
2 62
2 64
2 67
2 72
2 76
2 93
2 96
2 97
2 109
2 119
2 124
2 137
2 141
2 146
2 157
2 164
2 165
2 174
2 176
2 190
2 199
2 200
2 204
2 206
2 222
2 231
2 235
2 238
2 242
2 264
2 266
2 269
2 271
2 273
2 281
2 286
2 291
2 302
2 305
2 328
2 341
2 354
2 363
2 364
2 371
2 372
2 387
2 395
2 399
3 2
3 4
3 20
3 24
3 43
3 47
3 55
3 71
3 91
3 102
3 103
3 105
3 107
3 117
3 127
3 135
3 136
3 138
3 160
3 161
3 171
3 177
3 178
3 185
3 189
3 195
3 203
3 209
3 210
3 218
3 224
3 227
3 233
3 245
3 247
3 261
3 267
3 284
3 298
3 300
3 307
3 311
3 345
3 348
3 355
3 356
3 360
3 366
3 392
4 19
4 36
4 52
4 61
4 63
4 70
4 83
4 90
4 94
4 111
4 112
4 114
4 120
4 140
4 151
4 159
4 168
4 205
4 215
4 220
4 221
4 226
4 254
4 255
4 260
4 283
4 287
4 289
4 292
4 297
4 306
4 313
4 316
4 325
4 346
4 350
4 352
4 353
4 361
4 374
4 382
4 388
5 5
5 15
5 17
5 23
5 25
5 26
5 28
5 40
5 45
5 58
5 75
5 78
5 95
5 98
5 108
5 113
5 116
5 145
5 167
5 182
5 202
5 216
5 217
5 230
5 232
5 239
5 253
5 263
5 265
5 268
5 294
5 295
5 319
5 320
5 323
5 331
5 333
5 347
5 362
5 368
5 376
6 0
6 7
6 39
6 46
6 48
6 66
6 69
6 77
6 82
6 84
6 99
6 106
6 110
6 121
6 123
6 153
6 156
6 170
6 193
6 196
6 198
6 229
6 246
6 250
6 258
6 270
6 293
6 296
6 312
6 317
6 324
6 329
6 330
6 332
6 336
6 338
6 339
6 367
6 375
6 377
6 380
6 393
6 394
6 398
7 1
7 6
7 10
7 13
7 14
7 22
7 27
7 29
7 30
7 31
7 34
7 42
7 53
7 54
7 56
7 57
7 60
7 65
7 68
7 73
7 74
7 88
7 101
7 118
7 122
7 133
7 139
7 144
7 148
7 150
7 155
7 158
7 163
7 173
7 175
7 181
7 184
7 188
7 197
7 211
7 212
7 219
7 223
7 236
7 240
7 251
7 256
7 262
7 276
7 278
7 282
7 290
7 299
7 303
7 304
7 315
7 321
7 327
7 335
7 340
7 344
7 349
7 365
7 369
7 370
7 381
7 391
7 396
7 397
