0 3
0 13
0 15
0 31
0 50
0 66
0 71
0 82
0 84
0 117
0 119
0 121
0 125
0 131
0 139
0 146
0 168
0 178
0 186
0 190
0 191
0 193
0 196
1 1
1 17
1 39
1 55
1 62
1 65
1 70
1 78
1 79
1 124
1 132
1 145
1 149
1 163
1 164
1 166
1 173
1 195
1 198
2 2
2 8
2 16
2 24
2 26
2 51
2 56
2 83
2 85
2 86
2 94
2 99
2 103
2 112
2 114
2 120
2 127
2 128
2 133
2 136
2 142
2 161
2 170
2 184
2 199
3 11
3 32
3 41
3 44
3 57
3 58
3 72
3 80
3 90
3 111
3 141
3 156
3 157
3 160
3 165
4 5
4 14
4 20
4 25
4 35
4 46
4 68
4 73
4 77
4 93
4 95
4 96
4 100
4 105
4 137
4 143
4 151
4 172
4 175
4 194
4 197
5 19
5 23
5 29
5 30
5 38
5 42
5 45
5 76
5 91
5 104
5 162
5 171
5 176
5 182
5 192
6 0
6 7
6 21
6 27
6 33
6 40
6 47
6 48
6 53
6 59
6 89
6 97
6 106
6 108
6 116
6 129
6 135
6 144
6 152
6 153
6 158
6 159
6 174
6 180
7 12
7 22
7 34
7 37
7 43
7 49
7 64
7 67
7 81
7 88
7 92
7 109
7 113
7 122
7 134
7 140
7 154
7 155
8 4
8 9
8 10
8 18
8 28
8 36
8 74
8 75
8 87
8 101
8 102
8 107
8 110
8 115
8 123
8 130
8 138
8 148
8 150
8 177
8 179
8 183
8 185
8 187
8 188
9 6
9 52
9 54
9 60
9 61
9 63
9 69
9 98
9 118
9 126
9 147
9 167
9 169
9 181
9 189
