0 60
0 61
0 63
0 69
0 98
0 147
0 167
0 169
0 181
1 1
1 16
1 17
1 39
1 55
1 62
1 65
1 70
1 78
1 79
1 124
1 132
1 133
1 164
1 173
1 195
2 2
2 19
2 23
2 29
2 45
2 76
2 85
2 94
2 103
2 104
2 112
2 120
2 127
2 128
2 136
2 161
2 170
2 176
2 184
2 199
3 5
3 6
3 14
3 20
3 25
3 30
3 41
3 42
3 44
3 52
3 56
3 58
3 68
3 90
3 91
3 93
3 129
3 137
3 143
3 151
3 162
3 171
3 175
3 182
3 189
3 197
4 13
4 15
4 38
4 50
4 82
4 119
4 123
4 131
4 165
4 168
4 178
4 192
5 12
5 22
5 34
5 37
5 43
5 49
5 64
5 67
5 81
5 92
5 109
5 113
5 122
5 134
5 140
5 154
5 155
6 10
6 18
6 24
6 26
6 51
6 73
6 86
6 99
6 114
6 115
6 138
6 172
6 177
6 183
7 0
7 4
7 7
7 9
7 28
7 33
7 36
7 47
7 48
7 53
7 57
7 59
7 75
7 97
7 101
7 107
7 110
7 116
7 130
7 144
7 148
7 152
7 159
7 174
7 179
7 180
7 185
7 187
8 21
8 27
8 35
8 40
8 46
8 89
8 100
8 106
8 108
8 135
8 153
8 158
9 3
9 31
9 66
9 71
9 74
9 84
9 87
9 102
9 117
9 121
9 125
9 139
9 146
9 186
9 188
9 190
9 191
9 193
9 196
10 8
10 54
10 88
10 96
10 118
10 126
10 145
10 149
10 150
10 163
10 166
10 198
11 11
11 32
11 72
11 77
11 80
11 83
11 95
11 105
11 111
11 141
11 142
11 156
11 157
11 160
11 194
