0 22
0 34
0 37
0 43
0 49
0 64
0 67
0 81
0 92
0 109
0 113
0 122
0 134
0 140
0 155
1 12
1 15
1 62
1 87
1 107
1 114
1 119
1 123
1 131
1 154
1 165
1 168
1 178
1 192
1 193
2 10
2 18
2 28
2 36
2 74
2 101
2 102
2 115
2 130
2 138
2 177
2 188
3 14
3 21
3 27
3 35
3 40
3 46
3 89
3 100
3 108
3 129
3 153
4 38
4 54
4 60
4 61
4 63
4 69
4 88
4 98
4 118
4 126
4 147
4 149
4 150
4 166
4 167
4 169
4 181
4 198
5 0
5 1
5 4
5 17
5 39
5 55
5 65
5 66
5 70
5 78
5 79
5 124
5 132
5 164
5 173
5 187
5 195
6 19
6 23
6 25
6 29
6 30
6 42
6 45
6 76
6 91
6 162
6 171
6 176
6 182
7 3
7 13
7 31
7 50
7 71
7 82
7 84
7 121
7 125
7 139
7 146
7 186
7 190
7 191
7 196
8 41
8 44
8 52
8 56
8 68
8 90
8 95
8 141
8 151
8 189
9 7
9 33
9 47
9 48
9 53
9 59
9 97
9 106
9 116
9 135
9 144
9 152
9 158
9 159
9 174
9 180
10 11
10 32
10 72
10 80
10 111
10 145
10 156
10 157
10 160
10 163
11 6
11 9
11 57
11 58
11 75
11 110
11 117
11 143
11 148
11 179
11 183
11 185
12 2
12 8
12 16
12 24
12 26
12 51
12 83
12 85
12 86
12 94
12 99
12 103
12 104
12 112
12 120
12 127
12 128
12 133
12 136
12 142
12 161
12 170
12 184
12 199
13 5
13 20
13 73
13 77
13 93
13 96
13 105
13 137
13 172
13 175
13 194
13 197
