0 8
0 19
0 24
0 26
0 29
0 85
0 86
0 99
0 104
0 128
0 136
0 142
0 170
0 176
0 199
1 2
1 23
1 30
1 42
1 45
1 74
1 83
1 91
1 103
1 112
1 120
1 127
1 161
1 162
1 171
1 182
1 184
2 25
2 41
2 44
2 52
2 56
2 57
2 58
2 68
2 72
2 90
2 111
2 129
2 141
2 143
2 151
2 153
2 156
2 160
2 189
3 13
3 38
3 50
3 71
3 82
3 84
3 98
3 117
3 121
3 139
3 186
4 0
4 1
4 4
4 9
4 66
4 70
4 78
4 124
4 125
4 132
4 164
4 173
4 187
5 5
5 14
5 20
5 54
5 67
5 93
5 95
5 96
5 105
5 137
5 175
5 197
6 3
6 16
6 17
6 39
6 55
6 62
6 65
6 133
6 146
6 190
6 191
6 195
7 22
7 31
7 34
7 37
7 43
7 49
7 64
7 81
7 92
7 109
7 113
7 122
7 134
7 140
7 155
7 196
8 21
8 27
8 35
8 40
8 46
8 89
8 100
8 106
8 108
9 12
9 15
9 87
9 119
9 123
9 131
9 154
9 165
9 168
9 178
9 192
9 193
10 7
10 33
10 47
10 48
10 53
10 59
10 97
10 116
10 135
10 144
10 152
10 158
10 159
10 174
10 180
11 11
11 28
11 32
11 36
11 75
11 79
11 101
11 102
11 110
11 130
11 138
11 148
11 157
11 177
11 179
11 185
11 188
12 76
12 80
12 88
12 107
12 118
12 126
12 145
12 147
12 149
12 150
12 163
12 166
12 181
12 198
13 10
13 18
13 51
13 73
13 77
13 94
13 114
13 115
13 172
13 183
13 194
14 6
14 60
14 61
14 63
14 69
14 167
14 169
