0 11
0 32
0 36
0 72
0 111
0 145
0 156
0 157
0 160
0 163
1 3
1 13
1 15
1 31
1 62
1 64
1 66
1 71
1 82
1 84
1 117
1 121
1 125
1 139
1 146
1 165
1 186
1 190
1 191
1 193
1 196
2 1
2 4
2 17
2 39
2 55
2 65
2 70
2 78
2 79
2 124
2 132
2 164
2 173
2 187
2 195
3 9
3 10
3 18
3 28
3 57
3 75
3 101
3 107
3 110
3 115
3 116
3 148
3 179
3 183
3 185
4 54
4 60
4 61
4 63
4 69
4 98
4 118
4 126
4 147
4 149
4 166
4 167
4 169
4 181
4 198
5 8
5 16
5 24
5 26
5 51
5 83
5 85
5 86
5 94
5 99
5 114
5 128
5 133
5 136
5 142
5 170
5 199
6 12
6 38
6 50
6 80
6 104
6 119
6 123
6 131
6 150
6 154
6 168
6 178
6 192
7 19
7 23
7 29
7 45
7 76
7 176
8 21
8 27
8 35
8 40
8 46
8 89
8 100
8 108
9 0
9 7
9 33
9 47
9 48
9 53
9 59
9 97
9 106
9 135
9 144
9 152
9 158
9 159
9 174
9 180
10 6
10 25
10 41
10 44
10 52
10 56
10 58
10 68
10 90
10 129
10 143
10 151
10 153
10 189
11 73
11 77
11 105
11 141
11 172
11 194
12 74
12 87
12 102
12 130
12 138
12 177
12 188
13 22
13 34
13 37
13 43
13 49
13 67
13 81
13 88
13 92
13 109
13 113
13 122
13 134
13 140
13 155
14 2
14 30
14 42
14 91
14 103
14 112
14 120
14 127
14 161
14 162
14 171
14 182
14 184
15 5
15 14
15 20
15 93
15 95
15 96
15 137
15 175
15 197
