0 11
0 32
0 72
0 80
0 111
0 141
0 145
0 156
0 157
0 160
0 163
0 165
0 166
1 17
1 39
1 55
1 62
1 65
1 70
1 78
1 195
2 13
2 50
2 71
2 82
2 84
2 139
2 186
3 5
3 20
3 25
3 73
3 77
3 93
3 95
3 96
3 105
3 137
3 143
3 172
3 175
3 194
3 197
4 28
4 36
4 57
4 58
4 75
4 101
4 110
4 116
4 117
4 130
4 148
4 179
4 183
4 185
5 2
5 43
5 45
5 49
5 81
5 88
5 92
5 94
5 122
5 127
5 134
5 140
5 155
6 8
6 16
6 24
6 26
6 51
6 83
6 85
6 86
6 99
6 103
6 120
6 128
6 133
6 136
6 142
6 161
6 170
6 184
6 199
7 10
7 18
7 74
7 87
7 102
7 107
7 114
7 115
7 138
7 149
7 150
7 177
7 188
7 198
8 14
8 41
8 44
8 52
8 56
8 68
8 90
8 129
8 151
8 189
9 21
9 27
9 35
9 40
9 46
9 89
9 100
9 106
9 108
9 135
9 153
9 158
10 3
10 15
10 31
10 79
10 121
10 125
10 146
10 190
10 191
10 193
10 196
11 0
11 1
11 9
11 66
11 124
11 132
11 164
11 173
11 187
12 19
12 23
12 29
12 30
12 42
12 76
12 91
12 112
12 162
12 171
12 176
12 182
13 4
13 7
13 33
13 47
13 48
13 53
13 59
13 97
13 144
13 152
13 159
13 174
13 180
14 38
14 54
14 104
14 118
14 119
14 123
14 131
14 147
14 168
14 178
14 181
14 192
15 6
15 60
15 61
15 63
15 69
15 98
15 126
15 167
15 169
16 12
16 22
16 34
16 37
16 64
16 67
16 109
16 113
16 154
