0 16
0 17
0 39
0 55
0 62
0 65
0 70
0 78
0 123
0 133
0 166
0 195
1 1
1 66
1 79
1 124
1 132
1 164
1 173
2 15
2 87
2 104
2 119
2 131
2 168
2 178
2 192
3 11
3 32
3 57
3 72
3 80
3 111
3 141
3 145
3 156
3 157
3 160
3 163
3 165
4 54
4 63
4 69
4 88
4 107
4 110
4 126
4 148
4 149
4 150
4 167
4 169
4 198
5 41
5 44
5 48
5 52
5 56
5 58
5 68
5 90
5 151
5 189
6 12
6 22
6 34
6 37
6 43
6 49
6 64
6 67
6 81
6 92
6 109
6 113
6 122
6 134
6 140
6 154
6 155
7 2
7 23
7 29
7 30
7 42
7 45
7 85
7 94
7 103
7 112
7 120
7 127
7 161
7 162
7 171
7 182
7 184
7 199
8 21
8 27
8 106
8 108
8 116
8 135
8 153
8 158
8 180
9 60
9 61
9 118
9 147
9 181
10 14
10 35
10 40
10 46
10 89
10 95
10 100
11 13
11 38
11 50
11 71
11 76
11 82
11 84
11 91
11 98
12 0
12 7
12 47
12 53
12 97
12 152
12 159
12 174
13 6
13 25
13 33
13 129
13 143
13 144
14 8
14 19
14 24
14 26
14 83
14 86
14 99
14 114
14 128
14 136
14 142
14 170
14 176
15 4
15 9
15 18
15 28
15 36
15 59
15 74
15 75
15 101
15 102
15 130
15 138
15 177
15 179
15 185
15 187
15 188
16 5
16 10
16 20
16 51
16 73
16 77
16 93
16 96
16 105
16 115
16 137
16 172
16 175
16 183
16 194
16 197
17 3
17 31
17 117
17 121
17 125
17 139
17 146
17 186
17 190
17 191
17 193
17 196
