0 60
0 61
0 63
0 69
0 98
0 167
0 169
1 11
1 32
1 36
1 57
1 72
1 111
1 141
1 156
1 157
1 160
2 2
2 83
2 85
2 99
2 103
2 112
2 120
2 127
2 161
2 170
2 184
2 199
3 4
3 59
3 70
3 195
4 75
4 106
4 107
4 108
4 110
4 116
4 135
4 148
4 153
4 158
4 180
4 183
5 12
5 22
5 34
5 37
5 43
5 49
5 64
5 81
5 92
5 109
5 113
5 122
5 134
5 140
5 154
5 155
6 10
6 20
6 51
6 73
6 77
6 105
6 115
6 123
6 143
6 172
6 175
6 179
6 194
6 197
7 0
7 1
7 9
7 66
7 94
7 173
7 185
7 187
8 14
8 21
8 27
8 33
8 35
8 40
8 46
8 89
8 95
8 100
9 54
9 67
9 88
9 96
9 126
9 145
9 149
9 150
9 163
9 165
9 166
9 198
10 18
10 28
10 74
10 87
10 101
10 102
10 130
10 138
10 177
10 188
11 23
11 29
11 30
11 42
11 82
11 91
11 162
11 171
11 182
12 7
12 47
12 48
12 53
12 97
12 152
12 159
12 164
12 174
13 3
13 15
13 31
13 71
13 79
13 117
13 121
13 125
13 139
13 146
13 186
13 190
13 191
13 193
13 196
14 13
14 38
14 45
14 50
14 76
14 80
14 84
14 104
14 118
14 119
14 131
14 147
14 168
14 178
14 181
14 192
15 5
15 93
15 137
16 6
16 25
16 41
16 44
16 52
16 58
16 68
16 90
16 129
16 144
16 151
16 189
17 8
17 19
17 24
17 26
17 56
17 86
17 128
17 136
17 142
17 176
18 16
18 17
18 39
18 55
18 62
18 65
18 78
18 114
18 124
18 132
18 133
