0 54
0 80
0 118
0 147
0 181
1 21
1 27
1 47
1 106
1 108
1 116
1 135
1 153
1 158
1 174
1 180
2 5
2 20
2 73
2 93
2 96
2 105
2 137
2 172
2 175
2 194
2 197
2 198
3 12
3 22
3 37
3 67
3 109
3 113
3 154
3 178
4 16
4 17
4 39
4 55
4 62
4 65
4 70
4 78
4 123
4 124
4 132
4 133
4 166
4 195
5 10
5 18
5 28
5 36
5 79
5 101
5 115
6 8
6 24
6 26
6 51
6 56
6 77
6 83
6 86
6 99
6 114
6 128
6 142
6 183
7 3
7 75
7 121
7 152
7 190
7 191
7 193
8 6
8 60
8 61
8 63
8 69
8 167
8 169
9 30
9 42
9 91
9 162
9 171
9 182
10 2
10 85
10 103
10 112
10 120
10 127
10 161
10 170
10 184
10 199
11 13
11 38
11 50
11 71
11 82
11 84
11 98
11 119
11 131
12 34
12 43
12 49
12 64
12 81
12 92
12 122
12 134
12 140
12 155
13 44
13 52
13 57
13 58
13 68
13 90
13 110
13 143
13 148
13 151
13 179
13 185
13 189
14 74
14 87
14 102
14 130
14 138
14 177
14 188
15 15
15 31
15 66
15 117
15 125
15 139
15 146
15 168
15 186
15 196
16 0
16 1
16 4
16 7
16 9
16 48
16 53
16 59
16 88
16 97
16 107
16 126
16 144
16 149
16 150
16 159
16 164
16 173
16 187
17 11
17 32
17 41
17 72
17 111
17 141
17 145
17 156
17 157
17 160
17 163
17 165
18 19
18 23
18 29
18 45
18 76
18 94
18 104
18 136
18 176
18 192
19 14
19 25
19 33
19 35
19 40
19 46
19 89
19 95
19 100
19 129
