0 2
0 8
0 10
0 16
0 17
0 18
0 19
0 23
0 24
0 26
0 29
0 30
0 39
0 42
0 51
0 55
0 56
0 62
0 65
0 70
0 73
0 77
0 83
0 85
0 86
0 91
0 94
0 95
0 99
0 103
0 112
0 114
0 115
0 120
0 123
0 124
0 128
0 132
0 133
0 136
0 142
0 145
0 149
0 161
0 162
0 163
0 164
0 166
0 170
0 172
0 176
0 182
0 183
0 184
0 195
0 199
1 5
1 6
1 7
1 11
1 14
1 20
1 21
1 25
1 27
1 28
1 32
1 33
1 35
1 36
1 40
1 41
1 44
1 46
1 47
1 48
1 52
1 53
1 54
1 57
1 58
1 68
1 72
1 75
1 79
1 89
1 90
1 93
1 96
1 97
1 100
1 101
1 105
1 106
1 108
1 110
1 111
1 116
1 129
1 135
1 137
1 141
1 143
1 144
1 148
1 151
1 152
1 153
1 156
1 157
1 158
1 159
1 160
1 167
1 174
1 175
1 179
1 180
1 185
1 189
1 194
1 197
2 0
2 1
2 3
2 4
2 9
2 12
2 13
2 15
2 22
2 31
2 34
2 37
2 38
2 43
2 45
2 49
2 50
2 59
2 60
2 61
2 63
2 64
2 66
2 67
2 69
2 71
2 74
2 76
2 78
2 80
2 81
2 82
2 84
2 87
2 88
2 92
2 98
2 102
2 104
2 107
2 109
2 113
2 117
2 118
2 119
2 121
2 122
2 125
2 126
2 127
2 130
2 131
2 134
2 138
2 139
2 140
2 146
2 147
2 150
2 154
2 155
2 165
2 168
2 169
2 171
2 173
2 177
2 178
2 181
2 186
2 187
2 188
2 190
2 191
2 192
2 193
2 196
2 198
