0 2
0 8
0 16
0 19
0 23
0 24
0 26
0 29
0 30
0 42
0 45
0 51
0 55
0 76
0 77
0 83
0 85
0 86
0 91
0 94
0 99
0 103
0 104
0 112
0 120
0 127
0 128
0 133
0 136
0 142
0 161
0 162
0 170
0 171
0 176
0 182
0 184
0 199
1 12
1 22
1 34
1 37
1 43
1 49
1 64
1 67
1 81
1 92
1 109
1 113
1 122
1 134
1 140
1 154
1 155
2 5
2 14
2 20
2 25
2 33
2 35
2 40
2 41
2 44
2 46
2 52
2 54
2 56
2 57
2 58
2 68
2 72
2 73
2 80
2 89
2 90
2 93
2 95
2 96
2 100
2 105
2 111
2 118
2 137
2 141
2 143
2 147
2 151
2 156
2 160
2 172
2 175
2 179
2 185
2 189
2 194
2 197
3 3
3 13
3 15
3 17
3 31
3 39
3 50
3 62
3 65
3 66
3 70
3 71
3 74
3 75
3 78
3 82
3 84
3 87
3 117
3 119
3 121
3 123
3 125
3 131
3 139
3 146
3 165
3 168
3 178
3 186
3 188
3 190
3 191
3 192
3 193
3 195
3 196
4 0
4 4
4 6
4 7
4 21
4 27
4 38
4 47
4 48
4 53
4 59
4 60
4 61
4 63
4 69
4 88
4 97
4 98
4 106
4 108
4 116
4 126
4 129
4 135
4 144
4 149
4 152
4 153
4 158
4 159
4 167
4 169
4 174
4 180
4 181
4 187
4 198
5 1
5 9
5 10
5 11
5 18
5 28
5 32
5 36
5 79
5 101
5 102
5 107
5 110
5 114
5 115
5 124
5 130
5 132
5 138
5 145
5 148
5 150
5 157
5 163
5 164
5 166
5 173
5 177
5 183
