0 11
0 32
0 56
0 72
0 77
0 80
0 83
0 95
0 111
0 124
0 132
0 141
0 142
0 145
0 156
0 157
0 160
0 163
0 164
0 165
0 166
1 5
1 14
1 20
1 25
1 35
1 41
1 44
1 52
1 57
1 58
1 68
1 73
1 90
1 93
1 96
1 100
1 105
1 137
1 143
1 151
1 172
1 175
1 179
1 185
1 189
1 194
1 197
2 12
2 22
2 34
2 37
2 43
2 49
2 64
2 67
2 81
2 88
2 92
2 109
2 113
2 122
2 134
2 140
2 154
2 155
3 1
3 3
3 13
3 15
3 17
3 31
3 38
3 39
3 50
3 62
3 65
3 66
3 70
3 71
3 74
3 75
3 78
3 79
3 82
3 84
3 117
3 119
3 121
3 123
3 125
3 131
3 139
3 146
3 168
3 173
3 178
3 186
3 187
3 188
3 190
3 191
3 193
3 195
3 196
4 2
4 8
4 16
4 19
4 23
4 24
4 26
4 29
4 30
4 42
4 45
4 51
4 55
4 76
4 85
4 86
4 91
4 94
4 99
4 103
4 104
4 112
4 114
4 120
4 127
4 128
4 133
4 136
4 161
4 162
4 170
4 171
4 176
4 182
4 184
4 192
4 199
5 0
5 7
5 21
5 27
5 33
5 40
5 46
5 47
5 48
5 53
5 59
5 89
5 97
5 106
5 108
5 116
5 129
5 135
5 144
5 152
5 153
5 158
5 159
5 174
5 180
6 4
6 6
6 9
6 10
6 18
6 28
6 36
6 54
6 60
6 61
6 63
6 69
6 87
6 98
6 101
6 102
6 107
6 110
6 115
6 118
6 126
6 130
6 138
6 147
6 148
6 149
6 150
6 167
6 169
6 177
6 181
6 183
6 198
