0 9
0 10
0 11
0 18
0 28
0 32
0 36
0 57
0 69
0 74
0 75
0 79
0 101
0 102
0 107
0 110
0 115
0 117
0 130
0 138
0 148
0 157
0 177
0 179
0 183
0 185
0 188
1 13
1 15
1 38
1 50
1 60
1 61
1 63
1 71
1 80
1 82
1 84
1 87
1 98
1 104
1 118
1 119
1 126
1 131
1 139
1 147
1 167
1 168
1 169
1 178
1 181
1 186
1 192
1 193
2 0
2 1
2 3
2 4
2 17
2 39
2 55
2 62
2 65
2 66
2 70
2 78
2 121
2 123
2 124
2 125
2 132
2 145
2 146
2 149
2 150
2 163
2 164
2 165
2 166
2 173
2 187
2 190
2 191
2 195
2 196
2 198
3 12
3 22
3 31
3 34
3 37
3 43
3 49
3 64
3 67
3 81
3 88
3 92
3 109
3 113
3 122
3 134
3 140
3 154
3 155
4 8
4 16
4 24
4 26
4 51
4 56
4 77
4 83
4 85
4 86
4 99
4 103
4 114
4 120
4 128
4 133
4 136
4 142
4 170
4 176
4 184
4 199
5 7
5 21
5 27
5 33
5 40
5 46
5 47
5 48
5 53
5 59
5 89
5 97
5 106
5 108
5 116
5 129
5 135
5 144
5 152
5 153
5 158
5 159
5 174
5 180
6 5
6 6
6 14
6 20
6 25
6 35
6 41
6 44
6 52
6 54
6 58
6 68
6 72
6 73
6 90
6 93
6 95
6 96
6 100
6 105
6 111
6 137
6 141
6 143
6 151
6 156
6 160
6 172
6 175
6 189
6 194
6 197
7 2
7 19
7 23
7 29
7 30
7 42
7 45
7 76
7 91
7 94
7 112
7 127
7 161
7 162
7 171
7 182
