0 3
0 8
0 19
0 24
0 28
0 39
0 44
0 52
0 58
0 61
0 73
0 80
0 83
0 88
0 96
0 101
0 126
0 130
0 150
0 163
0 173
0 174
0 177
1 10
1 22
1 23
1 27
1 29
1 36
1 62
1 76
1 104
1 118
1 122
1 128
1 148
1 151
1 166
1 172
1 185
1 188
2 37
2 45
2 63
2 133
2 160
2 196
3 0
3 14
3 21
3 47
3 53
3 71
3 93
3 102
3 107
3 108
3 117
3 123
3 137
3 139
3 143
3 159
3 164
3 165
3 168
3 169
3 179
3 184
3 189
3 195
4 6
4 13
4 48
4 54
4 56
4 65
4 66
4 69
4 84
4 85
4 90
4 111
4 113
4 119
4 135
4 142
4 146
4 149
4 158
4 197
5 7
5 20
5 26
5 31
5 40
5 49
5 59
5 64
5 75
5 77
5 94
5 100
5 110
5 120
5 141
5 153
5 156
5 161
5 171
6 5
6 16
6 18
6 51
6 67
6 82
6 99
6 103
6 105
6 114
6 124
6 127
6 136
6 140
6 176
6 186
6 190
6 191
7 4
7 9
7 12
7 15
7 25
7 41
7 46
7 50
7 68
7 70
7 72
7 79
7 89
7 98
7 115
7 132
7 145
7 155
7 162
7 167
7 175
7 180
7 181
7 183
8 1
8 30
8 34
8 42
8 81
8 86
8 87
8 92
8 95
8 97
8 109
8 116
8 121
8 129
8 131
8 147
8 157
8 187
8 192
8 193
9 2
9 11
9 35
9 38
9 55
9 57
9 74
9 106
9 138
9 154
9 178
9 194
10 17
10 32
10 33
10 43
10 60
10 78
10 91
10 112
10 125
10 134
10 144
10 152
10 170
10 182
10 198
10 199
