0 0
0 18
0 37
0 53
0 63
0 102
0 107
0 123
0 133
0 137
0 139
0 159
0 160
0 169
0 179
0 189
0 196
1 6
1 13
1 16
1 65
1 69
1 111
1 113
1 142
1 146
1 149
2 14
2 21
2 67
2 71
2 93
2 108
2 109
2 117
2 118
2 129
2 143
2 157
2 162
2 164
2 165
2 195
3 17
3 32
3 33
3 43
3 60
3 78
3 91
3 112
3 124
3 125
3 134
3 152
3 170
3 182
3 186
3 198
3 199
4 7
4 20
4 26
4 31
4 41
4 59
4 64
4 75
4 77
4 94
4 110
4 141
4 153
4 156
4 161
4 171
4 191
5 10
5 52
5 58
5 61
5 62
5 68
5 70
5 82
5 83
5 98
5 126
5 128
5 145
5 148
5 150
5 174
5 177
5 180
6 3
6 24
6 29
6 36
6 54
6 73
6 144
6 151
6 185
6 188
7 4
7 25
7 50
7 79
7 89
7 132
7 155
7 167
7 175
8 5
8 46
8 47
8 48
8 49
8 51
8 56
8 57
8 66
8 84
8 85
8 90
8 99
8 114
8 119
8 135
8 140
8 158
8 168
8 176
8 184
8 190
8 197
9 1
9 30
9 34
9 40
9 42
9 81
9 86
9 87
9 92
9 95
9 97
9 100
9 116
9 121
9 131
9 147
9 187
9 192
9 193
10 8
10 19
10 28
10 39
10 44
10 80
10 96
10 101
10 103
10 105
10 120
10 127
10 130
10 136
10 163
10 173
11 2
11 9
11 11
11 12
11 15
11 35
11 38
11 45
11 55
11 72
11 74
11 88
11 106
11 115
11 138
11 154
11 178
11 183
11 194
12 22
12 23
12 27
12 76
12 104
12 122
12 166
12 172
12 181
