0 71
0 93
0 102
0 107
0 108
0 117
0 139
0 164
0 165
0 169
0 179
0 184
1 6
1 13
1 65
1 111
1 113
1 142
1 146
1 149
2 41
2 52
2 58
2 68
2 83
2 98
2 101
2 126
2 150
2 151
2 174
2 177
2 180
3 16
3 38
3 47
3 51
3 54
3 55
3 56
3 57
3 59
3 69
3 84
3 85
3 90
3 105
3 114
3 119
3 135
3 136
3 137
3 140
3 168
3 190
3 194
3 197
4 7
4 20
4 26
4 40
4 75
4 77
4 100
4 110
4 141
4 153
4 156
4 161
4 171
5 1
5 34
5 48
5 66
5 86
5 116
5 121
5 131
5 147
5 158
5 192
6 4
6 23
6 25
6 50
6 61
6 162
6 181
7 5
7 31
7 32
7 49
7 64
7 73
7 94
7 103
7 120
7 134
7 144
7 176
7 191
8 30
8 79
8 81
8 82
8 87
8 89
8 92
8 95
8 97
8 109
8 129
8 148
8 157
8 175
8 187
8 193
9 3
9 8
9 19
9 24
9 28
9 39
9 44
9 80
9 88
9 96
9 127
9 130
9 163
9 173
10 2
10 9
10 11
10 12
10 15
10 35
10 46
10 70
10 72
10 74
10 115
10 132
10 138
10 154
10 155
10 167
10 178
10 183
11 0
11 18
11 37
11 45
11 53
11 63
11 123
11 133
11 159
11 160
11 189
11 196
12 17
12 33
12 43
12 60
12 78
12 91
12 112
12 124
12 125
12 152
12 170
12 182
12 186
12 198
12 199
13 10
13 22
13 27
13 29
13 36
13 62
13 76
13 104
13 106
13 122
13 128
13 145
13 166
13 172
13 185
13 188
14 14
14 21
14 42
14 67
14 99
14 118
14 143
14 195
