0 3
0 7
0 8
0 31
0 44
0 49
0 59
0 80
0 105
0 119
0 120
0 127
0 130
0 136
0 173
1 5
1 32
1 51
1 54
1 57
1 64
1 73
1 94
1 103
1 134
1 144
1 151
1 176
1 191
2 0
2 37
2 45
2 53
2 63
2 93
2 102
2 107
2 108
2 123
2 133
2 137
2 139
2 159
2 160
2 164
2 169
2 179
2 189
3 4
3 25
3 50
3 61
3 82
3 89
3 155
3 162
3 175
3 181
4 2
4 9
4 11
4 15
4 35
4 38
4 55
4 72
4 74
4 106
4 115
4 138
4 154
4 178
4 183
4 194
5 10
5 14
5 21
5 62
5 67
5 71
5 99
5 109
5 117
5 118
5 129
5 143
5 148
5 157
5 165
5 195
5 197
6 12
6 46
6 70
6 79
6 98
6 132
6 145
6 167
7 6
7 13
7 65
7 78
7 111
7 113
7 142
7 146
8 47
8 48
8 56
8 66
8 69
8 84
8 85
8 90
8 114
8 135
8 168
8 184
8 190
9 30
9 42
9 81
9 87
9 92
9 95
9 97
9 187
9 193
10 20
10 26
10 75
10 77
10 110
10 141
10 153
10 156
10 161
10 171
11 1
11 34
11 40
11 86
11 100
11 116
11 121
11 131
11 147
11 149
11 158
11 185
11 192
12 19
12 24
12 28
12 39
12 41
12 52
12 58
12 68
12 83
12 88
12 96
12 101
12 126
12 150
12 163
12 174
12 177
12 180
13 22
13 23
13 27
13 29
13 36
13 76
13 104
13 122
13 128
13 166
13 172
13 188
14 16
14 18
14 124
14 140
14 186
14 196
15 17
15 33
15 43
15 60
15 91
15 112
15 125
15 152
15 170
15 182
15 198
15 199
