0 6
0 13
0 56
0 65
0 84
0 85
0 90
0 111
0 113
0 140
0 142
0 146
0 190
1 14
1 48
1 66
1 67
1 99
1 135
1 143
1 158
1 165
1 195
1 197
2 8
2 19
2 20
2 24
2 28
2 83
2 88
2 96
2 110
2 163
2 171
3 0
3 47
3 53
3 63
3 102
3 107
3 108
3 123
3 137
3 139
3 159
3 164
3 168
3 169
3 179
3 189
4 9
4 12
4 15
4 46
4 70
4 72
4 79
4 89
4 115
4 132
4 155
4 167
4 175
4 183
4 184
5 21
5 30
5 42
5 81
5 87
5 92
5 95
5 97
5 109
5 187
5 193
6 32
6 64
6 94
6 134
6 144
6 151
6 176
6 191
7 3
7 31
7 39
7 44
7 59
7 80
7 105
7 120
7 127
7 130
7 136
7 173
8 41
8 52
8 54
8 58
8 68
8 73
8 93
8 98
8 101
8 126
8 174
8 177
8 180
9 10
9 23
9 29
9 61
9 62
9 82
9 118
9 128
9 145
9 148
9 150
10 22
10 27
10 36
10 76
10 104
10 122
10 166
10 172
10 181
10 188
11 18
11 124
11 186
11 196
12 7
12 17
12 33
12 43
12 60
12 78
12 91
12 112
12 125
12 141
12 152
12 170
12 182
12 198
12 199
13 2
13 11
13 35
13 38
13 55
13 74
13 106
13 138
13 154
13 178
13 194
14 4
14 25
14 26
14 50
14 71
14 75
14 77
14 117
14 129
14 153
14 156
14 157
14 161
14 162
15 5
15 16
15 37
15 45
15 49
15 51
15 57
15 69
15 103
15 114
15 119
15 133
15 160
16 1
16 34
16 40
16 86
16 100
16 116
16 121
16 131
16 147
16 149
16 185
16 192
