0 10
0 23
0 52
0 58
0 61
0 62
0 68
0 83
0 106
0 126
0 128
0 145
0 148
0 150
0 151
0 174
0 180
1 30
1 42
1 81
1 82
1 87
1 92
1 95
1 97
1 109
1 187
1 193
2 16
2 18
2 105
2 124
2 127
2 136
2 140
2 186
3 37
3 47
3 55
3 93
3 114
3 137
3 138
3 168
3 196
4 2
4 9
4 11
4 12
4 15
4 35
4 46
4 70
4 72
4 74
4 79
4 98
4 115
4 132
4 154
4 167
4 178
4 183
5 22
5 27
5 29
5 36
5 76
5 104
5 122
5 166
5 172
5 185
5 188
6 3
6 8
6 19
6 24
6 28
6 39
6 44
6 80
6 96
6 130
6 163
6 173
7 13
7 111
7 113
7 142
7 146
8 4
8 25
8 50
8 71
8 89
8 117
8 129
8 155
8 157
8 162
8 175
8 181
9 14
9 21
9 67
9 99
9 118
9 143
9 165
9 195
10 7
10 59
10 101
10 119
10 141
10 160
10 171
11 20
11 26
11 40
11 75
11 77
11 100
11 153
11 156
11 161
12 1
12 34
12 48
12 66
12 86
12 116
12 121
12 131
12 147
12 158
12 192
13 17
13 32
13 33
13 43
13 60
13 78
13 91
13 112
13 125
13 152
13 170
13 182
13 198
13 199
14 5
14 38
14 45
14 51
14 57
15 0
15 53
15 63
15 102
15 107
15 108
15 123
15 139
15 159
15 164
15 169
15 179
15 184
15 189
16 31
16 41
16 49
16 64
16 73
16 88
16 94
16 103
16 110
16 120
16 134
16 144
16 176
16 177
16 191
17 6
17 54
17 56
17 65
17 69
17 84
17 85
17 90
17 133
17 135
17 149
17 190
17 194
17 197
