0 20
0 26
0 40
0 71
0 75
0 77
0 94
0 100
0 110
0 117
0 141
0 153
0 156
0 161
1 41
1 52
1 58
1 68
1 70
1 96
1 98
1 101
1 138
1 174
1 177
1 180
2 10
2 23
2 61
2 62
2 82
2 126
2 128
2 145
2 148
2 150
3 0
3 37
3 45
3 53
3 63
3 102
3 107
3 108
3 123
3 133
3 137
3 139
3 159
3 160
3 164
3 169
3 179
3 189
3 196
4 30
4 42
4 81
4 87
4 92
4 95
4 97
4 109
4 129
4 157
4 187
4 193
5 33
5 60
5 64
5 69
5 91
5 125
5 170
5 199
6 17
6 32
6 43
6 78
6 112
6 134
6 182
6 198
7 1
7 34
7 86
7 116
7 121
7 131
7 147
7 192
8 9
8 12
8 15
8 46
8 72
8 74
8 79
8 89
8 115
8 132
8 154
8 155
8 167
8 175
8 183
8 184
9 4
9 25
9 50
9 162
9 181
10 5
10 16
10 18
10 38
10 47
10 51
10 55
10 56
10 57
10 90
10 114
10 124
10 140
10 168
10 186
10 190
11 54
11 73
11 93
11 144
11 151
11 176
11 188
12 3
12 8
12 19
12 24
12 28
12 39
12 44
12 80
12 83
12 88
12 130
12 163
12 173
13 22
13 27
13 29
13 36
13 76
13 104
13 122
13 166
13 172
13 185
14 7
14 31
14 49
14 59
14 103
14 105
14 119
14 120
14 127
14 136
14 171
14 191
15 14
15 21
15 67
15 99
15 118
15 143
15 165
15 195
16 48
16 66
16 84
16 135
16 152
16 158
16 197
17 6
17 65
17 85
17 111
17 113
17 142
17 146
17 149
18 2
18 11
18 13
18 35
18 106
18 178
18 194
