0 14
0 21
0 67
0 118
0 143
0 165
0 195
1 2
1 9
1 12
1 15
1 46
1 70
1 72
1 115
1 132
1 167
1 178
1 183
2 1
2 30
2 34
2 40
2 42
2 87
2 97
2 100
2 116
2 123
2 147
2 192
2 193
3 10
3 24
3 62
3 73
3 83
3 126
3 144
3 148
3 150
3 151
4 48
4 66
4 84
4 131
4 135
4 152
5 0
5 53
5 102
5 107
5 108
5 137
5 139
5 159
5 164
5 169
5 179
5 184
5 189
6 22
6 27
6 29
6 36
6 76
6 104
6 122
6 128
6 166
6 172
6 185
6 188
7 86
7 99
7 121
7 158
8 5
8 16
8 31
8 49
8 51
8 59
8 64
8 103
8 105
8 120
8 127
8 136
8 191
9 18
9 37
9 63
9 114
9 124
9 140
9 160
9 171
9 186
9 196
10 71
10 81
10 92
10 95
10 109
10 117
10 129
10 157
10 187
11 11
11 35
11 38
11 45
11 55
11 57
11 74
11 88
11 93
11 106
11 138
11 154
11 194
12 50
12 61
12 79
12 89
12 155
12 162
12 175
13 17
13 32
13 43
13 60
13 78
13 112
13 134
13 182
13 198
14 7
14 20
14 26
14 75
14 77
14 94
14 110
14 141
14 153
14 156
14 161
15 33
15 47
15 56
15 69
15 82
15 85
15 90
15 91
15 119
15 133
15 168
15 170
15 190
15 197
15 199
16 4
16 23
16 25
16 181
17 6
17 13
17 65
17 111
17 113
17 125
17 142
17 146
17 149
18 3
18 8
18 19
18 28
18 39
18 44
18 80
18 96
18 101
18 130
18 163
18 173
19 41
19 52
19 54
19 58
19 68
19 98
19 145
19 174
19 176
19 177
19 180
