0 3
0 4
0 8
0 9
0 10
0 19
0 22
0 23
0 24
0 25
0 28
0 29
0 36
0 39
0 41
0 44
0 52
0 54
0 58
0 61
0 62
0 68
0 70
0 73
0 76
0 80
0 82
0 83
0 96
0 98
0 101
0 104
0 106
0 118
0 122
0 126
0 128
0 130
0 144
0 145
0 148
0 150
0 151
0 163
0 166
0 172
0 173
0 174
0 177
0 180
0 181
0 188
1 1
1 7
1 15
1 20
1 21
1 26
1 27
1 30
1 31
1 34
1 40
1 42
1 59
1 71
1 72
1 75
1 77
1 81
1 86
1 87
1 88
1 92
1 93
1 94
1 95
1 97
1 100
1 102
1 107
1 108
1 109
1 110
1 116
1 117
1 119
1 120
1 121
1 123
1 129
1 131
1 139
1 141
1 147
1 153
1 154
1 156
1 157
1 161
1 164
1 165
1 169
1 171
1 179
1 185
1 187
1 192
1 193
2 2
2 6
2 11
2 12
2 13
2 14
2 17
2 33
2 35
2 43
2 46
2 48
2 50
2 56
2 60
2 65
2 66
2 67
2 74
2 78
2 79
2 84
2 85
2 89
2 90
2 91
2 99
2 111
2 112
2 113
2 115
2 125
2 132
2 135
2 142
2 143
2 146
2 149
2 152
2 155
2 158
2 162
2 167
2 170
2 175
2 178
2 182
2 183
2 184
2 194
2 195
2 197
2 198
2 199
3 0
3 5
3 16
3 18
3 32
3 37
3 38
3 45
3 47
3 49
3 51
3 53
3 55
3 57
3 63
3 64
3 69
3 103
3 105
3 114
3 124
3 127
3 133
3 134
3 136
3 137
3 138
3 140
3 159
3 160
3 168
3 176
3 186
3 189
3 190
3 191
3 196
