0 3
0 9
0 10
0 19
0 22
0 23
0 24
0 28
0 29
0 36
0 39
0 41
0 44
0 52
0 54
0 58
0 61
0 62
0 68
0 70
0 73
0 76
0 82
0 83
0 88
0 96
0 98
0 101
0 104
0 106
0 126
0 128
0 130
0 145
0 148
0 150
0 151
0 163
0 166
0 172
0 173
0 174
0 177
0 180
0 188
1 6
1 13
1 17
1 32
1 33
1 38
1 43
1 47
1 48
1 55
1 56
1 60
1 65
1 66
1 69
1 78
1 84
1 85
1 90
1 91
1 111
1 112
1 113
1 125
1 134
1 135
1 137
1 138
1 140
1 142
1 144
1 146
1 152
1 168
1 170
1 176
1 178
1 182
1 190
1 194
1 197
1 198
1 199
2 2
2 4
2 7
2 11
2 12
2 14
2 15
2 20
2 21
2 25
2 26
2 35
2 46
2 50
2 67
2 71
2 72
2 74
2 75
2 77
2 79
2 89
2 108
2 109
2 110
2 115
2 117
2 118
2 129
2 132
2 143
2 153
2 154
2 155
2 156
2 157
2 161
2 162
2 165
2 167
2 175
2 181
2 183
2 184
2 195
3 1
3 27
3 30
3 34
3 40
3 42
3 81
3 86
3 87
3 92
3 95
3 97
3 100
3 116
3 121
3 122
3 123
3 131
3 147
3 149
3 158
3 185
3 187
3 192
3 193
4 0
4 5
4 8
4 16
4 18
4 31
4 37
4 45
4 49
4 51
4 53
4 57
4 59
4 63
4 64
4 80
4 93
4 94
4 99
4 102
4 103
4 105
4 107
4 114
4 119
4 120
4 124
4 127
4 133
4 136
4 139
4 141
4 159
4 160
4 164
4 169
4 171
4 179
4 186
4 189
4 191
4 196
