0 3
0 5
0 8
0 16
0 18
0 19
0 24
0 28
0 37
0 39
0 44
0 45
0 51
0 54
0 63
0 73
0 80
0 83
0 88
0 103
0 105
0 123
0 124
0 127
0 130
0 133
0 134
0 136
0 144
0 151
0 159
0 160
0 163
0 173
0 179
0 186
0 189
0 191
0 196
1 2
1 6
1 11
1 13
1 32
1 33
1 35
1 38
1 47
1 55
1 56
1 57
1 65
1 69
1 78
1 84
1 85
1 90
1 91
1 106
1 111
1 113
1 114
1 135
1 137
1 138
1 140
1 142
1 146
1 168
1 170
1 176
1 178
1 190
1 194
1 199
2 7
2 20
2 26
2 31
2 40
2 49
2 59
2 64
2 71
2 75
2 77
2 94
2 100
2 110
2 117
2 120
2 141
2 153
2 156
2 161
2 164
2 171
3 1
3 14
3 21
3 30
3 34
3 42
3 79
3 81
3 82
3 86
3 87
3 89
3 92
3 95
3 97
3 109
3 116
3 118
3 121
3 125
3 129
3 131
3 132
3 143
3 147
3 149
3 157
3 158
3 175
3 187
3 192
3 193
4 4
4 9
4 12
4 15
4 23
4 25
4 41
4 46
4 50
4 52
4 58
4 61
4 68
4 70
4 72
4 74
4 96
4 98
4 101
4 115
4 126
4 145
4 150
4 154
4 155
4 162
4 167
4 174
4 177
4 180
4 181
4 183
5 0
5 10
5 17
5 22
5 27
5 29
5 36
5 43
5 48
5 53
5 60
5 62
5 66
5 67
5 76
5 93
5 99
5 102
5 104
5 107
5 108
5 112
5 119
5 122
5 128
5 139
5 148
5 152
5 165
5 166
5 169
5 172
5 182
5 184
5 185
5 188
5 195
5 197
5 198
