0 4
0 14
0 21
0 25
0 46
0 50
0 67
0 71
0 79
0 89
0 108
0 117
0 118
0 129
0 132
0 143
0 155
0 157
0 162
0 165
0 175
0 181
0 195
0 197
1 17
1 18
1 32
1 33
1 37
1 43
1 47
1 60
1 63
1 78
1 91
1 99
1 112
1 114
1 124
1 125
1 133
1 134
1 137
1 144
1 152
1 160
1 170
1 182
1 186
1 196
1 198
1 199
2 3
2 5
2 8
2 19
2 28
2 39
2 44
2 59
2 80
2 96
2 101
2 103
2 105
2 127
2 130
2 136
2 163
2 173
2 191
3 10
3 22
3 23
3 24
3 27
3 29
3 36
3 52
3 54
3 58
3 61
3 62
3 68
3 73
3 76
3 82
3 83
3 98
3 104
3 122
3 126
3 128
3 145
3 148
3 150
3 151
3 166
3 172
3 174
3 177
3 180
3 188
4 0
4 1
4 30
4 34
4 40
4 42
4 53
4 81
4 86
4 87
4 92
4 93
4 95
4 97
4 100
4 102
4 107
4 116
4 121
4 123
4 131
4 139
4 147
4 158
4 159
4 169
4 179
4 185
4 187
4 189
4 192
4 193
5 7
5 20
5 26
5 31
5 41
5 49
5 64
5 75
5 77
5 94
5 110
5 120
5 141
5 153
5 156
5 161
5 164
5 171
6 2
6 9
6 11
6 12
6 15
6 35
6 38
6 45
6 55
6 57
6 70
6 72
6 74
6 88
6 106
6 109
6 115
6 138
6 154
6 167
6 168
6 178
6 183
6 184
6 194
7 6
7 13
7 16
7 48
7 51
7 56
7 65
7 66
7 69
7 84
7 85
7 90
7 111
7 113
7 119
7 135
7 140
7 142
7 146
7 149
7 176
7 190
