0 0
0 1
0 34
0 42
0 53
0 63
0 86
0 93
0 102
0 107
0 108
0 116
0 121
0 123
0 131
0 137
0 139
0 147
0 158
0 159
0 164
0 169
0 179
0 189
0 192
0 193
1 6
1 13
1 48
1 49
1 56
1 65
1 66
1 69
1 84
1 85
1 90
1 111
1 113
1 119
1 135
1 142
1 146
1 149
1 168
1 184
1 194
1 197
2 3
2 8
2 19
2 24
2 28
2 36
2 39
2 44
2 73
2 80
2 83
2 96
2 126
2 127
2 130
2 150
2 163
2 166
2 173
2 188
3 17
3 32
3 33
3 43
3 60
3 78
3 91
3 112
3 125
3 152
3 170
3 182
3 198
3 199
4 5
4 16
4 18
4 37
4 38
4 45
4 47
4 51
4 54
4 55
4 57
4 105
4 114
4 124
4 133
4 136
4 140
4 144
4 151
4 160
4 176
4 186
4 190
4 196
5 4
5 23
5 25
5 50
5 61
5 79
5 89
5 132
5 155
5 162
5 175
5 181
6 2
6 9
6 11
6 12
6 15
6 35
6 41
6 46
6 52
6 58
6 68
6 70
6 72
6 74
6 88
6 98
6 101
6 115
6 138
6 145
6 154
6 167
6 174
6 177
6 178
6 180
6 183
7 10
7 14
7 21
7 22
7 27
7 29
7 30
7 62
7 67
7 71
7 76
7 81
7 82
7 87
7 92
7 95
7 97
7 99
7 104
7 106
7 109
7 117
7 118
7 122
7 128
7 129
7 143
7 148
7 157
7 165
7 172
7 185
7 187
7 195
8 7
8 20
8 26
8 31
8 40
8 59
8 64
8 75
8 77
8 94
8 100
8 103
8 110
8 120
8 134
8 141
8 153
8 156
8 161
8 171
8 191
