0 3
0 6
0 14
0 27
0 43
0 49
0 66
0 78
0 91
0 95
0 97
0 102
0 105
0 135
0 154
0 158
0 179
0 187
0 198
1 1
1 5
1 20
1 26
1 35
1 39
1 54
1 58
1 73
1 81
1 94
1 100
1 126
1 130
1 137
1 138
1 141
1 147
1 150
1 153
1 176
1 182
1 184
1 185
2 10
2 11
2 16
2 17
2 34
2 65
2 92
2 121
2 122
2 131
2 140
2 146
2 152
2 170
2 186
2 190
3 2
3 4
3 22
3 25
3 41
3 67
3 77
3 98
3 104
3 109
3 112
3 123
3 132
3 134
3 156
3 163
3 167
3 171
3 196
4 21
4 38
4 53
4 87
4 107
4 117
4 129
4 142
4 148
4 151
4 168
4 172
4 180
5 8
5 12
5 19
5 28
5 30
5 37
5 40
5 46
5 52
5 56
5 68
5 70
5 72
5 79
5 80
5 82
5 88
5 89
5 96
5 103
5 110
5 120
5 127
5 143
5 161
5 166
5 175
5 189
5 193
5 194
5 197
5 199
6 7
6 9
6 13
6 32
6 33
6 48
6 64
6 106
6 124
6 133
6 144
6 149
6 159
6 173
6 177
6 188
6 191
7 23
7 29
7 50
7 61
7 62
7 63
7 71
7 84
7 93
7 113
7 114
7 116
7 118
7 125
7 155
7 160
7 165
7 169
7 181
7 195
8 15
8 24
8 42
8 45
8 55
8 76
8 83
8 86
8 99
8 115
8 128
8 139
8 145
8 157
8 162
8 178
8 183
8 192
9 0
9 18
9 31
9 36
9 44
9 47
9 51
9 57
9 59
9 60
9 69
9 74
9 75
9 85
9 90
9 101
9 108
9 111
9 119
9 136
9 164
9 174
