0 15
0 24
0 42
0 45
0 50
0 55
0 76
0 83
0 115
0 128
0 139
0 145
0 157
0 162
0 178
0 183
0 184
0 192
1 21
1 41
1 89
1 104
1 110
1 112
1 123
1 127
1 129
1 142
1 167
2 18
2 36
2 38
2 47
2 51
2 53
2 85
2 87
2 90
2 101
2 107
2 108
2 117
2 119
2 148
2 164
2 168
2 174
2 180
3 3
3 6
3 14
3 27
3 43
3 49
3 66
3 78
3 91
3 95
3 97
3 102
3 105
3 135
3 154
3 158
3 179
3 187
3 198
4 2
4 4
4 25
4 77
4 98
4 109
4 113
4 132
4 134
4 156
4 163
4 171
4 196
5 23
5 29
5 34
5 61
5 62
5 63
5 65
5 71
5 84
5 92
5 93
5 114
5 116
5 118
5 121
5 122
5 125
5 146
5 155
5 160
5 165
5 169
5 172
5 195
6 11
6 16
6 17
6 31
6 48
6 57
6 60
6 69
6 74
6 106
6 111
6 133
6 136
6 140
6 151
6 152
6 186
6 188
6 190
6 191
7 12
7 19
7 22
7 30
7 52
7 56
7 67
7 70
7 82
7 86
7 99
7 143
7 161
7 166
7 181
7 189
7 193
7 197
7 199
8 1
8 8
8 26
8 28
8 37
8 40
8 46
8 68
8 72
8 79
8 80
8 88
8 96
8 103
8 120
8 137
8 141
8 150
8 175
8 176
8 185
8 194
9 0
9 5
9 10
9 20
9 35
9 39
9 44
9 54
9 58
9 59
9 73
9 75
9 81
9 94
9 100
9 126
9 130
9 131
9 138
9 147
9 153
9 170
9 182
10 7
10 9
10 13
10 32
10 33
10 64
10 124
10 144
10 149
10 159
10 173
10 177
