0 21
0 41
0 89
0 104
0 110
0 112
0 123
0 127
0 129
0 142
0 167
1 36
1 38
1 47
1 51
1 53
1 85
1 87
1 90
1 101
1 107
1 108
1 111
1 117
1 119
1 136
1 148
1 151
1 164
1 168
1 174
1 180
2 3
2 6
2 14
2 27
2 43
2 49
2 66
2 78
2 91
2 95
2 97
2 102
2 105
2 135
2 154
2 158
2 187
2 198
3 8
3 28
3 37
3 40
3 46
3 52
3 56
3 68
3 70
3 72
3 79
3 80
3 88
3 96
3 103
3 120
3 166
3 175
3 193
3 194
3 199
4 2
4 4
4 25
4 77
4 98
4 109
4 113
4 132
4 134
4 156
4 163
4 171
4 196
5 12
5 23
5 30
5 50
5 61
5 67
5 71
5 82
5 86
5 99
5 161
5 169
5 181
5 197
6 1
6 5
6 20
6 26
6 35
6 39
6 54
6 58
6 73
6 81
6 94
6 100
6 126
6 130
6 137
6 141
6 147
6 150
6 153
6 182
6 185
7 19
7 22
7 29
7 62
7 63
7 93
7 114
7 116
7 118
7 143
7 155
7 160
7 172
7 189
7 195
8 0
8 10
8 11
8 16
8 17
8 18
8 31
8 44
8 57
8 59
8 60
8 69
8 74
8 75
8 131
8 138
8 140
8 170
8 186
8 190
9 7
9 9
9 13
9 32
9 33
9 48
9 64
9 106
9 124
9 133
9 144
9 149
9 159
9 173
9 177
9 179
9 188
9 191
10 34
10 65
10 84
10 92
10 121
10 122
10 125
10 146
10 152
10 165
11 15
11 24
11 42
11 45
11 55
11 76
11 83
11 115
11 128
11 139
11 145
11 157
11 162
11 176
11 178
11 183
11 184
11 192
