0 0
0 5
0 20
0 44
0 54
0 58
0 59
0 73
0 75
0 94
0 100
0 126
0 130
0 138
0 147
0 153
0 182
1 6
1 14
1 27
1 43
1 49
1 66
1 78
1 91
1 95
1 97
1 102
1 105
1 135
1 154
1 158
1 179
1 187
1 198
2 2
2 4
2 25
2 41
2 77
2 98
2 104
2 109
2 123
2 132
2 134
2 156
2 163
2 167
2 171
2 196
3 8
3 12
3 24
3 28
3 45
3 52
3 56
3 68
3 79
3 80
3 83
3 86
3 103
3 166
3 175
3 194
3 199
4 3
4 7
4 9
4 13
4 33
4 64
4 124
4 133
4 144
4 149
4 159
4 173
5 32
5 38
5 87
5 112
5 129
5 142
5 148
5 151
5 168
5 172
5 177
6 19
6 29
6 62
6 63
6 93
6 113
6 114
6 116
6 118
6 160
6 189
6 195
7 18
7 36
7 47
7 51
7 53
7 90
7 101
7 107
7 108
7 117
7 119
7 164
7 174
7 180
8 1
8 21
8 26
8 37
8 40
8 46
8 72
8 85
8 88
8 89
8 96
8 110
8 120
8 127
8 137
8 141
8 143
8 150
8 185
9 15
9 35
9 39
9 42
9 55
9 76
9 81
9 115
9 128
9 131
9 139
9 145
9 157
9 162
9 176
9 178
9 183
9 184
9 192
10 23
10 34
10 50
10 61
10 65
10 71
10 84
10 92
10 121
10 122
10 125
10 155
10 165
10 169
11 22
11 30
11 67
11 70
11 82
11 99
11 161
11 181
11 193
11 197
12 10
12 11
12 16
12 17
12 31
12 48
12 57
12 60
12 69
12 74
12 106
12 111
12 136
12 140
12 146
12 152
12 170
12 186
12 188
12 190
12 191
