0 3
0 7
0 9
0 13
0 32
0 33
0 64
0 144
0 149
0 154
0 159
0 173
0 177
0 179
1 1
1 26
1 40
1 54
1 58
1 73
1 85
1 90
1 94
1 100
1 120
1 126
1 130
1 137
1 141
1 147
1 150
1 182
1 185
2 2
2 25
2 77
2 98
2 109
2 113
2 132
2 134
2 171
2 196
3 10
3 16
3 17
3 34
3 65
3 92
3 121
3 122
3 131
3 140
3 146
3 152
3 170
3 186
3 190
4 12
4 24
4 45
4 56
4 83
4 86
4 162
4 166
4 199
5 21
5 38
5 53
5 87
5 107
5 117
5 129
5 148
5 168
5 180
6 23
6 29
6 50
6 61
6 63
6 71
6 84
6 114
6 125
6 139
6 155
6 165
6 169
6 181
7 0
7 5
7 18
7 31
7 36
7 44
7 47
7 51
7 59
7 60
7 69
7 74
7 75
7 101
7 108
7 119
7 138
7 164
7 174
8 4
8 19
8 22
8 62
8 67
8 93
8 116
8 118
8 160
8 163
8 172
8 189
8 195
9 6
9 14
9 27
9 43
9 49
9 66
9 78
9 91
9 95
9 97
9 102
9 105
9 135
9 158
9 187
9 198
10 8
10 28
10 30
10 37
10 46
10 52
10 68
10 70
10 72
10 79
10 80
10 82
10 88
10 89
10 96
10 99
10 103
10 110
10 143
10 161
10 175
10 193
10 194
10 197
11 41
11 104
11 112
11 123
11 127
11 142
11 156
11 167
12 11
12 48
12 57
12 106
12 111
12 124
12 133
12 136
12 151
12 188
12 191
13 15
13 20
13 35
13 39
13 42
13 55
13 76
13 81
13 115
13 128
13 145
13 153
13 157
13 176
13 178
13 183
13 184
13 192
