0 15
0 35
0 39
0 42
0 55
0 76
0 81
0 83
0 115
0 128
0 145
0 157
0 162
0 176
0 178
0 183
0 184
0 192
1 62
1 77
1 93
1 109
1 113
1 116
1 118
1 134
1 160
1 171
1 195
1 196
2 18
2 36
2 47
2 53
2 101
2 108
2 117
2 164
2 174
3 1
3 21
3 26
3 37
3 40
3 46
3 72
3 89
3 96
3 110
3 120
3 127
3 137
3 141
3 143
3 150
3 185
4 11
4 16
4 17
4 31
4 57
4 60
4 69
4 74
4 111
4 136
4 186
5 6
5 49
5 91
5 95
5 158
5 187
6 12
6 19
6 22
6 30
6 67
6 70
6 82
6 161
6 189
6 197
7 9
7 13
7 48
7 106
7 124
7 133
7 144
7 149
7 159
7 173
7 188
7 191
8 7
8 32
8 33
8 64
8 112
8 142
8 177
9 8
9 24
9 28
9 45
9 52
9 56
9 68
9 79
9 80
9 86
9 88
9 99
9 103
9 166
9 175
9 193
9 194
9 199
10 0
10 5
10 20
10 44
10 54
10 58
10 59
10 73
10 75
10 94
10 100
10 126
10 130
10 138
10 147
10 153
10 182
11 10
11 34
11 65
11 92
11 121
11 122
11 131
11 140
11 146
11 152
11 170
11 190
12 2
12 4
12 25
12 41
12 98
12 104
12 123
12 132
12 156
12 163
12 167
13 23
13 29
13 50
13 61
13 63
13 71
13 84
13 114
13 125
13 139
13 155
13 165
13 169
13 181
14 3
14 14
14 27
14 43
14 66
14 78
14 97
14 102
14 105
14 135
14 154
14 179
14 198
15 38
15 51
15 85
15 87
15 90
15 107
15 119
15 129
15 148
15 151
15 168
15 172
15 180
