0 2
0 4
0 25
0 77
0 98
0 109
0 113
0 132
0 134
0 156
0 163
0 171
0 196
1 23
1 34
1 65
1 84
1 92
1 121
1 122
1 125
1 146
1 165
2 3
2 7
2 9
2 13
2 14
2 32
2 33
2 64
2 144
2 149
2 159
2 173
3 48
3 57
3 87
3 106
3 111
3 124
3 133
3 136
3 151
3 177
3 188
3 191
4 15
4 42
4 76
4 88
4 145
4 157
4 176
4 178
4 184
4 192
5 21
5 89
5 107
5 110
5 129
5 180
6 19
6 22
6 29
6 62
6 63
6 93
6 114
6 116
6 118
6 155
6 160
6 172
6 189
6 195
7 36
7 38
7 47
7 51
7 53
7 101
7 108
7 117
7 119
7 148
7 164
7 168
7 174
8 41
8 104
8 123
8 127
8 142
8 167
9 0
9 5
9 18
9 31
9 44
9 59
9 60
9 69
9 74
9 75
9 138
10 8
10 28
10 37
10 46
10 52
10 56
10 68
10 72
10 79
10 80
10 86
10 96
10 103
10 166
10 175
10 194
10 199
11 1
11 26
11 40
11 54
11 58
11 85
11 90
11 94
11 120
11 130
11 137
11 141
11 150
11 182
11 185
12 6
12 49
12 91
12 95
12 158
13 50
13 61
13 71
13 139
13 169
14 27
14 43
14 66
14 78
14 97
14 102
14 105
14 135
14 154
14 179
14 187
14 198
15 20
15 35
15 39
15 73
15 81
15 100
15 126
15 131
15 147
15 153
16 10
16 11
16 16
16 17
16 140
16 152
16 170
16 186
16 190
17 12
17 112
18 30
18 67
18 70
18 82
18 99
18 143
18 161
18 181
18 193
18 197
19 24
19 45
19 55
19 83
19 115
19 128
19 162
19 183
