0 3
0 6
0 9
0 13
0 14
0 27
0 32
0 33
0 43
0 49
0 64
0 66
0 78
0 91
0 95
0 97
0 102
0 105
0 135
0 149
0 154
0 158
0 159
0 179
0 187
0 198
1 8
1 12
1 21
1 24
1 26
1 28
1 30
1 37
1 40
1 45
1 46
1 52
1 56
1 68
1 70
1 72
1 79
1 80
1 82
1 86
1 88
1 89
1 96
1 99
1 103
1 110
1 120
1 127
1 143
1 161
1 166
1 175
1 181
1 193
1 194
1 197
1 199
2 0
2 5
2 10
2 11
2 16
2 17
2 18
2 31
2 44
2 57
2 58
2 59
2 60
2 69
2 74
2 75
2 85
2 90
2 94
2 108
2 121
2 131
2 138
2 140
2 152
2 170
2 186
2 190
3 19
3 23
3 29
3 34
3 50
3 61
3 62
3 63
3 65
3 71
3 84
3 92
3 93
3 113
3 114
3 116
3 118
3 122
3 125
3 146
3 155
3 160
3 165
3 169
3 172
3 189
3 195
4 2
4 4
4 22
4 25
4 41
4 67
4 77
4 98
4 104
4 109
4 112
4 123
4 132
4 134
4 156
4 163
4 167
4 171
4 196
5 7
5 36
5 38
5 47
5 48
5 51
5 53
5 87
5 101
5 106
5 107
5 111
5 117
5 119
5 124
5 129
5 133
5 136
5 142
5 144
5 148
5 151
5 164
5 168
5 173
5 174
5 177
5 180
5 188
5 191
6 1
6 15
6 20
6 35
6 39
6 42
6 54
6 55
6 73
6 76
6 81
6 83
6 100
6 115
6 126
6 128
6 130
6 137
6 139
6 141
6 145
6 147
6 150
6 153
6 157
6 162
6 176
6 178
6 182
6 183
6 184
6 185
6 192
