0 8
0 12
0 24
0 28
0 30
0 37
0 40
0 45
0 46
0 52
0 56
0 68
0 70
0 72
0 79
0 80
0 82
0 86
0 88
0 89
0 96
0 99
0 103
0 110
0 120
0 127
0 143
0 161
0 166
0 175
0 181
0 193
0 194
0 197
0 199
1 7
1 21
1 36
1 38
1 47
1 51
1 53
1 87
1 101
1 107
1 108
1 111
1 117
1 119
1 124
1 129
1 133
1 136
1 142
1 144
1 148
1 151
1 164
1 168
1 173
1 174
1 177
1 180
1 188
1 191
2 19
2 23
2 29
2 34
2 50
2 61
2 62
2 63
2 65
2 71
2 84
2 92
2 93
2 113
2 114
2 116
2 118
2 122
2 125
2 155
2 160
2 165
2 169
2 172
2 189
2 195
3 0
3 1
3 5
3 20
3 26
3 44
3 54
3 58
3 73
3 75
3 85
3 90
3 94
3 100
3 126
3 130
3 137
3 138
3 141
3 147
3 150
3 153
3 182
3 185
4 3
4 6
4 9
4 13
4 14
4 27
4 32
4 33
4 43
4 49
4 64
4 66
4 78
4 91
4 95
4 97
4 102
4 105
4 135
4 149
4 154
4 158
4 159
4 179
4 187
4 198
5 15
5 35
5 39
5 42
5 55
5 76
5 81
5 83
5 115
5 128
5 139
5 145
5 157
5 162
5 176
5 178
5 183
5 184
5 192
6 2
6 4
6 22
6 25
6 41
6 67
6 77
6 98
6 104
6 109
6 112
6 123
6 132
6 134
6 156
6 163
6 167
6 171
6 196
7 10
7 11
7 16
7 17
7 18
7 31
7 48
7 57
7 59
7 60
7 69
7 74
7 106
7 121
7 131
7 140
7 146
7 152
7 170
7 186
7 190
