0 15
0 20
0 35
0 39
0 42
0 54
0 55
0 73
0 76
0 81
0 100
0 115
0 126
0 128
0 130
0 131
0 138
0 139
0 141
0 145
0 147
0 150
0 153
0 157
0 162
0 176
0 178
0 182
0 183
0 184
0 185
0 192
1 3
1 7
1 9
1 13
1 32
1 33
1 38
1 48
1 64
1 87
1 106
1 124
1 133
1 142
1 144
1 149
1 151
1 154
1 159
1 173
1 177
1 179
1 188
2 8
2 12
2 24
2 28
2 30
2 45
2 52
2 56
2 68
2 70
2 79
2 80
2 82
2 83
2 86
2 88
2 99
2 103
2 161
2 166
2 175
2 181
2 193
2 194
2 197
2 199
3 0
3 5
3 18
3 36
3 44
3 47
3 53
3 58
3 59
3 75
3 90
3 94
3 101
3 108
3 117
3 164
3 174
4 23
4 29
4 34
4 50
4 61
4 62
4 63
4 65
4 71
4 84
4 92
4 93
4 113
4 114
4 116
4 118
4 122
4 125
4 155
4 160
4 165
4 169
4 172
4 189
4 195
5 2
5 4
5 22
5 25
5 41
5 67
5 77
5 98
5 104
5 109
5 112
5 123
5 132
5 134
5 156
5 163
5 167
5 171
5 196
6 10
6 11
6 16
6 17
6 31
6 51
6 57
6 60
6 69
6 74
6 85
6 111
6 119
6 121
6 136
6 140
6 146
6 148
6 152
6 168
6 170
6 186
6 190
6 191
7 6
7 14
7 27
7 43
7 49
7 66
7 78
7 91
7 95
7 97
7 102
7 105
7 135
7 158
7 187
7 198
8 1
8 19
8 21
8 26
8 37
8 40
8 46
8 72
8 89
8 96
8 107
8 110
8 120
8 127
8 129
8 137
8 143
8 180
