0 4
0 10
0 12
0 17
0 25
0 26
0 30
0 31
0 55
0 72
0 98
0 109
0 124
0 133
0 134
0 145
0 148
0 190
0 201
0 214
0 227
0 230
0 232
0 236
0 253
0 258
0 260
0 261
0 281
0 290
0 299
0 305
0 306
0 333
0 336
0 353
0 357
0 368
0 372
0 387
1 5
1 6
1 24
1 27
1 29
1 32
1 33
1 45
1 47
1 51
1 53
1 67
1 81
1 83
1 89
1 104
1 117
1 122
1 129
1 137
1 138
1 143
1 151
1 153
1 161
1 180
1 192
1 199
1 207
1 218
1 221
1 246
1 249
1 251
1 282
1 286
1 295
1 297
1 309
1 310
1 332
1 350
1 358
1 360
1 364
1 374
1 390
1 399
2 3
2 9
2 13
2 15
2 36
2 42
2 48
2 56
2 65
2 71
2 77
2 79
2 80
2 87
2 88
2 112
2 116
2 123
2 162
2 166
2 167
2 169
2 175
2 184
2 185
2 186
2 187
2 189
2 206
2 254
2 262
2 274
2 283
2 288
2 292
2 303
2 308
2 319
2 328
2 341
2 344
2 349
2 362
2 367
2 381
2 384
2 391
2 397
3 0
3 28
3 38
3 50
3 60
3 74
3 94
3 100
3 111
3 114
3 121
3 131
3 132
3 146
3 158
3 178
3 181
3 212
3 220
3 235
3 244
3 245
3 264
3 317
3 334
3 347
3 359
3 378
3 379
3 398
4 18
4 21
4 34
4 37
4 52
4 61
4 62
4 68
4 70
4 159
4 168
4 173
4 176
4 182
4 226
4 233
4 237
4 238
4 240
4 241
4 248
4 257
4 265
4 269
4 275
4 291
4 298
4 301
4 302
4 311
4 320
4 337
4 346
4 385
4 386
4 388
4 396
5 8
5 20
5 35
5 69
5 73
5 85
5 102
5 103
5 120
5 127
5 128
5 139
5 150
5 156
5 165
5 174
5 203
5 213
5 229
5 268
5 270
5 271
5 304
5 315
5 316
5 324
5 326
5 342
5 343
5 365
5 369
5 389
5 395
6 1
6 2
6 19
6 41
6 46
6 54
6 57
6 58
6 63
6 64
6 82
6 86
6 136
6 171
6 200
6 202
6 204
6 223
6 228
6 243
6 247
6 255
6 273
6 278
6 279
6 287
6 300
6 313
6 338
6 354
6 363
7 7
7 23
7 66
7 75
7 76
7 90
7 91
7 101
7 107
7 119
7 135
7 142
7 147
7 152
7 172
7 179
7 183
7 194
7 208
7 211
7 219
7 234
7 239
7 256
7 259
7 267
7 276
7 285
7 289
7 331
7 335
7 340
7 348
7 352
7 361
7 366
7 370
7 371
7 373
7 375
7 377
7 380
8 11
8 14
8 40
8 43
8 44
8 97
8 99
8 105
8 106
8 108
8 110
8 115
8 125
8 130
8 141
8 149
8 154
8 157
8 160
8 164
8 170
8 188
8 193
8 195
8 198
8 209
8 215
8 217
8 222
8 224
8 231
8 242
8 263
8 266
8 293
8 296
8 307
8 312
8 314
8 321
8 323
8 327
8 329
8 339
8 345
8 351
8 356
8 382
8 392
8 394
9 16
9 22
9 39
9 49
9 59
9 78
9 84
9 92
9 93
9 95
9 96
9 113
9 118
9 126
9 140
9 144
9 155
9 163
9 177
9 191
9 196
9 197
9 205
9 210
9 216
9 225
9 250
9 252
9 272
9 277
9 280
9 284
9 294
9 318
9 322
9 325
9 330
9 355
9 376
9 383
9 393
