0 0
0 4
0 11
0 12
0 17
0 25
0 30
0 55
0 98
0 106
0 109
0 114
0 133
0 134
0 141
0 145
0 190
0 201
0 214
0 224
0 227
0 230
0 232
0 236
0 242
0 253
0 264
0 281
0 299
0 333
0 345
0 353
0 359
0 368
0 372
0 382
0 387
0 394
1 28
1 35
1 43
1 44
1 47
1 60
1 74
1 99
1 104
1 107
1 108
1 110
1 113
1 115
1 118
1 130
1 131
1 149
1 151
1 154
1 155
1 160
1 164
1 192
1 193
1 195
1 196
1 208
1 213
1 215
1 216
1 217
1 219
1 220
1 235
1 263
1 266
1 276
1 284
1 295
1 312
1 314
1 321
1 351
1 352
1 356
1 369
1 392
2 1
2 2
2 19
2 41
2 46
2 54
2 57
2 58
2 63
2 64
2 82
2 86
2 136
2 171
2 200
2 202
2 204
2 223
2 228
2 243
2 247
2 255
2 273
2 278
2 279
2 287
2 300
2 313
2 338
2 342
2 354
2 363
3 3
3 9
3 26
3 36
3 42
3 48
3 50
3 56
3 71
3 77
3 79
3 87
3 88
3 100
3 111
3 116
3 123
3 124
3 158
3 162
3 166
3 167
3 169
3 175
3 178
3 181
3 184
3 185
3 186
3 187
3 206
3 212
3 244
3 254
3 258
3 262
3 283
3 288
3 292
3 303
3 305
3 308
3 317
3 319
3 328
3 334
3 341
3 344
3 362
3 378
3 379
3 381
3 391
3 397
3 398
4 7
4 23
4 66
4 75
4 76
4 90
4 91
4 101
4 119
4 135
4 147
4 152
4 168
4 172
4 179
4 183
4 194
4 211
4 234
4 239
4 256
4 259
4 267
4 285
4 289
4 340
4 366
4 371
4 373
4 375
4 377
4 380
5 18
5 21
5 34
5 37
5 52
5 61
5 62
5 68
5 70
5 159
5 173
5 176
5 182
5 226
5 233
5 237
5 238
5 240
5 241
5 248
5 257
5 265
5 269
5 275
5 298
5 301
5 302
5 311
5 320
5 337
5 346
5 385
5 386
5 388
5 396
6 10
6 16
6 22
6 39
6 49
6 51
6 59
6 72
6 78
6 84
6 92
6 93
6 95
6 96
6 126
6 140
6 144
6 163
6 177
6 191
6 197
6 205
6 210
6 225
6 250
6 252
6 272
6 277
6 280
6 294
6 318
6 322
6 325
6 330
6 355
6 376
6 383
6 393
7 8
7 20
7 69
7 85
7 102
7 103
7 120
7 127
7 128
7 139
7 150
7 156
7 165
7 203
7 268
7 270
7 291
7 315
7 324
7 343
7 365
7 389
7 395
8 13
8 15
8 29
8 31
8 32
8 45
8 53
8 65
8 80
8 81
8 89
8 143
8 148
8 153
8 161
8 180
8 189
8 207
8 260
8 261
8 274
8 290
8 297
8 306
8 336
8 349
8 357
8 360
8 367
8 384
9 14
9 38
9 40
9 73
9 94
9 97
9 105
9 121
9 125
9 132
9 146
9 157
9 170
9 174
9 188
9 198
9 209
9 222
9 229
9 231
9 245
9 271
9 293
9 296
9 304
9 307
9 316
9 323
9 326
9 327
9 329
9 339
9 347
10 5
10 6
10 24
10 27
10 33
10 67
10 83
10 112
10 117
10 122
10 129
10 137
10 138
10 142
10 199
10 218
10 221
10 246
10 249
10 251
10 282
10 286
10 309
10 310
10 331
10 332
10 335
10 348
10 350
10 358
10 361
10 364
10 370
10 374
10 390
10 399
