0 10
0 16
0 22
0 39
0 49
0 59
0 72
0 78
0 84
0 92
0 93
0 95
0 96
0 113
0 118
0 126
0 140
0 144
0 148
0 155
0 163
0 177
0 191
0 196
0 197
0 205
0 210
0 216
0 225
0 250
0 252
0 272
0 277
0 280
0 284
0 294
0 318
0 322
0 325
0 330
0 355
0 376
0 383
0 393
1 0
1 4
1 12
1 17
1 25
1 30
1 38
1 55
1 98
1 109
1 114
1 133
1 134
1 141
1 145
1 146
1 190
1 201
1 214
1 227
1 230
1 232
1 236
1 253
1 264
1 281
1 299
1 333
1 353
1 359
1 368
1 372
1 387
1 394
2 1
2 2
2 19
2 41
2 46
2 54
2 57
2 58
2 63
2 82
2 86
2 136
2 171
2 200
2 202
2 204
2 223
2 228
2 243
2 247
2 255
2 273
2 278
2 279
2 300
2 313
2 338
2 354
2 363
3 15
3 36
3 64
3 71
3 75
3 80
3 91
3 112
3 116
3 119
3 123
3 142
3 147
3 152
3 169
3 234
3 239
3 256
3 267
3 285
3 287
3 289
3 335
3 344
3 371
3 373
3 375
3 377
3 381
4 3
4 9
4 26
4 28
4 31
4 42
4 48
4 50
4 56
4 60
4 65
4 74
4 77
4 79
4 87
4 88
4 100
4 111
4 124
4 131
4 158
4 162
4 166
4 167
4 175
4 178
4 181
4 184
4 185
4 186
4 187
4 206
4 212
4 244
4 254
4 258
4 261
4 262
4 283
4 288
4 292
4 303
4 305
4 308
4 317
4 319
4 328
4 334
4 336
4 341
4 349
4 357
4 362
4 367
4 378
4 379
4 391
4 397
4 398
5 8
5 73
5 94
5 97
5 105
5 108
5 110
5 121
5 125
5 132
5 150
5 157
5 174
5 188
5 213
5 217
5 220
5 222
5 229
5 231
5 245
5 271
5 293
5 304
5 307
5 316
5 326
5 327
5 329
5 339
5 342
5 347
5 369
6 20
6 35
6 69
6 85
6 102
6 103
6 120
6 127
6 128
6 139
6 156
6 165
6 203
6 268
6 270
6 291
6 315
6 324
6 343
6 365
6 389
6 395
7 18
7 21
7 34
7 37
7 52
7 61
7 62
7 68
7 70
7 159
7 173
7 176
7 182
7 226
7 233
7 237
7 238
7 240
7 241
7 248
7 257
7 265
7 269
7 275
7 298
7 301
7 302
7 311
7 320
7 337
7 346
7 385
7 386
7 388
8 11
8 14
8 40
8 43
8 44
8 99
8 106
8 115
8 130
8 149
8 154
8 160
8 164
8 170
8 193
8 195
8 198
8 209
8 215
8 224
8 242
8 263
8 266
8 296
8 312
8 314
8 321
8 323
8 345
8 351
8 356
8 382
8 392
9 5
9 6
9 24
9 27
9 33
9 47
9 67
9 83
9 104
9 107
9 117
9 122
9 129
9 137
9 138
9 151
9 192
9 199
9 208
9 218
9 219
9 221
9 235
9 246
9 249
9 251
9 276
9 282
9 286
9 295
9 309
9 310
9 331
9 332
9 348
9 350
9 352
9 358
9 364
9 370
9 374
9 390
9 399
10 7
10 23
10 66
10 76
10 90
10 101
10 135
10 168
10 172
10 179
10 183
10 194
10 211
10 259
10 340
10 361
10 366
10 380
10 396
11 13
11 29
11 32
11 45
11 51
11 53
11 81
11 89
11 143
11 153
11 161
11 180
11 189
11 207
11 260
11 274
11 290
11 297
11 306
11 360
11 384
