0 15
0 36
0 64
0 71
0 75
0 80
0 91
0 112
0 119
0 123
0 142
0 147
0 152
0 169
0 183
0 234
0 239
0 256
0 267
0 285
0 287
0 289
0 335
0 344
0 371
0 373
0 375
0 377
0 381
1 28
1 48
1 50
1 60
1 74
1 79
1 94
1 100
1 111
1 131
1 158
1 175
1 178
1 181
1 186
1 187
1 206
1 212
1 220
1 244
1 245
1 258
1 305
1 308
1 317
1 319
1 334
1 378
1 379
1 391
1 398
2 1
2 2
2 19
2 20
2 41
2 46
2 54
2 57
2 58
2 63
2 69
2 82
2 85
2 102
2 120
2 128
2 136
2 150
2 171
2 200
2 202
2 223
2 228
2 243
2 247
2 255
2 270
2 278
2 279
2 300
2 313
2 315
2 338
2 342
2 343
2 354
2 363
2 389
2 395
3 16
3 22
3 39
3 49
3 59
3 78
3 84
3 92
3 93
3 95
3 96
3 126
3 140
3 144
3 163
3 177
3 191
3 197
3 205
3 210
3 225
3 250
3 272
3 277
3 280
3 294
3 318
3 322
3 325
3 330
3 355
3 376
3 393
4 8
4 14
4 40
4 73
4 97
4 103
4 105
4 121
4 125
4 132
4 139
4 156
4 157
4 165
4 170
4 174
4 188
4 203
4 209
4 222
4 229
4 231
4 271
4 293
4 296
4 304
4 307
4 316
4 323
4 326
4 327
4 329
4 339
4 347
4 365
5 13
5 29
5 32
5 45
5 51
5 53
5 65
5 81
5 89
5 104
5 143
5 153
5 161
5 180
5 189
5 192
5 199
5 207
5 252
5 274
5 297
5 349
5 360
5 384
6 7
6 18
6 23
6 62
6 66
6 76
6 90
6 101
6 135
6 168
6 172
6 173
6 176
6 179
6 194
6 211
6 259
6 298
6 340
6 366
6 380
6 385
6 396
7 21
7 34
7 37
7 52
7 61
7 68
7 70
7 127
7 159
7 182
7 226
7 233
7 237
7 238
7 240
7 241
7 248
7 257
7 265
7 268
7 269
7 275
7 291
7 301
7 302
7 311
7 320
7 337
7 346
7 386
7 388
8 10
8 17
8 26
8 31
8 72
8 109
8 124
8 134
8 148
8 214
8 253
8 260
8 261
8 281
8 290
8 306
8 336
8 357
9 5
9 6
9 24
9 27
9 33
9 67
9 83
9 117
9 122
9 129
9 137
9 138
9 218
9 221
9 246
9 249
9 251
9 282
9 286
9 309
9 310
9 331
9 332
9 348
9 350
9 358
9 361
9 364
9 370
9 374
9 390
9 399
10 35
10 43
10 44
10 47
10 99
10 107
10 108
10 110
10 113
10 115
10 118
10 130
10 149
10 151
10 154
10 155
10 160
10 164
10 193
10 195
10 196
10 208
10 213
10 215
10 216
10 217
10 219
10 235
10 263
10 266
10 276
10 284
10 295
10 312
10 314
10 321
10 324
10 351
10 352
10 353
10 356
10 369
10 383
11 0
11 4
11 11
11 12
11 25
11 30
11 38
11 55
11 98
11 106
11 114
11 133
11 141
11 145
11 146
11 190
11 198
11 201
11 224
11 227
11 230
11 232
11 236
11 242
11 264
11 299
11 333
11 345
11 359
11 368
11 372
11 382
11 387
11 392
11 394
12 3
12 9
12 42
12 56
12 77
12 86
12 87
12 88
12 116
12 162
12 166
12 167
12 184
12 185
12 204
12 254
12 262
12 273
12 283
12 288
12 292
12 303
12 328
12 341
12 362
12 367
12 397
