0 10
0 17
0 26
0 30
0 31
0 72
0 109
0 124
0 134
0 148
0 214
0 230
0 253
0 260
0 261
0 281
0 290
0 336
0 357
1 16
1 22
1 39
1 49
1 59
1 78
1 84
1 92
1 93
1 95
1 96
1 113
1 118
1 126
1 140
1 144
1 151
1 155
1 163
1 177
1 191
1 196
1 197
1 205
1 210
1 216
1 225
1 250
1 277
1 280
1 284
1 294
1 318
1 322
1 325
1 330
1 355
1 376
1 383
1 393
2 57
2 61
2 62
2 63
2 64
2 152
2 200
2 233
2 247
2 248
2 287
2 301
2 302
2 338
2 346
3 15
3 36
3 71
3 77
3 80
3 91
3 112
3 116
3 119
3 123
3 142
3 147
3 162
3 167
3 169
3 239
3 256
3 267
3 285
3 289
3 335
3 344
3 371
3 375
3 377
3 381
4 14
4 38
4 40
4 73
4 97
4 105
4 121
4 125
4 132
4 146
4 157
4 170
4 188
4 209
4 222
4 231
4 271
4 293
4 296
4 307
4 327
4 329
4 339
4 347
5 18
5 21
5 34
5 37
5 52
5 68
5 159
5 176
5 182
5 226
5 237
5 238
5 240
5 241
5 257
5 265
5 269
5 275
5 298
5 311
5 320
5 337
5 385
5 386
5 388
6 69
6 70
6 103
6 127
6 139
6 156
6 268
6 291
6 315
6 324
6 343
6 365
6 389
6 395
7 7
7 23
7 66
7 76
7 90
7 101
7 135
7 168
7 172
7 173
7 179
7 183
7 194
7 211
7 259
7 340
7 366
7 380
7 396
8 43
8 44
8 99
8 108
8 110
8 115
8 130
8 149
8 154
8 160
8 164
8 193
8 195
8 198
8 215
8 217
8 263
8 266
8 312
8 314
8 321
8 323
8 351
8 356
8 392
9 13
9 29
9 32
9 45
9 51
9 53
9 65
9 81
9 89
9 104
9 143
9 153
9 161
9 180
9 189
9 192
9 207
9 252
9 272
9 274
9 297
9 306
9 349
9 360
9 367
9 384
10 8
10 20
10 35
10 85
10 102
10 120
10 150
10 165
10 174
10 203
10 213
10 229
10 270
10 304
10 316
10 326
10 342
10 369
11 47
11 67
11 75
11 107
11 138
11 208
11 219
11 234
11 235
11 276
11 331
11 348
11 352
11 370
11 373
12 5
12 6
12 24
12 27
12 33
12 83
12 117
12 122
12 129
12 137
12 199
12 218
12 221
12 246
12 249
12 251
12 282
12 286
12 295
12 309
12 310
12 332
12 350
12 358
12 361
12 364
12 374
12 390
12 399
13 0
13 4
13 11
13 12
13 25
13 55
13 98
13 106
13 114
13 133
13 141
13 145
13 190
13 201
13 224
13 227
13 232
13 236
13 242
13 299
13 333
13 345
13 353
13 359
13 368
13 372
13 382
13 387
13 394
14 1
14 2
14 19
14 41
14 46
14 54
14 58
14 82
14 128
14 136
14 171
14 202
14 223
14 228
14 243
14 255
14 278
14 279
14 300
14 313
14 354
14 363
15 3
15 9
15 42
15 56
15 86
15 87
15 88
15 166
15 184
15 185
15 186
15 204
15 244
15 254
15 262
15 273
15 283
15 288
15 292
15 303
15 328
15 341
15 362
15 397
16 28
16 48
16 50
16 60
16 74
16 79
16 94
16 100
16 111
16 131
16 158
16 175
16 178
16 181
16 187
16 206
16 212
16 220
16 245
16 258
16 264
16 305
16 308
16 317
16 319
16 334
16 378
16 379
16 391
16 398
