0 0
0 3
0 4
0 5
0 6
0 9
0 10
0 11
0 12
0 13
0 14
0 15
0 16
0 17
0 22
0 24
0 25
0 26
0 27
0 28
0 29
0 30
0 31
0 32
0 33
0 36
0 38
0 39
0 40
0 42
0 43
0 44
0 45
0 47
0 48
0 49
0 50
0 51
0 53
0 55
0 56
0 59
0 60
0 65
0 67
0 71
0 72
0 74
0 75
0 76
0 77
0 78
0 79
0 80
0 81
0 83
0 84
0 87
0 88
0 89
0 92
0 93
0 94
0 95
0 96
0 97
0 98
0 99
0 100
0 104
0 105
0 106
0 108
0 109
0 110
0 111
0 112
0 113
0 114
0 115
0 116
0 117
0 118
0 121
0 122
0 123
0 124
0 125
0 126
0 129
0 130
0 131
0 133
0 134
0 137
0 138
0 140
0 141
0 142
0 143
0 144
0 145
0 146
0 148
0 149
0 151
0 153
0 154
0 155
0 157
0 158
0 160
0 161
0 162
0 163
0 164
0 166
0 167
0 169
0 170
0 175
0 177
0 178
0 180
0 183
0 184
0 185
0 186
0 187
0 189
0 190
0 191
0 192
0 193
0 195
0 196
0 197
0 198
0 199
0 201
0 205
0 206
0 207
0 208
0 209
0 210
0 212
0 214
0 215
0 216
0 217
0 218
0 220
0 221
0 222
0 224
0 225
0 227
0 229
0 230
0 231
0 232
0 234
0 235
0 236
0 242
0 244
0 245
0 246
0 249
0 250
0 251
0 252
0 253
0 254
0 256
0 258
0 259
0 260
0 261
0 262
0 263
0 264
0 266
0 272
0 274
0 276
0 277
0 280
0 281
0 282
0 283
0 284
0 285
0 286
0 288
0 290
0 292
0 293
0 294
0 295
0 296
0 297
0 299
0 303
0 305
0 306
0 307
0 308
0 309
0 310
0 312
0 314
0 317
0 318
0 319
0 321
0 322
0 323
0 325
0 327
0 328
0 329
0 330
0 331
0 332
0 333
0 334
0 335
0 336
0 341
0 344
0 345
0 347
0 348
0 349
0 350
0 351
0 353
0 355
0 356
0 357
0 358
0 359
0 360
0 361
0 362
0 364
0 367
0 368
0 370
0 371
0 372
0 373
0 374
0 376
0 377
0 378
0 379
0 381
0 382
0 383
0 384
0 387
0 390
0 391
0 392
0 393
0 394
0 397
0 398
0 399
1 1
1 2
1 7
1 8
1 18
1 19
1 20
1 21
1 23
1 34
1 35
1 37
1 41
1 46
1 52
1 54
1 57
1 58
1 61
1 62
1 63
1 64
1 66
1 68
1 69
1 70
1 73
1 82
1 85
1 86
1 90
1 91
1 101
1 102
1 103
1 107
1 119
1 120
1 127
1 128
1 132
1 135
1 136
1 139
1 147
1 150
1 152
1 156
1 159
1 165
1 168
1 171
1 172
1 173
1 174
1 176
1 179
1 181
1 182
1 188
1 194
1 200
1 202
1 203
1 204
1 211
1 213
1 219
1 223
1 226
1 228
1 233
1 237
1 238
1 239
1 240
1 241
1 243
1 247
1 248
1 255
1 257
1 265
1 267
1 268
1 269
1 270
1 271
1 273
1 275
1 278
1 279
1 287
1 289
1 291
1 298
1 300
1 301
1 302
1 304
1 311
1 313
1 315
1 316
1 320
1 324
1 326
1 337
1 338
1 339
1 340
1 342
1 343
1 346
1 352
1 354
1 363
1 365
1 366
1 369
1 375
1 380
1 385
1 386
1 388
1 389
1 395
1 396
