0 10
0 16
0 17
0 22
0 29
0 32
0 39
0 45
0 49
0 51
0 53
0 59
0 72
0 78
0 81
0 84
0 89
0 92
0 93
0 95
0 96
0 104
0 113
0 118
0 126
0 134
0 140
0 143
0 144
0 148
0 151
0 153
0 155
0 161
0 163
0 177
0 180
0 191
0 192
0 196
0 197
0 205
0 207
0 210
0 216
0 225
0 250
0 252
0 253
0 260
0 272
0 277
0 280
0 284
0 286
0 290
0 294
0 295
0 297
0 306
0 318
0 322
0 325
0 330
0 336
0 353
0 355
0 358
0 360
0 376
0 383
0 393
1 0
1 4
1 11
1 12
1 14
1 25
1 28
1 30
1 38
1 40
1 43
1 44
1 55
1 74
1 97
1 98
1 99
1 105
1 106
1 108
1 110
1 114
1 115
1 121
1 125
1 130
1 131
1 133
1 141
1 145
1 146
1 149
1 154
1 157
1 160
1 164
1 170
1 188
1 190
1 193
1 195
1 198
1 201
1 209
1 215
1 217
1 220
1 222
1 224
1 227
1 230
1 231
1 232
1 236
1 242
1 263
1 264
1 266
1 281
1 293
1 296
1 299
1 307
1 312
1 314
1 321
1 323
1 324
1 327
1 329
1 333
1 339
1 345
1 347
1 351
1 356
1 359
1 368
1 372
1 382
1 387
1 392
1 394
2 18
2 21
2 34
2 37
2 52
2 57
2 61
2 62
2 64
2 68
2 70
2 90
2 101
2 127
2 159
2 168
2 173
2 176
2 182
2 200
2 226
2 233
2 237
2 238
2 240
2 241
2 248
2 257
2 265
2 269
2 275
2 287
2 291
2 298
2 301
2 302
2 311
2 320
2 337
2 346
2 385
2 386
2 388
2 396
3 3
3 9
3 13
3 15
3 26
3 31
3 36
3 42
3 48
3 50
3 56
3 60
3 65
3 71
3 77
3 79
3 80
3 86
3 87
3 88
3 100
3 109
3 111
3 116
3 123
3 124
3 158
3 162
3 166
3 167
3 169
3 175
3 178
3 181
3 184
3 185
3 186
3 187
3 189
3 204
3 206
3 212
3 214
3 244
3 254
3 258
3 261
3 262
3 273
3 274
3 283
3 288
3 292
3 303
3 305
3 308
3 317
3 319
3 328
3 334
3 341
3 349
3 357
3 362
3 367
3 378
3 379
3 381
3 384
3 391
3 397
3 398
4 1
4 2
4 8
4 19
4 20
4 35
4 41
4 46
4 54
4 58
4 63
4 69
4 73
4 82
4 85
4 94
4 102
4 103
4 120
4 128
4 132
4 136
4 139
4 150
4 156
4 165
4 171
4 174
4 202
4 203
4 213
4 223
4 228
4 229
4 243
4 245
4 247
4 255
4 268
4 270
4 271
4 278
4 279
4 300
4 304
4 313
4 315
4 316
4 326
4 338
4 342
4 343
4 354
4 363
4 365
4 369
4 389
4 395
5 5
5 6
5 7
5 23
5 24
5 27
5 33
5 47
5 66
5 67
5 75
5 76
5 83
5 91
5 107
5 112
5 117
5 119
5 122
5 129
5 135
5 137
5 138
5 142
5 147
5 152
5 172
5 179
5 183
5 194
5 199
5 208
5 211
5 218
5 219
5 221
5 234
5 235
5 239
5 246
5 249
5 251
5 256
5 259
5 267
5 276
5 282
5 285
5 289
5 309
5 310
5 331
5 332
5 335
5 340
5 344
5 348
5 350
5 352
5 361
5 364
5 366
5 370
5 371
5 373
5 374
5 375
5 377
5 380
5 390
5 399
