0 5
0 14
0 35
0 40
0 44
0 47
0 60
0 74
0 83
0 99
0 104
0 105
0 107
0 108
0 110
0 113
0 115
0 118
0 122
0 125
0 130
0 138
0 149
0 151
0 154
0 155
0 157
0 160
0 164
0 193
0 195
0 196
0 208
0 213
0 215
0 216
0 217
0 219
0 220
0 221
0 225
0 231
0 235
0 263
0 266
0 276
0 284
0 286
0 293
0 295
0 307
0 312
0 318
0 321
0 324
0 327
0 330
0 331
0 351
0 352
0 356
0 358
0 369
0 376
0 383
1 3
1 9
1 26
1 28
1 31
1 42
1 48
1 50
1 56
1 65
1 79
1 86
1 87
1 88
1 94
1 100
1 109
1 111
1 124
1 131
1 158
1 166
1 175
1 178
1 181
1 184
1 185
1 186
1 187
1 204
1 206
1 212
1 214
1 244
1 245
1 254
1 258
1 261
1 262
1 273
1 283
1 288
1 292
1 305
1 308
1 317
1 319
1 328
1 334
1 336
1 341
1 349
1 357
1 362
1 367
1 378
1 379
1 384
1 391
1 397
1 398
2 18
2 21
2 34
2 37
2 52
2 61
2 62
2 64
2 68
2 70
2 90
2 101
2 127
2 159
2 168
2 173
2 176
2 182
2 226
2 233
2 237
2 238
2 240
2 241
2 248
2 257
2 265
2 269
2 275
2 291
2 298
2 301
2 302
2 311
2 320
2 337
2 346
2 385
2 386
2 388
2 396
3 10
3 13
3 16
3 22
3 29
3 32
3 39
3 45
3 49
3 51
3 53
3 59
3 72
3 78
3 81
3 84
3 89
3 92
3 93
3 95
3 96
3 126
3 140
3 143
3 144
3 148
3 153
3 161
3 163
3 177
3 180
3 191
3 192
3 197
3 205
3 207
3 210
3 250
3 252
3 260
3 272
3 274
3 277
3 280
3 290
3 294
3 297
3 306
3 322
3 325
3 355
3 360
3 393
4 0
4 4
4 11
4 12
4 17
4 25
4 30
4 38
4 43
4 55
4 98
4 106
4 114
4 121
4 133
4 134
4 141
4 145
4 146
4 170
4 190
4 198
4 201
4 209
4 222
4 224
4 227
4 230
4 232
4 236
4 242
4 253
4 264
4 281
4 296
4 299
4 314
4 323
4 329
4 333
4 345
4 347
4 353
4 359
4 368
4 372
4 382
4 387
4 392
4 394
5 15
5 36
5 71
5 75
5 77
5 80
5 91
5 112
5 116
5 119
5 123
5 142
5 147
5 152
5 162
5 167
5 169
5 189
5 234
5 239
5 256
5 267
5 285
5 287
5 289
5 303
5 335
5 344
5 371
5 375
5 377
5 381
6 1
6 2
6 8
6 19
6 20
6 41
6 46
6 54
6 57
6 58
6 63
6 69
6 73
6 82
6 85
6 97
6 102
6 103
6 120
6 128
6 132
6 136
6 139
6 150
6 156
6 165
6 171
6 174
6 188
6 200
6 202
6 203
6 223
6 228
6 229
6 243
6 247
6 255
6 268
6 270
6 271
6 278
6 279
6 300
6 304
6 313
6 315
6 316
6 326
6 338
6 339
6 342
6 343
6 354
6 363
6 365
6 389
6 395
7 6
7 7
7 23
7 24
7 27
7 33
7 66
7 67
7 76
7 117
7 129
7 135
7 137
7 172
7 179
7 183
7 194
7 199
7 211
7 218
7 246
7 249
7 251
7 259
7 282
7 309
7 310
7 332
7 340
7 348
7 350
7 361
7 364
7 366
7 370
7 373
7 374
7 380
7 390
7 399
