0 1
0 2
0 8
0 19
0 20
0 35
0 41
0 46
0 54
0 58
0 63
0 69
0 82
0 85
0 102
0 103
0 120
0 128
0 136
0 139
0 150
0 156
0 165
0 174
0 202
0 203
0 213
0 228
0 243
0 247
0 255
0 268
0 270
0 271
0 278
0 279
0 300
0 304
0 313
0 315
0 316
0 326
0 342
0 343
0 354
0 363
0 365
0 369
0 389
0 395
1 5
1 6
1 7
1 23
1 24
1 27
1 33
1 47
1 66
1 67
1 75
1 76
1 83
1 107
1 112
1 117
1 122
1 129
1 135
1 137
1 138
1 142
1 172
1 179
1 183
1 194
1 199
1 208
1 211
1 218
1 219
1 234
1 235
1 246
1 249
1 251
1 259
1 276
1 282
1 285
1 286
1 309
1 310
1 331
1 332
1 335
1 340
1 348
1 350
1 352
1 361
1 364
1 366
1 370
1 371
1 373
1 374
1 377
1 380
1 390
1 399
2 15
2 36
2 57
2 64
2 71
2 77
2 80
2 86
2 91
2 116
2 119
2 123
2 147
2 152
2 162
2 167
2 169
2 171
2 200
2 204
2 223
2 239
2 256
2 267
2 273
2 287
2 288
2 289
2 303
2 338
2 344
2 375
2 381
3 18
3 21
3 34
3 37
3 52
3 61
3 62
3 68
3 70
3 90
3 101
3 127
3 159
3 168
3 173
3 176
3 182
3 226
3 233
3 237
3 238
3 240
3 241
3 248
3 257
3 265
3 269
3 275
3 291
3 298
3 301
3 302
3 311
3 320
3 337
3 346
3 385
3 386
3 388
3 396
4 3
4 9
4 26
4 28
4 31
4 42
4 48
4 50
4 56
4 60
4 74
4 79
4 87
4 88
4 94
4 100
4 111
4 124
4 131
4 158
4 166
4 175
4 178
4 181
4 184
4 185
4 186
4 187
4 206
4 212
4 244
4 245
4 254
4 258
4 261
4 262
4 283
4 292
4 305
4 308
4 317
4 319
4 328
4 334
4 341
4 362
4 378
4 379
4 391
4 397
4 398
5 0
5 11
5 14
5 38
5 40
5 73
5 97
5 99
5 105
5 108
5 110
5 121
5 125
5 130
5 132
5 146
5 154
5 157
5 164
5 170
5 188
5 193
5 198
5 209
5 217
5 220
5 222
5 229
5 231
5 264
5 293
5 296
5 307
5 323
5 327
5 329
5 339
5 345
5 347
5 351
5 359
5 392
6 10
6 16
6 22
6 39
6 44
6 49
6 59
6 78
6 84
6 92
6 93
6 95
6 96
6 113
6 115
6 118
6 126
6 140
6 144
6 149
6 151
6 155
6 160
6 163
6 177
6 191
6 195
6 196
6 197
6 205
6 210
6 215
6 216
6 221
6 225
6 250
6 263
6 266
6 277
6 280
6 284
6 294
6 295
6 312
6 318
6 321
6 322
6 324
6 325
6 330
6 355
6 356
6 358
6 376
6 383
6 393
7 13
7 29
7 32
7 45
7 51
7 53
7 65
7 81
7 89
7 104
7 143
7 148
7 153
7 161
7 180
7 189
7 192
7 207
7 252
7 260
7 272
7 274
7 290
7 297
7 306
7 349
7 360
7 367
7 384
8 4
8 12
8 17
8 25
8 30
8 43
8 55
8 72
8 98
8 106
8 109
8 114
8 133
8 134
8 141
8 145
8 190
8 201
8 214
8 224
8 227
8 230
8 232
8 236
8 242
8 253
8 281
8 299
8 314
8 333
8 336
8 353
8 357
8 368
8 372
8 382
8 387
8 394
