0 30
0 43
0 59
0 85
0 105
0 126
0 135
0 142
0 145
0 165
0 166
0 189
0 201
0 204
0 228
0 272
0 274
0 314
0 316
0 321
0 323
0 326
0 331
0 333
0 352
0 354
0 361
0 373
0 386
0 394
1 0
1 5
1 13
1 34
1 51
1 67
1 69
1 82
1 83
1 92
1 109
1 119
1 128
1 131
1 144
1 147
1 151
1 156
1 159
1 164
1 170
1 191
1 200
1 213
1 231
1 242
1 251
1 255
1 302
1 305
1 336
1 363
1 367
1 376
1 381
1 382
2 3
2 14
2 40
2 42
2 47
2 50
2 56
2 72
2 75
2 79
2 81
2 94
2 143
2 152
2 167
2 169
2 237
2 244
2 246
2 256
2 264
2 267
2 286
2 288
2 293
2 306
2 319
2 325
2 339
2 356
2 364
2 385
2 387
2 396
3 10
3 18
3 20
3 26
3 35
3 45
3 58
3 78
3 88
3 97
3 107
3 116
3 120
3 121
3 123
3 124
3 127
3 137
3 141
3 150
3 158
3 161
3 175
3 176
3 178
3 179
3 180
3 181
3 183
3 194
3 198
3 199
3 206
3 209
3 214
3 216
3 217
3 220
3 222
3 230
3 232
3 233
3 236
3 240
3 261
3 268
3 269
3 273
3 276
3 281
3 283
3 284
3 303
3 313
3 315
3 317
3 338
3 347
3 370
3 371
3 380
3 390
4 7
4 15
4 19
4 66
4 68
4 86
4 89
4 96
4 106
4 113
4 122
4 132
4 146
4 160
4 162
4 185
4 190
4 211
4 229
4 238
4 241
4 248
4 254
4 271
4 275
4 292
4 296
4 299
4 310
4 311
4 324
4 340
4 348
4 350
4 359
4 369
4 372
4 384
4 391
4 395
5 6
5 29
5 33
5 36
5 38
5 41
5 48
5 63
5 65
5 71
5 77
5 91
5 98
5 99
5 100
5 117
5 125
5 130
5 134
5 140
5 153
5 157
5 168
5 173
5 174
5 193
5 197
5 224
5 252
5 258
5 279
5 285
5 289
5 298
5 312
5 322
5 327
5 335
5 346
5 358
5 362
5 366
5 374
5 383
5 393
6 9
6 16
6 17
6 22
6 25
6 32
6 37
6 39
6 49
6 53
6 54
6 62
6 87
6 101
6 103
6 111
6 115
6 118
6 129
6 136
6 163
6 172
6 187
6 188
6 192
6 207
6 215
6 218
6 219
6 221
6 223
6 225
6 226
6 247
6 253
6 259
6 263
6 266
6 280
6 282
6 287
6 295
6 297
6 304
6 337
6 341
6 355
6 357
6 360
6 365
6 368
6 375
6 378
6 399
7 1
7 4
7 21
7 23
7 27
7 28
7 31
7 44
7 52
7 55
7 57
7 60
7 70
7 74
7 95
7 112
7 133
7 139
7 148
7 149
7 154
7 155
7 184
7 186
7 195
7 202
7 210
7 227
7 234
7 235
7 243
7 245
7 250
7 262
7 270
7 277
7 278
7 300
7 318
7 330
7 332
7 342
7 344
7 377
7 388
7 397
8 8
8 24
8 80
8 84
8 108
8 110
8 114
8 177
8 182
8 203
8 205
8 212
8 249
8 265
8 290
8 294
8 307
8 308
8 320
8 334
8 345
8 349
8 351
9 2
9 11
9 12
9 46
9 61
9 64
9 73
9 76
9 90
9 93
9 102
9 104
9 138
9 171
9 196
9 208
9 239
9 257
9 260
9 291
9 301
9 309
9 328
9 329
9 343
9 353
9 379
9 389
9 392
9 398
