0 8
0 24
0 55
0 80
0 84
0 86
0 95
0 108
0 110
0 114
0 160
0 177
0 182
0 186
0 203
0 205
0 212
0 245
0 249
0 265
0 290
0 294
0 307
0 308
0 320
0 334
0 345
0 349
0 351
1 10
1 18
1 20
1 26
1 35
1 45
1 58
1 78
1 88
1 97
1 107
1 116
1 120
1 121
1 123
1 124
1 127
1 137
1 141
1 150
1 158
1 161
1 175
1 176
1 178
1 179
1 180
1 181
1 183
1 194
1 198
1 199
1 206
1 209
1 214
1 216
1 217
1 220
1 222
1 230
1 232
1 233
1 236
1 240
1 261
1 267
1 268
1 269
1 273
1 276
1 281
1 283
1 284
1 303
1 313
1 315
1 317
1 338
1 347
1 370
1 371
1 380
1 390
2 9
2 16
2 17
2 22
2 25
2 32
2 37
2 39
2 49
2 53
2 54
2 62
2 87
2 101
2 111
2 115
2 129
2 136
2 163
2 172
2 187
2 188
2 192
2 207
2 215
2 218
2 219
2 221
2 223
2 225
2 226
2 247
2 253
2 259
2 263
2 266
2 280
2 282
2 287
2 295
2 297
2 304
2 337
2 341
2 355
2 357
2 360
2 365
2 368
2 375
2 378
2 399
3 1
3 4
3 21
3 23
3 27
3 28
3 31
3 44
3 52
3 57
3 60
3 70
3 74
3 112
3 133
3 139
3 148
3 149
3 154
3 155
3 184
3 195
3 202
3 210
3 227
3 234
3 243
3 250
3 262
3 270
3 277
3 278
3 300
3 318
3 330
3 332
3 342
3 344
3 377
3 388
3 397
4 2
4 6
4 11
4 12
4 46
4 61
4 64
4 65
4 73
4 76
4 90
4 93
4 102
4 104
4 125
4 138
4 140
4 171
4 196
4 235
4 239
4 257
4 260
4 291
4 298
4 322
4 329
4 343
4 353
4 366
4 379
4 389
4 392
4 398
5 29
5 41
5 43
5 48
5 63
5 103
5 105
5 135
5 145
5 157
5 165
5 189
5 204
5 208
5 272
5 301
5 309
5 314
5 316
5 323
5 326
5 328
5 373
5 374
5 383
5 394
6 7
6 15
6 19
6 66
6 68
6 89
6 96
6 106
6 113
6 122
6 132
6 146
6 162
6 185
6 190
6 211
6 229
6 238
6 241
6 248
6 254
6 271
6 275
6 292
6 296
6 299
6 310
6 311
6 324
6 340
6 348
6 350
6 359
6 369
6 372
6 384
6 391
6 395
7 3
7 14
7 40
7 42
7 47
7 50
7 56
7 72
7 75
7 79
7 81
7 94
7 143
7 152
7 167
7 169
7 237
7 244
7 246
7 256
7 264
7 286
7 288
7 293
7 306
7 319
7 325
7 339
7 356
7 364
7 385
7 387
7 396
8 33
8 36
8 38
8 71
8 77
8 91
8 98
8 99
8 100
8 117
8 130
8 134
8 153
8 168
8 173
8 174
8 193
8 197
8 224
8 252
8 258
8 279
8 285
8 289
8 312
8 327
8 335
8 346
8 358
8 362
8 393
9 13
9 34
9 51
9 67
9 69
9 82
9 83
9 92
9 118
9 119
9 128
9 131
9 144
9 147
9 151
9 156
9 159
9 164
9 170
9 213
9 231
9 251
9 255
9 302
9 305
9 336
9 363
9 367
9 376
10 0
10 5
10 30
10 59
10 85
10 109
10 126
10 142
10 166
10 191
10 200
10 201
10 228
10 242
10 274
10 321
10 331
10 333
10 352
10 354
10 361
10 381
10 382
10 386
