0 10
0 19
0 96
0 106
0 127
0 137
0 141
0 146
0 158
0 161
0 178
0 180
0 190
0 206
0 214
0 241
0 271
0 283
0 340
0 348
0 350
0 384
0 395
1 18
1 20
1 25
1 42
1 45
1 58
1 97
1 129
1 150
1 179
1 217
1 230
1 268
1 287
1 305
1 371
2 29
2 41
2 43
2 48
2 64
2 105
2 135
2 138
2 145
2 157
2 165
2 189
2 204
2 208
2 272
2 301
2 309
2 314
2 323
2 326
2 328
2 373
2 374
2 392
2 394
3 6
3 8
3 55
3 70
3 80
3 86
3 95
3 110
3 114
3 125
3 149
3 154
3 177
3 182
3 186
3 203
3 205
3 235
3 243
3 245
3 298
3 320
3 366
3 377
4 16
4 22
4 32
4 37
4 39
4 49
4 53
4 54
4 62
4 87
4 111
4 115
4 136
4 163
4 172
4 188
4 192
4 215
4 218
4 219
4 221
4 223
4 225
4 226
4 247
4 263
4 266
4 280
4 282
4 297
4 337
4 341
4 357
4 365
4 368
4 375
4 399
5 0
5 5
5 13
5 30
5 85
5 109
5 126
5 142
5 166
5 191
5 200
5 201
5 228
5 242
5 274
5 316
5 321
5 331
5 333
5 352
5 354
5 361
5 381
5 382
5 386
6 21
6 23
6 27
6 60
6 74
6 112
6 113
6 184
6 195
6 210
6 229
6 234
6 238
6 250
6 262
6 277
6 330
6 344
6 388
6 397
7 33
7 36
7 38
7 71
7 77
7 91
7 98
7 99
7 100
7 117
7 134
7 153
7 168
7 173
7 174
7 193
7 224
7 252
7 258
7 260
7 285
7 312
7 327
7 335
7 346
7 353
7 358
7 362
7 398
8 78
8 116
8 120
8 121
8 176
8 181
8 183
8 209
8 216
8 232
8 233
8 236
8 240
8 261
8 267
8 269
8 273
8 276
8 284
8 313
8 338
8 370
8 380
9 1
9 4
9 28
9 40
9 44
9 50
9 57
9 94
9 133
9 148
9 155
9 227
9 270
9 278
9 300
9 332
9 342
10 7
10 15
10 66
10 68
10 89
10 122
10 132
10 160
10 162
10 185
10 211
10 248
10 254
10 275
10 292
10 296
10 299
10 310
10 311
10 324
10 334
10 359
10 369
10 372
10 391
11 3
11 14
11 47
11 56
11 72
11 75
11 79
11 81
11 143
11 152
11 167
11 169
11 237
11 244
11 246
11 256
11 264
11 286
11 288
11 293
11 306
11 319
11 325
11 339
11 356
11 364
11 385
11 387
11 396
12 2
12 11
12 12
12 46
12 61
12 65
12 73
12 76
12 90
12 93
12 102
12 104
12 140
12 171
12 196
12 239
12 257
12 289
12 291
12 322
12 329
12 343
12 379
12 389
13 34
13 51
13 67
13 69
13 82
13 83
13 92
13 118
13 119
13 128
13 131
13 144
13 147
13 151
13 156
13 159
13 164
13 170
13 213
13 231
13 251
13 253
13 255
13 302
13 363
13 367
13 376
14 26
14 35
14 88
14 107
14 123
14 124
14 175
14 194
14 197
14 198
14 199
14 220
14 222
14 281
14 303
14 304
14 315
14 317
14 347
14 390
15 9
15 17
15 59
15 63
15 101
15 103
15 130
15 187
15 207
15 259
15 279
15 295
15 336
15 355
15 360
15 378
15 383
15 393
16 24
16 31
16 52
16 84
16 108
16 139
16 202
16 212
16 249
16 265
16 290
16 294
16 307
16 308
16 318
16 345
16 349
16 351
