0 2
0 11
0 12
0 46
0 61
0 64
0 73
0 76
0 90
0 93
0 102
0 104
0 138
0 171
0 196
0 239
0 257
0 260
0 291
0 329
0 343
0 353
0 379
0 389
0 392
0 398
1 34
1 67
1 69
1 82
1 83
1 92
1 118
1 119
1 128
1 131
1 144
1 147
1 151
1 156
1 164
1 170
1 213
1 231
1 251
1 302
1 305
1 363
1 367
2 6
2 8
2 55
2 65
2 70
2 86
2 95
2 110
2 114
2 125
2 140
2 149
2 177
2 182
2 186
2 203
2 205
2 235
2 243
2 245
2 298
2 320
2 322
2 334
2 366
2 377
3 1
3 4
3 21
3 23
3 27
3 28
3 44
3 57
3 60
3 74
3 112
3 133
3 139
3 148
3 154
3 155
3 184
3 195
3 210
3 227
3 234
3 250
3 262
3 270
3 275
3 277
3 278
3 300
3 318
3 330
3 332
3 342
3 344
3 388
3 397
4 9
4 16
4 17
4 32
4 49
4 53
4 62
4 87
4 101
4 115
4 129
4 163
4 172
4 192
4 215
4 223
4 225
4 226
4 247
4 259
4 263
4 266
4 282
4 295
4 297
4 304
4 337
4 355
4 357
4 365
4 368
4 375
4 378
4 399
5 7
5 15
5 66
5 68
5 89
5 113
5 132
5 160
5 162
5 185
5 211
5 229
5 238
5 248
5 254
5 271
5 292
5 296
5 299
5 310
5 311
5 324
5 359
5 369
5 372
5 391
6 38
6 41
6 63
6 103
6 130
6 157
6 187
6 189
6 197
6 207
6 285
6 360
6 374
6 383
6 393
7 33
7 36
7 71
7 77
7 91
7 98
7 99
7 100
7 117
7 134
7 153
7 168
7 173
7 174
7 193
7 224
7 252
7 258
7 279
7 289
7 312
7 327
7 335
7 346
7 358
7 362
8 18
8 20
8 26
8 35
8 45
8 58
8 88
8 97
8 107
8 150
8 175
8 194
8 198
8 199
8 222
8 230
8 281
8 315
8 317
8 347
8 371
8 390
9 78
9 116
9 120
9 121
9 124
9 137
9 176
9 181
9 183
9 206
9 209
9 214
9 216
9 232
9 233
9 236
9 240
9 261
9 268
9 273
9 276
9 283
9 284
9 303
9 313
9 338
9 370
9 380
10 30
10 85
10 126
10 142
10 166
10 201
10 274
10 316
10 321
10 331
10 333
10 352
10 354
10 361
10 386
10 394
11 3
11 14
11 47
11 56
11 79
11 143
11 152
11 169
11 237
11 244
11 256
11 306
11 319
11 339
11 364
11 387
11 396
12 40
12 42
12 50
12 72
12 75
12 81
12 94
12 167
12 179
12 217
12 246
12 264
12 267
12 269
12 286
12 287
12 288
12 293
12 325
12 356
12 385
13 22
13 25
13 37
13 39
13 54
13 111
13 136
13 188
13 218
13 219
13 221
13 253
13 280
13 341
14 24
14 31
14 52
14 80
14 84
14 108
14 202
14 212
14 249
14 265
14 290
14 294
14 307
14 308
14 345
14 349
14 351
15 0
15 5
15 13
15 51
15 59
15 109
15 159
15 191
15 200
15 228
15 242
15 255
15 336
15 376
15 381
15 382
16 10
16 19
16 96
16 106
16 122
16 123
16 127
16 141
16 146
16 158
16 161
16 178
16 180
16 190
16 220
16 241
16 340
16 348
16 350
16 384
16 395
17 29
17 43
17 48
17 105
17 135
17 145
17 165
17 204
17 208
17 272
17 301
17 309
17 314
17 323
17 326
17 328
17 373
