0 24
0 31
0 52
0 80
0 84
0 108
0 202
0 212
0 249
0 265
0 290
0 294
0 307
0 308
0 345
0 349
0 351
1 7
1 15
1 66
1 68
1 89
1 113
1 132
1 160
1 162
1 185
1 211
1 229
1 238
1 248
1 254
1 271
1 292
1 296
1 299
1 310
1 311
1 324
1 359
1 369
1 372
1 391
2 6
2 11
2 12
2 38
2 46
2 61
2 65
2 73
2 76
2 90
2 102
2 138
2 140
2 239
2 260
2 322
2 329
2 343
2 353
2 379
2 389
2 398
3 40
3 42
3 50
3 72
3 75
3 81
3 94
3 167
3 179
3 217
3 237
3 246
3 264
3 269
3 286
3 288
3 293
3 325
3 339
3 356
3 385
4 22
4 25
4 32
4 37
4 39
4 53
4 54
4 62
4 87
4 111
4 118
4 128
4 129
4 136
4 163
4 188
4 215
4 218
4 219
4 221
4 225
4 247
4 253
4 263
4 280
4 287
4 297
4 341
4 399
5 78
5 116
5 120
5 121
5 137
5 176
5 181
5 183
5 206
5 209
5 216
5 232
5 233
5 236
5 240
5 261
5 267
5 268
5 273
5 276
5 283
5 284
5 303
5 313
5 338
5 370
5 380
6 30
6 85
6 126
6 142
6 166
6 201
6 228
6 274
6 316
6 321
6 331
6 333
6 352
6 354
6 361
6 386
7 8
7 55
7 70
7 86
7 95
7 110
7 114
7 125
7 149
7 177
7 182
7 186
7 203
7 205
7 235
7 243
7 245
7 298
7 320
7 334
7 366
7 377
8 10
8 88
8 106
8 107
8 122
8 127
8 158
8 161
8 180
8 194
8 199
8 214
8 275
8 315
8 384
8 395
9 3
9 14
9 28
9 44
9 47
9 56
9 57
9 79
9 143
9 152
9 169
9 244
9 256
9 306
9 319
9 342
9 363
9 364
9 387
9 396
10 41
10 59
10 63
10 103
10 130
10 157
10 187
10 189
10 197
10 207
10 279
10 285
10 360
10 374
10 383
10 393
11 0
11 5
11 13
11 34
11 51
11 67
11 69
11 82
11 83
11 92
11 109
11 119
11 131
11 144
11 147
11 151
11 156
11 159
11 164
11 170
11 191
11 200
11 213
11 231
11 242
11 251
11 255
11 302
11 336
11 367
11 376
11 381
11 382
12 29
12 43
12 48
12 105
12 135
12 145
12 165
12 204
12 208
12 272
12 301
12 309
12 314
12 323
12 326
12 328
12 373
12 394
13 1
13 4
13 21
13 23
13 27
13 60
13 74
13 112
13 133
13 139
13 148
13 154
13 155
13 184
13 195
13 210
13 227
13 234
13 250
13 262
13 270
13 277
13 278
13 300
13 318
13 330
13 332
13 344
13 388
13 397
14 33
14 36
14 71
14 77
14 91
14 98
14 99
14 100
14 117
14 134
14 153
14 168
14 173
14 174
14 193
14 224
14 252
14 258
14 289
14 312
14 327
14 335
14 346
14 358
14 362
15 9
15 16
15 17
15 49
15 101
15 115
15 172
15 192
15 223
15 226
15 259
15 266
15 282
15 295
15 337
15 355
15 357
15 365
15 368
15 375
15 378
16 2
16 64
16 93
16 104
16 171
16 196
16 257
16 291
16 392
17 18
17 20
17 26
17 35
17 45
17 58
17 97
17 124
17 150
17 175
17 198
17 222
17 230
17 281
17 304
17 305
17 317
17 347
17 371
17 390
18 19
18 96
18 123
18 141
18 146
18 178
18 190
18 220
18 241
18 340
18 348
18 350
