0 9
0 41
0 63
0 101
0 103
0 130
0 157
0 187
0 189
0 197
0 207
0 285
0 355
0 360
0 374
0 383
0 393
1 15
1 21
1 23
1 60
1 66
1 68
1 70
1 86
1 160
1 210
1 234
1 271
1 275
1 299
1 330
1 372
1 384
2 78
2 116
2 120
2 121
2 137
2 176
2 181
2 183
2 206
2 209
2 214
2 216
2 232
2 233
2 236
2 240
2 261
2 268
2 273
2 276
2 283
2 284
2 303
2 313
2 338
2 370
2 380
3 3
3 14
3 47
3 56
3 79
3 143
3 152
3 169
3 237
3 244
3 256
3 319
3 339
3 387
3 396
4 17
4 53
4 219
4 253
4 255
4 259
4 295
4 302
4 336
4 341
4 375
4 378
4 382
5 24
5 84
5 108
5 212
5 249
5 265
5 290
5 294
5 307
5 345
5 349
5 351
6 16
6 22
6 25
6 32
6 37
6 39
6 49
6 54
6 62
6 87
6 111
6 115
6 118
6 129
6 136
6 163
6 172
6 188
6 192
6 215
6 218
6 221
6 223
6 225
6 226
6 247
6 263
6 266
6 280
6 282
6 287
6 297
6 304
6 337
6 357
6 365
6 368
6 399
7 36
7 71
7 77
7 91
7 98
7 99
7 100
7 117
7 134
7 173
7 174
7 252
7 258
7 279
7 312
7 327
7 335
7 346
7 358
7 362
8 13
8 28
8 31
8 44
8 52
8 57
8 74
8 138
8 139
8 148
8 154
8 159
8 202
8 243
8 262
8 306
8 308
8 318
8 342
8 364
8 377
9 2
9 11
9 64
9 73
9 93
9 104
9 171
9 196
9 257
9 291
9 343
9 389
9 392
10 29
10 43
10 48
10 105
10 135
10 145
10 165
10 204
10 208
10 272
10 301
10 309
10 314
10 323
10 326
10 328
10 373
10 394
11 8
11 55
11 80
11 95
11 110
11 114
11 177
11 182
11 186
11 203
11 205
11 245
11 320
11 334
12 6
12 12
12 33
12 38
12 46
12 61
12 65
12 76
12 90
12 102
12 125
12 140
12 149
12 153
12 168
12 193
12 224
12 235
12 239
12 260
12 289
12 298
12 322
12 329
12 353
12 366
12 379
12 398
13 18
13 20
13 26
13 35
13 45
13 58
13 88
13 97
13 107
13 124
13 150
13 175
13 194
13 198
13 199
13 222
13 230
13 281
13 305
13 315
13 317
13 347
13 371
13 390
14 0
14 5
14 30
14 59
14 85
14 109
14 126
14 142
14 166
14 191
14 200
14 201
14 228
14 242
14 274
14 316
14 321
14 331
14 333
14 352
14 354
14 361
14 381
14 386
15 10
15 19
15 96
15 106
15 122
15 123
15 127
15 141
15 146
15 158
15 161
15 162
15 178
15 180
15 190
15 220
15 241
15 340
15 348
15 350
15 395
16 1
16 4
16 27
16 94
16 112
16 133
16 155
16 184
16 195
16 227
16 250
16 270
16 277
16 278
16 300
16 332
16 344
16 388
16 397
17 34
17 51
17 67
17 69
17 82
17 83
17 92
17 119
17 128
17 131
17 144
17 147
17 151
17 156
17 164
17 170
17 213
17 231
17 251
17 363
17 367
17 376
18 7
18 89
18 113
18 132
18 185
18 211
18 229
18 238
18 248
18 254
18 292
18 296
18 310
18 311
18 324
18 359
18 369
18 391
19 40
19 42
19 50
19 72
19 75
19 81
19 167
19 179
19 217
19 246
19 264
19 267
19 269
19 286
19 288
19 293
19 325
19 356
19 385
