0 1
0 4
0 8
0 21
0 23
0 24
0 27
0 31
0 52
0 55
0 60
0 70
0 74
0 80
0 84
0 86
0 95
0 108
0 110
0 112
0 114
0 133
0 139
0 148
0 149
0 154
0 155
0 160
0 177
0 182
0 184
0 186
0 195
0 202
0 203
0 205
0 212
0 227
0 234
0 235
0 243
0 245
0 249
0 250
0 262
0 265
0 270
0 277
0 278
0 290
0 294
0 300
0 307
0 308
0 315
0 318
0 320
0 330
0 332
0 334
0 344
0 345
0 349
0 351
0 377
0 388
0 397
1 9
1 16
1 17
1 22
1 25
1 32
1 37
1 39
1 49
1 53
1 54
1 62
1 87
1 101
1 103
1 111
1 115
1 118
1 128
1 129
1 136
1 147
1 163
1 172
1 187
1 188
1 192
1 207
1 215
1 218
1 219
1 220
1 221
1 223
1 225
1 226
1 231
1 247
1 253
1 259
1 263
1 266
1 280
1 282
1 287
1 295
1 297
1 302
1 304
1 337
1 341
1 355
1 357
1 360
1 365
1 368
1 375
1 378
1 399
2 7
2 10
2 15
2 19
2 66
2 68
2 89
2 96
2 106
2 113
2 122
2 123
2 127
2 132
2 141
2 146
2 158
2 161
2 162
2 178
2 180
2 185
2 190
2 210
2 211
2 229
2 238
2 241
2 248
2 254
2 271
2 275
2 292
2 296
2 299
2 310
2 311
2 324
2 340
2 348
2 350
2 359
2 369
2 372
2 384
2 391
2 395
3 0
3 3
3 5
3 13
3 14
3 28
3 30
3 34
3 47
3 51
3 56
3 57
3 59
3 67
3 69
3 79
3 82
3 83
3 85
3 92
3 109
3 119
3 126
3 131
3 142
3 143
3 144
3 151
3 152
3 156
3 159
3 164
3 166
3 169
3 170
3 191
3 200
3 201
3 213
3 228
3 242
3 244
3 251
3 255
3 256
3 274
3 305
3 306
3 316
3 319
3 321
3 331
3 333
3 336
3 342
3 352
3 354
3 361
3 363
3 364
3 367
3 376
3 381
3 382
3 386
3 387
4 2
4 11
4 12
4 43
4 46
4 48
4 61
4 64
4 73
4 76
4 90
4 93
4 102
4 104
4 105
4 135
4 138
4 145
4 165
4 171
4 189
4 196
4 204
4 208
4 239
4 257
4 260
4 272
4 291
4 301
4 309
4 314
4 323
4 326
4 328
4 329
4 343
4 353
4 373
4 374
4 379
4 389
4 392
4 394
4 398
5 6
5 29
5 33
5 36
5 38
5 41
5 63
5 65
5 71
5 77
5 91
5 98
5 99
5 100
5 117
5 125
5 130
5 134
5 140
5 153
5 157
5 168
5 173
5 174
5 193
5 197
5 224
5 252
5 258
5 279
5 285
5 289
5 298
5 312
5 322
5 327
5 335
5 346
5 358
5 362
5 366
5 383
5 393
6 18
6 20
6 26
6 35
6 40
6 42
6 44
6 45
6 50
6 58
6 72
6 75
6 78
6 81
6 88
6 94
6 97
6 107
6 116
6 120
6 121
6 124
6 137
6 150
6 167
6 175
6 176
6 179
6 181
6 183
6 194
6 198
6 199
6 206
6 209
6 214
6 216
6 217
6 222
6 230
6 232
6 233
6 236
6 237
6 240
6 246
6 261
6 264
6 267
6 268
6 269
6 273
6 276
6 281
6 283
6 284
6 286
6 288
6 293
6 303
6 313
6 317
6 325
6 338
6 339
6 347
6 356
6 370
6 371
6 380
6 385
6 390
6 396
