0 35
0 45
0 67
0 81
0 136
0 146
0 148
0 155
0 164
0 178
0 182
0 188
1 3
1 12
1 36
1 50
1 54
1 59
1 66
1 77
1 79
1 87
1 93
1 96
1 106
1 112
1 117
1 121
1 137
1 140
1 186
2 11
2 19
2 27
2 38
2 44
2 63
2 64
2 74
2 83
2 123
2 132
2 158
2 160
2 183
3 5
3 13
3 42
3 62
3 88
3 100
3 109
3 122
3 126
3 142
3 169
3 176
3 177
3 191
3 192
4 6
4 10
4 31
4 37
4 47
4 70
4 78
4 85
4 104
4 105
4 125
4 128
4 134
4 144
4 159
4 174
4 181
4 185
4 195
5 14
5 22
5 56
5 80
5 91
5 111
5 133
5 147
5 150
5 154
5 157
5 165
5 168
5 180
5 184
6 8
6 9
6 17
6 25
6 30
6 34
6 41
6 52
6 57
6 60
6 65
6 69
6 92
6 94
6 101
6 113
6 115
6 127
6 131
6 138
6 171
6 193
7 4
7 15
7 39
7 48
7 49
7 71
7 82
7 84
7 89
7 114
7 124
7 130
7 139
7 179
8 2
8 16
8 18
8 26
8 29
8 95
8 102
8 120
8 141
8 151
8 161
8 162
8 170
8 198
9 20
9 28
9 32
9 46
9 51
9 58
9 76
9 90
9 107
9 118
9 119
9 145
9 153
9 156
9 167
9 173
9 187
9 197
10 0
10 7
10 21
10 23
10 72
10 98
10 103
10 110
10 129
10 135
10 166
10 172
10 194
11 1
11 24
11 33
11 40
11 43
11 53
11 55
11 61
11 68
11 73
11 75
11 86
11 97
11 99
11 108
11 116
11 143
11 149
11 152
11 163
11 175
11 189
11 190
11 196
11 199
