0 3
0 33
0 36
0 40
0 59
0 61
0 77
0 93
0 96
0 97
0 99
0 106
0 116
0 121
0 143
0 152
0 175
1 13
1 14
1 62
1 88
1 100
1 122
1 126
1 154
1 180
1 191
2 1
2 10
2 24
2 43
2 48
2 53
2 68
2 73
2 75
2 86
2 104
2 108
2 128
2 139
2 163
2 181
2 190
2 196
2 199
3 0
3 7
3 21
3 23
3 72
3 98
3 103
3 110
3 123
3 129
3 135
3 166
3 172
3 194
4 2
4 16
4 18
4 26
4 29
4 52
4 65
4 95
4 102
4 120
4 127
4 141
4 151
4 161
4 162
4 170
4 198
5 6
5 35
5 47
5 67
5 92
5 144
5 178
5 182
5 188
5 195
6 5
6 42
6 45
6 81
6 109
6 136
6 142
6 146
6 148
6 164
6 169
6 176
6 177
6 192
7 31
7 37
7 70
7 78
7 85
7 105
7 125
7 134
7 155
7 159
7 174
7 185
8 4
8 15
8 39
8 49
8 71
8 82
8 84
8 89
8 101
8 114
8 115
8 124
8 130
8 179
8 193
9 80
9 91
9 111
9 147
9 150
9 165
9 168
9 184
10 20
10 22
10 28
10 32
10 46
10 51
10 56
10 58
10 76
10 90
10 107
10 118
10 119
10 133
10 153
10 156
10 157
10 167
10 173
10 187
10 197
11 11
11 19
11 27
11 38
11 44
11 55
11 63
11 64
11 74
11 83
11 132
11 149
11 158
11 160
11 183
11 189
12 8
12 9
12 12
12 17
12 25
12 30
12 34
12 41
12 50
12 54
12 57
12 60
12 66
12 69
12 79
12 87
12 94
12 112
12 113
12 117
12 131
12 137
12 138
12 140
12 145
12 171
12 186
