0 34
0 91
0 103
0 112
0 119
0 142
0 169
0 180
0 192
1 7
1 14
1 38
1 108
1 134
1 188
1 195
2 20
2 48
2 61
2 73
2 93
2 97
2 98
2 102
2 107
2 113
2 125
2 129
2 131
2 136
2 144
2 159
2 160
2 181
2 182
3 41
3 43
3 59
3 68
3 76
3 124
3 132
3 152
3 155
3 158
3 164
3 174
3 175
3 176
3 177
3 179
3 189
3 193
4 67
4 88
4 128
4 133
4 153
4 163
4 172
5 0
5 5
5 16
5 17
5 22
5 30
5 45
5 52
5 57
5 72
5 81
5 106
5 115
5 120
5 122
5 147
5 151
5 161
5 170
5 186
6 28
6 47
6 66
6 70
6 95
6 101
6 126
6 138
6 149
6 168
6 187
6 190
7 23
7 25
7 26
7 27
7 29
7 33
7 99
7 104
7 137
7 148
8 42
8 50
8 71
8 79
8 83
8 84
8 96
8 114
8 123
8 145
8 167
8 184
8 199
9 11
9 15
9 24
9 36
9 39
9 56
9 110
9 118
9 130
9 150
9 154
9 166
9 197
9 198
10 3
10 4
10 6
10 19
10 32
10 46
10 49
10 58
10 141
10 143
10 156
10 162
10 165
10 185
11 2
11 9
11 21
11 35
11 40
11 54
11 60
11 62
11 64
11 74
11 77
11 80
11 82
11 85
11 86
11 89
11 90
11 94
11 109
11 111
11 116
11 121
11 135
11 139
11 140
11 157
11 173
11 178
11 183
11 191
11 196
12 10
12 31
12 55
12 87
12 92
12 117
12 127
13 1
13 8
13 12
13 13
13 18
13 37
13 44
13 51
13 53
13 63
13 65
13 69
13 75
13 78
13 100
13 105
13 146
13 171
13 194
