0 13
0 56
0 100
0 110
0 118
0 130
0 143
0 154
0 156
0 165
0 185
0 190
0 197
1 43
1 59
1 68
1 76
1 124
1 152
1 158
1 174
1 175
1 176
1 177
1 179
1 189
2 7
2 14
2 20
2 38
2 61
2 97
2 98
2 102
2 107
2 108
2 113
2 125
2 129
2 134
2 136
2 160
2 181
3 0
3 5
3 16
3 17
3 22
3 30
3 40
3 57
3 60
3 72
3 81
3 86
3 91
3 120
3 139
3 147
3 161
3 169
3 180
3 183
3 186
3 192
4 23
4 25
4 26
4 67
4 137
4 163
4 172
5 27
5 29
5 33
5 55
5 88
5 99
5 104
5 128
5 133
5 148
5 153
6 10
6 42
6 50
6 79
6 83
6 84
6 87
6 96
6 114
6 123
6 145
6 167
6 184
6 193
6 199
7 2
7 9
7 35
7 54
7 62
7 64
7 74
7 80
7 85
7 89
7 90
7 94
7 109
7 111
7 116
7 121
7 135
7 140
7 157
7 173
7 178
7 191
7 196
8 4
8 6
8 19
8 31
8 32
8 34
8 46
8 49
8 58
8 92
8 103
8 112
8 117
8 127
8 132
8 141
8 142
8 155
8 162
9 21
9 41
9 44
9 45
9 52
9 53
9 77
9 82
9 106
9 115
9 122
9 151
9 164
9 170
10 3
10 28
10 47
10 66
10 70
10 95
10 101
10 126
10 138
10 149
10 168
10 187
11 48
11 71
11 73
11 93
11 131
11 144
11 159
11 182
12 11
12 15
12 24
12 36
12 39
12 119
12 150
12 166
12 198
13 1
13 8
13 12
13 18
13 37
13 51
13 63
13 65
13 69
13 75
13 78
13 105
13 146
13 171
13 194
14 188
14 195
