0 14
0 80
0 88
0 91
0 100
0 111
0 122
0 126
0 150
0 154
0 168
0 180
0 184
0 191
1 8
1 20
1 28
1 32
1 51
1 76
1 90
1 107
1 119
1 145
1 153
1 156
1 187
1 197
2 1
2 24
2 43
2 53
2 68
2 73
2 75
2 86
2 108
2 163
2 190
2 196
2 199
3 6
3 34
3 47
3 67
3 92
3 178
3 182
3 188
3 195
4 2
4 16
4 18
4 26
4 29
4 65
4 120
4 141
4 151
4 161
4 162
4 170
4 198
5 5
5 13
5 42
5 50
5 62
5 112
5 137
5 142
5 169
5 177
5 192
6 31
6 37
6 105
6 125
6 134
6 155
6 174
7 0
7 7
7 19
7 21
7 83
7 103
7 110
7 123
7 129
7 132
7 135
7 166
7 194
8 4
8 15
8 39
8 48
8 49
8 71
8 82
8 84
8 89
8 114
8 124
8 130
8 139
8 179
9 11
9 33
9 38
9 40
9 44
9 55
9 61
9 63
9 64
9 74
9 97
9 99
9 116
9 143
9 149
9 152
9 158
9 160
9 175
9 183
9 189
10 3
10 12
10 27
10 36
10 54
10 59
10 66
10 77
10 79
10 87
10 93
10 96
10 106
10 117
10 121
10 140
10 186
11 35
11 45
11 81
11 109
11 136
11 146
11 148
11 164
11 176
12 10
12 70
12 78
12 85
12 104
12 128
12 144
12 159
12 181
12 185
13 23
13 46
13 56
13 72
13 98
13 147
13 157
13 165
13 172
14 9
14 17
14 25
14 30
14 41
14 57
14 60
14 69
14 94
14 101
14 115
14 127
14 131
14 138
14 171
14 193
15 22
15 52
15 58
15 95
15 102
15 113
15 118
15 133
15 167
15 173
