0 2
0 16
0 18
0 26
0 29
0 95
0 102
0 120
0 141
0 151
0 161
0 162
0 170
0 198
1 1
1 24
1 43
1 48
1 53
1 68
1 73
1 75
1 86
1 89
1 108
1 139
1 163
1 181
1 190
1 196
1 199
2 9
2 17
2 25
2 30
2 41
2 52
2 54
2 57
2 60
2 65
2 66
2 69
2 87
2 94
2 113
2 117
2 127
2 131
2 138
2 140
2 171
3 5
3 42
3 45
3 62
3 164
3 169
3 176
3 177
4 31
4 37
4 105
4 125
4 134
4 155
4 174
5 23
5 28
5 46
5 56
5 133
5 147
5 157
5 165
5 172
6 11
6 27
6 38
6 44
6 55
6 63
6 64
6 74
6 83
6 149
6 158
6 160
6 183
6 189
7 80
7 88
7 91
7 100
7 111
7 126
7 150
7 154
7 168
7 180
7 184
7 191
8 10
8 70
8 78
8 85
8 104
8 128
8 159
8 185
9 3
9 33
9 36
9 40
9 59
9 61
9 77
9 93
9 96
9 97
9 99
9 106
9 116
9 121
9 143
9 152
9 175
10 6
10 47
10 67
10 92
10 144
10 178
10 182
10 188
10 195
11 12
11 13
11 50
11 79
11 112
11 137
11 142
11 186
11 192
12 8
12 14
12 32
12 76
12 122
12 145
13 0
13 7
13 19
13 21
13 72
13 98
13 103
13 110
13 123
13 129
13 132
13 135
13 166
13 194
14 20
14 22
14 51
14 58
14 90
14 107
14 118
14 119
14 153
14 156
14 167
14 173
14 187
14 197
15 4
15 15
15 39
15 49
15 71
15 82
15 84
15 101
15 114
15 115
15 124
15 130
15 179
15 193
16 34
16 35
16 81
16 109
16 136
16 146
16 148
