0 9
0 17
0 25
0 30
0 41
0 54
0 57
0 60
0 66
0 69
0 94
0 117
0 127
0 131
0 138
0 140
0 171
1 8
1 20
1 28
1 32
1 51
1 76
1 90
1 107
1 119
1 145
1 153
1 156
1 187
1 197
2 12
2 50
2 79
2 112
2 137
2 142
2 186
2 192
3 4
3 15
3 39
3 49
3 71
3 82
3 84
3 101
3 114
3 115
3 124
3 130
3 179
3 193
4 24
4 43
4 48
4 53
4 75
4 86
4 89
4 108
4 139
4 181
5 0
5 7
5 21
5 23
5 72
5 98
5 103
5 110
5 123
5 129
5 132
5 135
5 166
5 172
5 194
6 6
6 10
6 47
6 70
6 78
6 85
6 104
6 128
6 144
6 159
6 185
6 195
7 2
7 16
7 18
7 26
7 29
7 65
7 120
7 141
7 151
7 161
7 162
7 170
7 198
8 34
8 35
8 67
8 81
8 92
8 109
8 136
8 146
8 148
8 178
8 182
8 188
9 5
9 42
9 45
9 164
9 169
9 176
9 177
10 3
10 33
10 36
10 59
10 61
10 77
10 87
10 93
10 96
10 97
10 99
10 106
10 116
10 121
10 143
10 152
10 175
11 31
11 37
11 105
11 125
11 134
11 155
11 174
12 46
12 56
12 133
12 147
12 157
12 165
13 1
13 40
13 55
13 68
13 73
13 163
13 190
13 196
13 199
14 22
14 52
14 58
14 95
14 102
14 113
14 118
14 167
14 173
15 13
15 62
15 88
15 100
15 122
15 126
15 191
16 14
16 80
16 91
16 111
16 150
16 154
16 168
16 180
16 184
17 11
17 19
17 27
17 38
17 44
17 63
17 64
17 74
17 83
17 149
17 158
17 160
17 183
17 189
