0 13
0 56
0 100
0 110
0 118
0 130
0 154
0 168
0 170
0 190
0 197
1 4
1 10
1 31
1 46
1 55
1 87
1 92
1 117
1 127
1 132
1 155
1 162
2 48
2 71
2 73
2 78
2 93
2 131
2 144
2 159
2 182
3 23
3 25
3 26
3 27
3 29
3 33
3 67
3 99
3 137
3 148
3 163
3 172
4 28
4 47
4 66
4 70
4 95
4 101
4 126
4 138
4 149
4 187
5 2
5 9
5 35
5 54
5 62
5 64
5 74
5 80
5 85
5 89
5 90
5 94
5 109
5 111
5 116
5 121
5 135
5 140
5 157
5 173
5 178
5 191
5 196
6 11
6 22
6 30
6 36
6 45
6 52
6 151
6 161
6 169
6 186
7 1
7 8
7 12
7 18
7 51
7 63
7 65
7 69
7 75
7 105
7 146
7 171
7 194
8 43
8 59
8 68
8 76
8 124
8 152
8 174
8 175
8 176
8 177
8 179
8 189
9 83
9 114
9 123
9 199
10 3
10 6
10 32
10 143
10 156
10 165
10 185
11 7
11 14
11 20
11 38
11 61
11 97
11 98
11 102
11 107
11 108
11 113
11 125
11 129
11 134
11 136
11 160
11 181
12 88
12 104
12 128
12 133
12 153
13 19
13 34
13 49
13 58
13 91
13 103
13 112
13 141
13 142
13 180
13 192
14 42
14 50
14 79
14 84
14 96
14 145
14 167
14 184
14 193
15 188
15 195
16 15
16 24
16 39
16 119
16 150
16 166
16 198
17 21
17 37
17 41
17 44
17 53
17 77
17 82
17 106
17 115
17 122
17 158
17 164
18 0
18 5
18 16
18 17
18 40
18 57
18 60
18 72
18 81
18 86
18 120
18 139
18 147
18 183
