0 34
0 35
0 45
0 81
0 109
0 136
0 146
0 148
0 164
1 3
1 11
1 36
1 59
1 61
1 74
1 77
1 93
1 96
1 97
1 99
1 106
1 116
1 121
1 143
1 149
1 152
1 175
1 183
1 189
2 2
2 16
2 18
2 26
2 29
2 65
2 95
2 102
2 120
2 127
2 141
2 151
2 161
2 162
2 170
2 198
3 0
3 7
3 21
3 23
3 72
3 98
3 103
3 129
3 166
3 172
3 194
4 10
4 70
4 78
4 85
4 104
4 128
4 159
4 185
5 6
5 47
5 67
5 92
5 144
5 178
5 182
5 188
5 195
6 22
6 56
6 133
6 147
6 157
6 165
7 8
7 20
7 32
7 52
7 58
7 60
7 69
7 94
7 113
7 118
7 119
7 138
7 145
7 153
7 167
7 173
8 5
8 42
8 142
8 169
8 176
8 177
9 14
9 80
9 91
9 111
9 150
9 154
9 168
9 180
9 184
10 15
10 48
10 82
10 84
10 89
10 124
10 130
10 139
11 19
11 38
11 63
11 64
11 83
11 123
11 132
11 135
11 158
11 160
12 9
12 17
12 25
12 30
12 41
12 54
12 57
12 66
12 87
12 117
12 131
12 140
12 171
13 24
13 43
13 53
13 75
13 86
13 108
13 181
14 27
14 28
14 46
14 51
14 76
14 90
14 107
14 110
14 156
14 187
14 197
15 12
15 50
15 79
15 112
15 137
15 186
15 192
16 1
16 33
16 40
16 44
16 55
16 68
16 73
16 163
16 190
16 196
16 199
17 4
17 39
17 49
17 71
17 101
17 114
17 115
17 179
17 193
18 31
18 37
18 105
18 125
18 134
18 155
18 174
19 13
19 62
19 88
19 100
19 122
19 126
19 191
