0 5
0 13
0 14
0 35
0 42
0 45
0 62
0 80
0 81
0 88
0 91
0 100
0 109
0 111
0 122
0 126
0 136
0 142
0 146
0 148
0 150
0 154
0 155
0 164
0 168
0 169
0 176
0 177
0 180
0 191
0 192
1 1
1 10
1 24
1 31
1 33
1 37
1 38
1 40
1 43
1 44
1 48
1 53
1 55
1 61
1 63
1 64
1 68
1 70
1 73
1 75
1 78
1 82
1 85
1 86
1 89
1 97
1 104
1 105
1 108
1 114
1 116
1 125
1 128
1 130
1 134
1 139
1 143
1 144
1 149
1 152
1 158
1 159
1 163
1 174
1 175
1 181
1 185
1 189
1 190
1 196
1 199
2 0
2 7
2 11
2 19
2 21
2 23
2 27
2 28
2 46
2 51
2 56
2 72
2 74
2 83
2 90
2 98
2 103
2 107
2 110
2 123
2 129
2 132
2 133
2 135
2 147
2 156
2 157
2 160
2 165
2 166
2 172
2 183
2 184
2 187
2 194
2 197
3 3
3 4
3 6
3 8
3 9
3 12
3 15
3 17
3 25
3 30
3 32
3 34
3 36
3 39
3 41
3 47
3 49
3 50
3 54
3 57
3 59
3 66
3 67
3 69
3 71
3 76
3 77
3 79
3 84
3 87
3 92
3 93
3 96
3 99
3 101
3 106
3 112
3 115
3 117
3 119
3 121
3 124
3 131
3 137
3 140
3 145
3 153
3 171
3 178
3 179
3 182
3 186
3 188
3 193
3 195
4 2
4 16
4 18
4 20
4 22
4 26
4 29
4 52
4 58
4 60
4 65
4 94
4 95
4 102
4 113
4 118
4 120
4 127
4 138
4 141
4 151
4 161
4 162
4 167
4 170
4 173
4 198
