0 11
0 15
0 22
0 24
0 30
0 36
0 39
0 45
0 52
0 56
0 110
0 118
0 119
0 130
0 150
0 151
0 154
0 161
0 166
0 169
0 170
0 186
0 197
0 198
1 0
1 2
1 5
1 9
1 16
1 17
1 21
1 35
1 40
1 41
1 54
1 57
1 60
1 62
1 64
1 72
1 74
1 76
1 77
1 80
1 81
1 82
1 85
1 86
1 89
1 90
1 91
1 94
1 106
1 109
1 111
1 115
1 116
1 120
1 121
1 122
1 135
1 139
1 140
1 147
1 157
1 158
1 173
1 178
1 179
1 180
1 183
1 189
1 191
1 196
2 10
2 31
2 42
2 43
2 50
2 59
2 68
2 71
2 79
2 83
2 84
2 87
2 93
2 96
2 114
2 123
2 124
2 145
2 152
2 167
2 174
2 175
2 176
2 177
2 184
2 193
2 199
3 1
3 7
3 8
3 12
3 13
3 14
3 18
3 20
3 37
3 38
3 44
3 48
3 51
3 53
3 61
3 63
3 65
3 69
3 73
3 75
3 78
3 97
3 98
3 100
3 102
3 105
3 107
3 108
3 113
3 125
3 129
3 131
3 134
3 136
3 144
3 146
3 159
3 160
3 171
3 181
3 182
3 194
4 23
4 25
4 26
4 27
4 29
4 33
4 67
4 88
4 99
4 104
4 128
4 133
4 137
4 148
4 153
4 163
4 172
5 3
5 28
5 47
5 66
5 70
5 95
5 101
5 126
5 138
5 149
5 165
5 168
5 185
5 187
5 188
5 190
5 195
6 4
6 6
6 19
6 32
6 34
6 46
6 49
6 55
6 58
6 92
6 103
6 112
6 117
6 127
6 132
6 141
6 142
6 143
6 155
6 156
6 162
6 164
6 192
