0 4
0 6
0 10
0 19
0 31
0 32
0 34
0 46
0 49
0 55
0 58
0 87
0 91
0 92
0 103
0 112
0 117
0 127
0 132
0 141
0 142
0 155
0 162
0 180
0 192
1 7
1 14
1 20
1 38
1 61
1 69
1 97
1 98
1 102
1 105
1 107
1 108
1 113
1 125
1 129
1 131
1 134
1 136
1 159
1 160
1 171
1 181
1 188
1 194
1 195
2 0
2 5
2 11
2 15
2 17
2 22
2 24
2 30
2 36
2 39
2 45
2 52
2 56
2 81
2 110
2 118
2 119
2 130
2 147
2 150
2 151
2 154
2 161
2 166
2 169
2 170
2 186
2 197
2 198
3 3
3 28
3 47
3 66
3 70
3 95
3 101
3 126
3 138
3 143
3 149
3 156
3 165
3 168
3 185
3 187
3 190
4 23
4 25
4 26
4 27
4 29
4 33
4 67
4 88
4 99
4 104
4 128
4 133
4 137
4 148
4 153
4 163
4 172
5 1
5 8
5 12
5 13
5 18
5 37
5 41
5 44
5 48
5 51
5 53
5 59
5 63
5 65
5 73
5 75
5 78
5 100
5 122
5 144
5 146
5 152
5 158
5 164
5 176
5 177
5 182
6 2
6 9
6 16
6 21
6 35
6 40
6 54
6 57
6 60
6 62
6 64
6 68
6 72
6 74
6 76
6 77
6 80
6 82
6 85
6 86
6 89
6 90
6 94
6 106
6 109
6 111
6 115
6 116
6 120
6 121
6 135
6 139
6 140
6 157
6 173
6 178
6 179
6 183
6 189
6 191
6 193
6 196
7 42
7 43
7 50
7 71
7 79
7 83
7 84
7 93
7 96
7 114
7 123
7 124
7 145
7 167
7 174
7 175
7 184
7 199
