0 0
0 7
0 19
0 21
0 23
0 38
0 63
0 72
0 83
0 98
0 103
0 110
0 123
0 129
0 132
0 135
0 165
0 166
0 172
0 194
1 8
1 9
1 12
1 17
1 20
1 22
1 25
1 28
1 32
1 41
1 46
1 51
1 52
1 54
1 56
1 57
1 58
1 60
1 66
1 69
1 76
1 79
1 90
1 107
1 113
1 117
1 118
1 119
1 131
1 133
1 138
1 140
1 145
1 147
1 153
1 156
1 157
1 167
1 171
1 173
1 186
1 187
1 197
2 6
2 10
2 31
2 37
2 47
2 70
2 78
2 85
2 104
2 105
2 125
2 128
2 134
2 144
2 159
2 174
2 185
2 195
3 3
3 11
3 27
3 33
3 36
3 40
3 44
3 55
3 59
3 61
3 64
3 74
3 77
3 93
3 96
3 97
3 99
3 106
3 116
3 121
3 143
3 149
3 152
3 158
3 160
3 175
3 183
3 189
4 5
4 13
4 14
4 42
4 62
4 80
4 88
4 91
4 100
4 111
4 122
4 126
4 150
4 154
4 168
4 169
4 176
4 177
4 180
4 184
4 191
5 4
5 15
5 39
5 49
5 71
5 82
5 84
5 89
5 101
5 114
5 115
5 124
5 130
5 139
5 179
5 193
6 2
6 16
6 18
6 26
6 29
6 30
6 50
6 65
6 87
6 94
6 95
6 102
6 112
6 120
6 127
6 137
6 141
6 151
6 161
6 162
6 170
6 198
7 1
7 24
7 43
7 48
7 53
7 68
7 73
7 75
7 86
7 108
7 163
7 181
7 190
7 196
7 199
8 34
8 35
8 45
8 67
8 81
8 92
8 109
8 136
8 142
8 146
8 148
8 155
8 164
8 178
8 182
8 188
8 192
