0 9
0 10
0 15
0 24
0 25
0 27
0 30
0 37
0 58
0 64
0 77
0 109
0 116
0 132
0 150
0 160
0 166
0 176
0 177
0 183
0 185
0 194
1 5
1 19
1 20
1 35
1 48
1 51
1 67
1 78
1 98
1 103
1 107
1 118
1 119
1 121
1 133
1 172
1 179
1 193
1 196
2 14
2 17
2 18
2 23
2 39
2 75
2 82
2 91
2 92
2 113
2 122
2 125
2 127
2 146
2 153
2 171
2 184
2 186
2 187
2 195
3 2
3 4
3 11
3 12
3 32
3 40
3 45
3 52
3 57
3 101
3 106
3 110
3 117
3 141
3 142
3 145
3 170
3 175
4 3
4 13
4 28
4 29
4 38
4 47
4 72
4 83
4 99
4 112
4 128
4 137
4 144
4 157
4 164
4 165
4 167
4 199
5 34
5 43
5 46
5 50
5 61
5 81
5 84
5 89
5 94
5 96
5 108
5 120
5 123
5 135
5 188
5 191
6 1
6 36
6 42
6 55
6 59
6 62
6 63
6 66
6 70
6 97
6 115
6 126
6 131
6 136
6 147
6 151
6 162
6 168
6 173
6 181
7 0
7 6
7 21
7 33
7 41
7 53
7 54
7 56
7 68
7 71
7 76
7 85
7 90
7 102
7 111
7 134
7 139
7 140
7 143
7 148
7 149
7 156
7 161
7 174
7 178
7 189
7 192
8 8
8 44
8 65
8 73
8 74
8 79
8 80
8 86
8 87
8 95
8 100
8 105
8 154
8 155
8 159
8 169
8 180
8 182
8 190
8 197
9 16
9 49
9 60
9 69
9 93
9 124
9 129
9 138
9 163
10 7
10 22
10 26
10 31
10 88
10 104
10 114
10 130
10 152
10 158
10 198
