0 3
0 13
0 38
0 47
0 50
0 83
0 112
0 128
0 129
0 130
0 135
0 137
0 144
0 157
0 167
0 199
1 15
1 25
1 44
1 57
1 58
1 64
1 100
1 110
1 116
1 125
1 150
1 160
1 176
1 178
1 183
1 194
2 16
2 49
2 60
2 67
2 69
2 78
2 93
2 107
2 124
2 138
2 163
3 45
3 52
3 53
3 56
3 76
3 85
3 87
3 95
3 101
3 111
3 117
3 142
3 143
3 156
3 174
3 180
3 182
3 185
4 7
4 19
4 22
4 26
4 31
4 88
4 104
4 114
4 152
4 158
4 168
4 198
5 8
5 73
5 74
5 79
5 86
5 105
5 155
5 169
5 190
5 197
6 34
6 43
6 46
6 55
6 61
6 62
6 63
6 66
6 81
6 84
6 89
6 94
6 96
6 108
6 115
6 120
6 123
6 136
6 151
6 164
6 188
6 191
7 9
7 20
7 24
7 35
7 48
7 51
7 97
7 98
7 103
7 118
7 119
7 179
7 193
7 196
8 18
8 28
8 29
8 37
8 39
8 72
8 80
8 91
8 99
8 122
8 146
8 165
8 171
8 184
8 186
8 187
9 23
9 36
9 59
9 70
9 75
9 82
9 113
9 126
9 127
9 131
9 147
9 153
9 162
9 173
9 181
10 4
10 5
10 11
10 32
10 40
10 65
10 121
10 133
10 141
10 154
10 159
10 172
11 0
11 21
11 27
11 33
11 41
11 68
11 90
11 102
11 132
11 139
11 140
11 148
11 149
11 161
12 2
12 12
12 30
12 77
12 106
12 145
12 166
12 170
12 175
13 1
13 6
13 10
13 14
13 17
13 42
13 54
13 71
13 92
13 109
13 134
13 177
13 189
13 192
13 195
