0 13
0 28
0 29
0 72
0 99
0 118
0 128
0 165
0 167
0 171
0 199
1 0
1 6
1 10
1 41
1 54
1 90
1 102
1 109
1 134
1 139
1 140
1 161
1 174
1 178
1 183
1 189
1 192
2 38
2 47
2 50
2 81
2 94
2 96
2 120
2 130
2 135
2 144
2 158
2 188
2 198
3 14
3 17
3 18
3 23
3 39
3 75
3 82
3 91
3 92
3 113
3 122
3 125
3 127
3 146
3 153
3 184
3 186
3 187
3 195
4 21
4 33
4 53
4 56
4 68
4 71
4 76
4 85
4 111
4 143
4 148
4 149
4 156
4 182
4 185
5 31
5 49
5 88
5 104
5 114
5 152
5 163
5 172
6 1
6 22
6 36
6 42
6 55
6 59
6 62
6 63
6 66
6 70
6 97
6 115
6 126
6 131
6 136
6 147
6 151
6 162
6 168
6 173
6 181
7 5
7 44
7 65
7 100
7 121
7 133
7 154
7 159
8 15
8 24
8 25
8 27
8 30
8 58
8 64
8 77
8 116
8 132
8 150
8 160
8 166
8 176
8 177
8 194
9 16
9 60
9 69
9 78
9 83
9 93
9 107
9 112
9 124
9 129
9 137
9 138
9 157
10 2
10 4
10 11
10 32
10 40
10 141
10 145
11 3
11 34
11 37
11 43
11 46
11 61
11 84
11 89
11 108
11 123
11 164
11 191
12 7
12 9
12 19
12 20
12 26
12 35
12 48
12 51
12 67
12 98
12 103
12 119
12 179
12 193
12 196
13 12
13 45
13 52
13 57
13 101
13 106
13 110
13 117
13 142
13 170
13 175
14 8
14 73
14 74
14 79
14 80
14 86
14 87
14 95
14 105
14 155
14 169
14 180
14 190
14 197
