0 52
0 53
0 85
0 117
0 142
0 143
0 156
0 182
0 185
1 36
1 55
1 59
1 62
1 63
1 66
1 70
1 75
1 115
1 126
1 131
1 136
1 151
1 162
1 173
1 181
2 28
2 29
2 37
2 72
2 73
2 80
2 99
2 105
2 165
2 171
3 3
3 34
3 43
3 46
3 50
3 61
3 81
3 84
3 89
3 94
3 96
3 108
3 120
3 123
3 135
3 164
3 188
3 191
4 24
4 25
4 58
4 64
4 77
4 160
4 176
4 194
5 9
5 20
5 44
5 48
5 51
5 65
5 97
5 103
5 118
5 121
5 133
5 179
5 193
5 196
6 0
6 10
6 27
6 41
6 109
6 132
6 139
6 140
6 149
6 161
6 189
7 4
7 5
7 35
7 40
7 141
7 159
7 172
8 16
8 49
8 60
8 67
8 69
8 78
8 93
8 98
8 107
8 119
8 124
8 138
8 163
9 8
9 11
9 74
9 79
9 86
9 155
9 169
9 190
9 197
10 13
10 38
10 47
10 83
10 112
10 128
10 129
10 130
10 137
10 144
10 157
10 167
10 199
11 7
11 19
11 22
11 26
11 31
11 88
11 104
11 114
11 152
11 158
11 168
11 198
12 6
12 14
12 17
12 54
12 56
12 71
12 92
12 116
12 134
12 174
12 178
12 183
12 192
13 2
13 30
13 106
13 145
13 150
13 166
13 170
13 175
13 177
14 12
14 15
14 32
14 45
14 57
14 87
14 95
14 100
14 101
14 110
14 111
14 154
14 180
15 1
15 23
15 42
15 113
15 147
15 153
15 195
16 18
16 39
16 82
16 91
16 122
16 125
16 127
16 146
16 184
16 186
16 187
17 21
17 33
17 68
17 76
17 90
17 102
17 148
