0 0
0 2
0 4
0 6
0 8
0 10
0 11
0 12
0 14
0 15
0 21
0 24
0 25
0 27
0 30
0 32
0 33
0 40
0 41
0 45
0 52
0 53
0 54
0 56
0 57
0 58
0 64
0 65
0 68
0 71
0 73
0 74
0 76
0 77
0 79
0 80
0 85
0 86
0 87
0 90
0 95
0 100
0 101
0 102
0 105
0 106
0 109
0 110
0 111
0 116
0 117
0 125
0 132
0 134
0 139
0 140
0 141
0 142
0 143
0 145
0 148
0 149
0 150
0 154
0 155
0 156
0 159
0 160
0 161
0 166
0 169
0 170
0 174
0 175
0 176
0 177
0 178
0 180
0 182
0 183
0 185
0 189
0 190
0 192
0 194
0 197
1 1
1 3
1 5
1 7
1 9
1 13
1 16
1 17
1 18
1 19
1 20
1 22
1 23
1 26
1 28
1 29
1 31
1 34
1 35
1 36
1 37
1 38
1 39
1 42
1 43
1 44
1 46
1 47
1 48
1 49
1 50
1 51
1 55
1 59
1 60
1 61
1 62
1 63
1 66
1 67
1 69
1 70
1 72
1 75
1 78
1 81
1 82
1 83
1 84
1 88
1 89
1 91
1 92
1 93
1 94
1 96
1 97
1 98
1 99
1 103
1 104
1 107
1 108
1 112
1 113
1 114
1 115
1 118
1 119
1 120
1 121
1 122
1 123
1 124
1 126
1 127
1 128
1 129
1 130
1 131
1 133
1 135
1 136
1 137
1 138
1 144
1 146
1 147
1 151
1 152
1 153
1 157
1 158
1 162
1 163
1 164
1 165
1 167
1 168
1 171
1 172
1 173
1 179
1 181
1 184
1 186
1 187
1 188
1 191
1 193
1 195
1 196
1 198
1 199
