0 13
0 28
0 29
0 72
0 165
0 167
0 171
1 12
1 45
1 52
1 57
1 100
1 101
1 110
1 117
1 142
2 9
2 24
2 37
2 97
2 181
2 193
3 50
3 81
3 94
3 96
3 120
3 130
3 135
3 158
3 188
4 6
4 15
4 53
4 54
4 85
4 111
4 134
4 160
4 174
4 178
4 183
4 185
4 197
5 20
5 35
5 48
5 51
5 67
5 78
5 98
5 103
5 107
5 118
5 119
5 196
6 56
6 68
6 76
6 87
6 95
6 143
6 180
6 182
7 16
7 31
7 49
7 60
7 69
7 93
7 124
7 129
7 138
7 163
7 172
8 14
8 17
8 18
8 39
8 75
8 82
8 91
8 113
8 122
8 125
8 127
8 146
8 173
8 184
8 186
8 187
9 2
9 4
9 32
9 106
9 145
9 166
9 170
9 175
10 36
10 55
10 59
10 62
10 63
10 66
10 70
10 115
10 126
10 131
10 136
10 151
10 162
11 8
11 11
11 73
11 74
11 79
11 80
11 86
11 105
11 155
11 169
11 190
12 40
12 141
13 5
13 44
13 65
13 121
13 133
13 154
13 159
14 7
14 19
14 22
14 26
14 88
14 104
14 114
14 152
14 168
14 179
14 198
15 1
15 23
15 42
15 92
15 147
15 153
15 195
16 34
16 43
16 46
16 61
16 84
16 89
16 108
16 123
16 164
16 191
17 10
17 25
17 27
17 30
17 58
17 64
17 77
17 109
17 116
17 132
17 150
17 176
17 177
17 194
18 0
18 21
18 33
18 41
18 71
18 90
18 102
18 139
18 140
18 148
18 149
18 156
18 161
18 189
18 192
19 3
19 38
19 47
19 83
19 99
19 112
19 128
19 137
19 144
19 157
19 199
