0 5
0 7
0 13
0 16
0 19
0 20
0 29
0 31
0 35
0 38
0 47
0 48
0 49
0 50
0 51
0 60
0 67
0 69
0 72
0 78
0 83
0 88
0 93
0 98
0 99
0 103
0 104
0 107
0 112
0 114
0 118
0 119
0 124
0 128
0 129
0 130
0 133
0 137
0 138
0 144
0 152
0 157
0 163
0 165
0 167
0 172
0 179
0 193
0 196
0 199
1 0
1 6
1 8
1 14
1 15
1 17
1 18
1 23
1 28
1 33
1 41
1 44
1 53
1 54
1 56
1 65
1 71
1 73
1 74
1 76
1 79
1 85
1 86
1 87
1 90
1 91
1 92
1 95
1 100
1 102
1 105
1 111
1 121
1 125
1 127
1 134
1 139
1 143
1 146
1 148
1 149
1 154
1 156
1 159
1 169
1 174
1 178
1 182
1 184
1 186
1 187
1 189
1 190
1 192
1 195
1 197
2 2
2 4
2 10
2 11
2 12
2 21
2 24
2 25
2 27
2 30
2 32
2 40
2 45
2 52
2 57
2 58
2 64
2 68
2 77
2 80
2 101
2 106
2 109
2 110
2 116
2 117
2 132
2 140
2 141
2 142
2 145
2 150
2 155
2 160
2 161
2 166
2 170
2 175
2 176
2 177
2 180
2 183
2 185
2 194
3 1
3 3
3 9
3 22
3 26
3 34
3 36
3 37
3 39
3 42
3 43
3 46
3 55
3 59
3 61
3 62
3 63
3 66
3 70
3 75
3 81
3 82
3 84
3 89
3 94
3 96
3 97
3 108
3 113
3 115
3 120
3 122
3 123
3 126
3 131
3 135
3 136
3 147
3 151
3 153
3 158
3 162
3 164
3 168
3 171
3 173
3 181
3 188
3 191
3 198
