0 8
0 14
0 17
0 18
0 28
0 29
0 39
0 44
0 59
0 65
0 72
0 73
0 74
0 75
0 79
0 80
0 82
0 86
0 91
0 92
0 97
0 105
0 113
0 121
0 122
0 125
0 127
0 146
0 153
0 159
0 165
0 169
0 171
0 173
0 184
0 186
0 187
0 190
1 2
1 4
1 11
1 12
1 24
1 25
1 30
1 32
1 40
1 45
1 52
1 57
1 58
1 64
1 77
1 87
1 95
1 100
1 101
1 106
1 110
1 116
1 117
1 141
1 142
1 145
1 150
1 154
1 155
1 160
1 166
1 170
1 175
1 176
1 177
1 180
1 182
1 194
1 197
2 5
2 7
2 9
2 13
2 16
2 19
2 20
2 26
2 31
2 35
2 38
2 48
2 49
2 51
2 60
2 67
2 69
2 78
2 83
2 88
2 93
2 98
2 99
2 103
2 104
2 107
2 112
2 114
2 118
2 119
2 124
2 128
2 129
2 130
2 133
2 137
2 138
2 144
2 152
2 157
2 163
2 167
2 172
2 179
2 193
2 196
2 199
3 0
3 6
3 10
3 15
3 21
3 23
3 27
3 33
3 41
3 42
3 53
3 54
3 56
3 68
3 71
3 76
3 85
3 90
3 102
3 109
3 111
3 132
3 134
3 139
3 140
3 143
3 147
3 148
3 149
3 156
3 161
3 174
3 178
3 183
3 185
3 189
3 192
3 195
4 1
4 3
4 22
4 34
4 36
4 37
4 43
4 46
4 47
4 50
4 55
4 61
4 62
4 63
4 66
4 70
4 81
4 84
4 89
4 94
4 96
4 108
4 115
4 120
4 123
4 126
4 131
4 135
4 136
4 151
4 158
4 162
4 164
4 168
4 181
4 188
4 191
4 198
