0 13
0 16
0 28
0 29
0 37
0 38
0 69
0 72
0 83
0 99
0 107
0 112
0 119
0 128
0 129
0 130
0 137
0 157
0 165
0 167
0 171
0 199
1 2
1 12
1 15
1 25
1 30
1 32
1 45
1 52
1 53
1 56
1 57
1 77
1 79
1 85
1 87
1 95
1 100
1 101
1 106
1 110
1 111
1 116
1 117
1 142
1 143
1 145
1 150
1 154
1 166
1 170
1 174
1 175
1 176
1 178
1 180
1 182
1 183
1 185
1 194
2 0
2 1
2 6
2 10
2 21
2 27
2 33
2 41
2 42
2 54
2 68
2 71
2 76
2 90
2 92
2 102
2 109
2 132
2 134
2 139
2 140
2 148
2 149
2 156
2 161
2 177
2 189
2 192
3 7
3 9
3 19
3 20
3 22
3 26
3 31
3 35
3 48
3 49
3 51
3 60
3 67
3 78
3 88
3 93
3 97
3 98
3 103
3 104
3 114
3 118
3 124
3 138
3 152
3 163
3 168
3 179
3 193
3 198
4 14
4 17
4 18
4 23
4 36
4 39
4 59
4 62
4 70
4 75
4 82
4 91
4 113
4 122
4 125
4 126
4 127
4 131
4 136
4 146
4 147
4 153
4 162
4 173
4 181
4 186
4 187
4 195
5 3
5 34
5 43
5 46
5 47
5 50
5 55
5 61
5 63
5 66
5 81
5 84
5 89
5 94
5 96
5 108
5 115
5 120
5 123
5 135
5 144
5 151
5 158
5 164
5 188
5 191
6 4
6 5
6 8
6 11
6 24
6 40
6 44
6 58
6 64
6 65
6 73
6 74
6 80
6 86
6 105
6 121
6 133
6 141
6 155
6 159
6 160
6 169
6 172
6 184
6 190
6 196
6 197
