0 9
0 21
0 67
0 72
0 83
0 84
0 99
0 109
0 119
0 124
0 141
0 146
0 153
0 157
0 158
0 164
0 165
0 174
0 176
0 198
0 200
0 222
0 231
0 238
0 242
0 264
0 266
0 269
0 271
0 291
0 328
0 332
0 354
0 364
0 371
0 388
0 391
0 395
1 5
1 15
1 28
1 40
1 45
1 95
1 113
1 116
1 167
1 202
1 216
1 232
1 239
1 253
1 263
1 265
1 294
1 295
1 319
1 323
1 333
1 362
1 368
1 376
2 2
2 20
2 37
2 43
2 44
2 50
2 55
2 71
2 78
2 91
2 104
2 105
2 107
2 117
2 135
2 138
2 152
2 160
2 177
2 180
2 187
2 201
2 203
2 208
2 213
2 218
2 224
2 227
2 228
2 234
2 245
2 247
2 261
2 280
2 308
2 309
2 310
2 320
2 322
2 334
2 385
2 390
3 7
3 34
3 36
3 39
3 48
3 77
3 82
3 106
3 110
3 121
3 123
3 156
3 196
3 229
3 246
3 250
3 258
3 270
3 293
3 296
3 297
3 312
3 321
3 324
3 330
3 338
3 339
3 367
3 375
3 377
4 33
4 35
4 38
4 51
4 63
4 86
4 87
4 89
4 92
4 112
4 122
4 126
4 143
4 147
4 162
4 166
4 169
4 172
4 186
4 192
4 225
4 240
4 243
4 244
4 257
4 259
4 260
4 275
4 277
4 285
4 292
4 326
4 337
4 342
4 343
4 346
4 351
4 352
4 357
4 373
4 378
4 386
5 1
5 6
5 10
5 14
5 27
5 29
5 31
5 56
5 60
5 68
5 74
5 88
5 111
5 118
5 139
5 144
5 148
5 150
5 173
5 175
5 188
5 197
5 211
5 219
5 223
5 251
5 262
5 282
5 289
5 290
5 299
5 303
5 327
5 335
5 340
5 344
5 349
5 369
5 396
5 397
6 13
6 19
6 22
6 30
6 42
6 53
6 54
6 57
6 61
6 65
6 70
6 90
6 94
6 101
6 114
6 120
6 151
6 159
6 163
6 168
6 184
6 205
6 215
6 220
6 226
6 236
6 254
6 255
6 283
6 287
6 304
6 306
6 315
6 316
6 325
6 350
6 365
6 381
6 382
7 3
7 8
7 11
7 16
7 32
7 49
7 59
7 76
7 79
7 80
7 93
7 96
7 97
7 108
7 131
7 137
7 149
7 182
7 190
7 204
7 206
7 217
7 235
7 273
7 286
7 288
7 302
7 305
7 317
7 341
7 379
7 380
7 383
7 384
7 387
7 399
8 12
8 23
8 26
8 41
8 58
8 75
8 85
8 98
8 100
8 115
8 129
8 130
8 132
8 134
8 142
8 154
8 191
8 194
8 207
8 214
8 230
8 237
8 249
8 268
8 272
8 279
8 301
8 331
8 359
8 389
9 4
9 17
9 18
9 24
9 25
9 47
9 62
9 64
9 73
9 102
9 103
9 125
9 127
9 128
9 133
9 136
9 145
9 155
9 161
9 171
9 178
9 181
9 183
9 185
9 189
9 195
9 199
9 209
9 210
9 212
9 233
9 241
9 248
9 252
9 256
9 267
9 276
9 278
9 281
9 284
9 298
9 300
9 307
9 311
9 345
9 347
9 348
9 355
9 356
9 358
9 360
9 363
9 366
9 370
9 372
9 392
10 0
10 46
10 52
10 66
10 69
10 81
10 140
10 170
10 179
10 193
10 221
10 274
10 313
10 314
10 318
10 329
10 336
10 353
10 361
10 374
10 393
10 394
10 398
