0 19
0 22
0 30
0 42
0 53
0 54
0 61
0 65
0 70
0 90
0 114
0 120
0 151
0 168
0 184
0 205
0 215
0 220
0 226
0 254
0 255
0 283
0 287
0 304
0 306
0 313
0 315
0 316
0 325
0 350
0 353
0 382
1 12
1 23
1 26
1 58
1 75
1 85
1 98
1 100
1 132
1 134
1 142
1 145
1 154
1 191
1 194
1 207
1 230
1 249
1 268
1 272
1 279
1 331
1 389
2 1
2 10
2 14
2 27
2 29
2 31
2 60
2 68
2 73
2 74
2 88
2 111
2 118
2 122
2 133
2 139
2 148
2 155
2 197
2 211
2 223
2 240
2 256
2 260
2 282
2 289
2 290
2 299
2 303
2 340
2 369
2 370
2 397
3 33
3 35
3 38
3 51
3 52
3 63
3 86
3 87
3 89
3 92
3 112
3 126
3 140
3 143
3 147
3 162
3 166
3 169
3 172
3 179
3 186
3 192
3 225
3 243
3 244
3 257
3 259
3 274
3 275
3 277
3 285
3 292
3 314
3 318
3 326
3 337
3 342
3 343
3 346
3 352
3 357
3 374
3 378
3 386
4 0
4 7
4 36
4 39
4 46
4 48
4 66
4 69
4 77
4 82
4 106
4 123
4 156
4 170
4 193
4 196
4 229
4 246
4 250
4 258
4 270
4 293
4 296
4 297
4 312
4 324
4 329
4 330
4 336
4 339
4 361
4 367
4 375
4 377
4 393
4 394
4 398
5 5
5 15
5 28
5 40
5 45
5 95
5 113
5 116
5 167
5 202
5 216
5 232
5 239
5 253
5 263
5 265
5 294
5 295
5 319
5 323
5 333
5 362
5 368
5 376
6 3
6 8
6 11
6 16
6 32
6 41
6 49
6 59
6 76
6 79
6 80
6 93
6 96
6 97
6 108
6 115
6 129
6 130
6 131
6 137
6 149
6 182
6 190
6 204
6 206
6 214
6 217
6 235
6 237
6 273
6 286
6 288
6 301
6 305
6 317
6 341
6 359
6 379
6 380
6 383
6 384
6 387
7 6
7 13
7 56
7 57
7 62
7 94
7 101
7 109
7 144
7 150
7 157
7 158
7 159
7 163
7 164
7 173
7 174
7 175
7 188
7 200
7 219
7 236
7 251
7 262
7 266
7 271
7 302
7 321
7 327
7 335
7 344
7 349
7 363
7 365
7 381
7 388
7 391
7 395
7 396
7 399
8 20
8 37
8 44
8 50
8 78
8 81
8 104
8 121
8 128
8 152
8 180
8 187
8 201
8 203
8 208
8 213
8 221
8 228
8 234
8 245
8 261
8 280
8 308
8 309
8 310
8 320
8 322
8 334
8 385
8 390
9 9
9 21
9 67
9 72
9 83
9 84
9 99
9 110
9 119
9 124
9 141
9 146
9 153
9 165
9 176
9 198
9 222
9 231
9 238
9 242
9 264
9 269
9 291
9 328
9 332
9 354
9 364
9 371
10 4
10 17
10 18
10 25
10 34
10 64
10 102
10 103
10 107
10 125
10 127
10 136
10 161
10 171
10 181
10 183
10 185
10 189
10 195
10 199
10 209
10 210
10 212
10 233
10 241
10 248
10 252
10 267
10 276
10 278
10 281
10 284
10 300
10 307
10 311
10 338
10 345
10 347
10 348
10 351
10 355
10 356
10 358
10 360
10 372
10 373
10 392
11 2
11 24
11 43
11 47
11 55
11 71
11 91
11 105
11 117
11 135
11 138
11 160
11 177
11 178
11 218
11 224
11 227
11 247
11 298
11 366
