0 4
0 17
0 18
0 20
0 34
0 50
0 78
0 121
0 125
0 127
0 128
0 136
0 152
0 171
0 183
0 189
0 203
0 209
0 228
0 241
0 245
0 248
0 277
0 280
0 300
0 309
0 320
0 322
0 345
0 351
0 356
0 385
0 392
1 28
1 79
1 108
1 113
1 182
1 202
1 216
1 217
1 263
1 268
1 294
1 317
1 333
1 375
1 380
2 1
2 10
2 14
2 27
2 29
2 31
2 56
2 60
2 68
2 73
2 74
2 88
2 111
2 118
2 122
2 133
2 139
2 148
2 155
2 175
2 197
2 211
2 219
2 223
2 240
2 256
2 282
2 289
2 290
2 299
2 303
2 335
2 340
2 349
2 369
2 370
2 397
3 6
3 62
3 64
3 93
3 97
3 109
3 144
3 150
3 157
3 164
3 173
3 174
3 181
3 185
3 188
3 190
3 195
3 199
3 200
3 206
3 212
3 251
3 252
3 262
3 264
3 266
3 271
3 276
3 278
3 281
3 296
3 302
3 311
3 321
3 327
3 338
3 341
3 344
3 358
3 363
3 372
3 388
3 391
3 395
3 396
3 399
4 13
4 22
4 30
4 42
4 53
4 54
4 57
4 65
4 70
4 94
4 101
4 158
4 159
4 163
4 168
4 184
4 205
4 220
4 236
4 254
4 255
4 304
4 315
4 316
4 350
4 365
4 381
5 3
5 8
5 11
5 16
5 32
5 49
5 59
5 76
5 80
5 96
5 131
5 137
5 149
5 204
5 235
5 273
5 286
5 288
5 305
5 379
5 383
5 384
5 387
6 12
6 23
6 26
6 41
6 58
6 75
6 85
6 98
6 100
6 115
6 129
6 130
6 132
6 134
6 142
6 154
6 191
6 194
6 207
6 214
6 230
6 237
6 249
6 272
6 279
6 301
6 359
6 389
7 0
7 7
7 36
7 39
7 46
7 48
7 66
7 69
7 77
7 81
7 82
7 106
7 123
7 156
7 170
7 179
7 193
7 196
7 221
7 229
7 246
7 250
7 258
7 270
7 293
7 297
7 312
7 318
7 324
7 329
7 330
7 336
7 339
7 361
7 367
7 377
7 393
7 394
7 398
8 33
8 35
8 38
8 51
8 86
8 87
8 89
8 92
8 126
8 143
8 147
8 162
8 166
8 169
8 172
8 186
8 192
8 225
8 233
8 243
8 244
8 257
8 259
8 275
8 285
8 326
8 337
8 342
8 343
8 355
8 357
8 373
8 378
8 386
9 9
9 21
9 67
9 72
9 83
9 84
9 99
9 110
9 119
9 124
9 141
9 146
9 153
9 165
9 176
9 198
9 222
9 231
9 238
9 242
9 269
9 291
9 328
9 332
9 354
9 364
9 371
10 24
10 25
10 71
10 103
10 135
10 145
10 160
10 161
10 210
10 227
10 267
10 284
10 307
10 331
10 347
10 348
10 360
11 2
11 37
11 43
11 44
11 47
11 55
11 91
11 102
11 104
11 105
11 107
11 117
11 138
11 177
11 178
11 180
11 187
11 201
11 208
11 213
11 218
11 224
11 234
11 247
11 261
11 298
11 308
11 310
11 334
11 366
11 390
12 19
12 52
12 61
12 63
12 90
12 112
12 114
12 120
12 140
12 151
12 215
12 226
12 260
12 274
12 283
12 287
12 292
12 306
12 313
12 314
12 325
12 346
12 352
12 353
12 374
12 382
13 5
13 15
13 40
13 45
13 95
13 116
13 167
13 232
13 239
13 253
13 265
13 295
13 319
13 323
13 362
13 368
13 376
