0 2
0 24
0 43
0 55
0 71
0 91
0 105
0 117
0 135
0 138
0 160
0 177
0 178
0 218
0 224
0 227
0 247
0 298
0 366
1 0
1 7
1 39
1 46
1 48
1 66
1 69
1 77
1 82
1 106
1 156
1 196
1 246
1 250
1 258
1 270
1 297
1 312
1 324
1 330
1 336
1 339
1 367
1 375
1 377
1 380
1 393
1 394
2 14
2 31
2 60
2 68
2 73
2 88
2 111
2 118
2 122
2 133
2 148
2 155
2 211
2 223
2 240
2 256
2 289
2 303
2 340
2 346
2 369
2 370
2 397
3 62
3 64
3 93
3 96
3 97
3 109
3 137
3 157
3 164
3 174
3 176
3 190
3 199
3 200
3 204
3 206
3 229
3 264
3 266
3 271
3 281
3 296
3 302
3 305
3 317
3 341
3 363
3 372
3 387
3 395
3 399
4 9
4 21
4 36
4 67
4 72
4 83
4 84
4 99
4 110
4 119
4 124
4 141
4 146
4 153
4 158
4 165
4 198
4 222
4 231
4 238
4 242
4 269
4 291
4 293
4 321
4 328
4 332
4 354
4 364
4 371
4 388
4 391
5 13
5 22
5 30
5 42
5 53
5 54
5 57
5 65
5 94
5 101
5 159
5 184
5 236
5 255
5 304
5 315
5 350
5 365
5 381
6 5
6 15
6 28
6 40
6 95
6 113
6 116
6 167
6 202
6 216
6 232
6 239
6 253
6 263
6 265
6 294
6 295
6 319
6 323
6 333
6 362
6 368
6 376
7 3
7 8
7 11
7 16
7 32
7 41
7 49
7 59
7 76
7 79
7 80
7 108
7 115
7 129
7 130
7 131
7 149
7 182
7 207
7 214
7 217
7 235
7 237
7 272
7 273
7 286
7 288
7 301
7 359
7 379
7 383
7 384
8 35
8 38
8 47
8 87
8 89
8 102
8 143
8 162
8 166
8 172
8 186
8 192
8 212
8 225
8 233
8 257
8 259
8 285
8 337
8 342
8 355
8 357
8 373
8 378
8 386
9 33
9 51
9 52
9 81
9 86
9 92
9 112
9 123
9 126
9 140
9 147
9 169
9 170
9 179
9 193
9 221
9 243
9 244
9 274
9 275
9 292
9 314
9 318
9 326
9 329
9 343
9 352
9 361
9 374
9 398
10 12
10 23
10 26
10 45
10 58
10 75
10 85
10 98
10 100
10 132
10 134
10 142
10 145
10 154
10 191
10 194
10 230
10 249
10 268
10 279
10 331
10 389
11 4
11 17
11 18
11 25
11 34
11 103
11 107
11 121
11 125
11 127
11 128
11 136
11 161
11 171
11 181
11 183
11 185
11 189
11 195
11 203
11 209
11 210
11 241
11 245
11 248
11 252
11 267
11 277
11 278
11 284
11 300
11 307
11 309
11 311
11 320
11 338
11 345
11 347
11 348
11 351
11 356
11 358
11 360
11 392
12 20
12 37
12 44
12 50
12 78
12 104
12 152
12 180
12 187
12 201
12 208
12 213
12 228
12 234
12 261
12 280
12 308
12 310
12 322
12 334
12 385
12 390
13 1
13 6
13 10
13 27
13 29
13 56
13 74
13 139
13 144
13 150
13 163
13 173
13 175
13 188
13 197
13 219
13 251
13 262
13 276
13 282
13 290
13 299
13 327
13 335
13 344
13 349
13 396
14 19
14 61
14 63
14 70
14 90
14 114
14 120
14 151
14 168
14 205
14 215
14 220
14 226
14 254
14 260
14 283
14 287
14 306
14 313
14 316
14 325
14 353
14 382
