0 20
0 37
0 44
0 50
0 78
0 104
0 152
0 180
0 187
0 201
0 203
0 208
0 213
0 228
0 234
0 245
0 261
0 280
0 308
0 309
0 310
0 320
0 322
0 334
0 385
0 390
1 1
1 10
1 14
1 27
1 29
1 31
1 60
1 68
1 88
1 111
1 114
1 118
1 122
1 139
1 148
1 151
1 197
1 211
1 219
1 223
1 240
1 282
1 289
1 299
1 303
1 306
1 325
1 340
1 346
1 369
1 382
1 397
2 5
2 15
2 28
2 40
2 45
2 95
2 113
2 116
2 167
2 202
2 216
2 232
2 239
2 253
2 263
2 265
2 294
2 295
2 319
2 323
2 333
2 362
2 368
2 376
3 3
3 8
3 11
3 16
3 32
3 41
3 49
3 59
3 76
3 79
3 80
3 108
3 115
3 129
3 130
3 131
3 149
3 182
3 204
3 214
3 217
3 235
3 237
3 273
3 286
3 288
3 301
3 305
3 379
3 383
3 384
3 387
4 33
4 35
4 38
4 51
4 87
4 89
4 92
4 143
4 162
4 166
4 172
4 186
4 192
4 225
4 243
4 257
4 259
4 285
4 326
4 337
4 342
4 357
4 378
4 386
5 0
5 46
5 66
5 69
5 77
5 82
5 106
5 123
5 156
5 170
5 196
5 258
5 330
5 336
5 377
5 393
5 394
6 34
6 36
6 146
6 158
6 220
6 254
6 270
6 293
6 297
6 321
6 361
6 388
6 391
7 18
7 39
7 48
7 81
7 86
7 121
7 126
7 128
7 147
7 169
7 183
7 244
7 246
7 248
7 275
7 277
7 318
7 324
7 329
7 338
7 343
7 351
8 62
8 64
8 93
8 97
8 109
8 157
8 164
8 174
8 199
8 200
8 206
8 252
8 264
8 266
8 281
8 302
8 358
8 363
8 372
8 395
8 399
9 7
9 84
9 96
9 137
9 176
9 190
9 229
9 250
9 271
9 296
9 312
9 317
9 339
9 341
9 367
9 375
9 380
10 13
10 22
10 30
10 42
10 53
10 54
10 57
10 65
10 94
10 101
10 159
10 163
10 184
10 236
10 255
10 304
10 315
10 316
10 365
10 381
11 9
11 21
11 67
11 72
11 83
11 99
11 110
11 119
11 124
11 141
11 153
11 165
11 198
11 222
11 231
11 238
11 242
11 269
11 291
11 328
11 332
11 354
11 364
11 371
12 52
12 61
12 63
12 112
12 140
12 179
12 193
12 221
12 260
12 274
12 292
12 313
12 314
12 352
12 353
12 374
12 398
13 2
13 43
13 55
13 71
13 91
13 105
13 135
13 138
13 160
13 177
13 218
13 224
13 227
13 247
14 4
14 24
14 47
14 73
14 102
14 107
14 117
14 125
14 127
14 133
14 155
14 171
14 178
14 181
14 185
14 209
14 212
14 233
14 241
14 256
14 278
14 298
14 300
14 311
14 345
14 355
14 356
14 366
14 370
14 373
15 19
15 70
15 90
15 120
15 168
15 205
15 215
15 226
15 283
15 287
15 350
16 12
16 23
16 26
16 58
16 75
16 85
16 98
16 100
16 132
16 134
16 142
16 154
16 191
16 194
16 207
16 230
16 249
16 268
16 272
16 279
16 359
16 389
17 6
17 56
17 74
17 144
17 150
17 173
17 175
17 188
17 251
17 262
17 276
17 290
17 327
17 335
17 344
17 349
17 396
18 17
18 25
18 103
18 136
18 145
18 161
18 189
18 195
18 210
18 267
18 284
18 307
18 331
18 347
18 348
18 360
18 392
