0 1
0 6
0 10
0 13
0 14
0 19
0 22
0 27
0 29
0 30
0 31
0 42
0 53
0 54
0 56
0 57
0 60
0 61
0 63
0 65
0 68
0 70
0 74
0 88
0 90
0 94
0 101
0 111
0 114
0 118
0 120
0 122
0 139
0 144
0 148
0 150
0 151
0 158
0 159
0 163
0 168
0 173
0 175
0 184
0 188
0 197
0 205
0 211
0 215
0 219
0 220
0 223
0 226
0 236
0 251
0 254
0 255
0 260
0 262
0 276
0 282
0 283
0 287
0 289
0 290
0 299
0 304
0 306
0 313
0 315
0 316
0 321
0 325
0 327
0 335
0 340
0 344
0 346
0 349
0 350
0 353
0 365
0 369
0 381
0 382
0 388
0 396
0 397
1 3
1 5
1 7
1 8
1 9
1 11
1 12
1 15
1 16
1 17
1 21
1 23
1 26
1 28
1 32
1 40
1 41
1 45
1 49
1 58
1 59
1 62
1 64
1 67
1 72
1 75
1 76
1 79
1 80
1 83
1 84
1 85
1 93
1 95
1 96
1 97
1 98
1 99
1 100
1 108
1 109
1 110
1 113
1 115
1 116
1 119
1 124
1 129
1 130
1 131
1 132
1 134
1 137
1 141
1 142
1 145
1 149
1 153
1 154
1 157
1 164
1 165
1 167
1 174
1 176
1 182
1 189
1 190
1 191
1 194
1 195
1 198
1 199
1 200
1 202
1 204
1 206
1 207
1 210
1 214
1 216
1 217
1 222
1 229
1 230
1 231
1 232
1 235
1 237
1 238
1 239
1 242
1 249
1 250
1 252
1 253
1 263
1 264
1 265
1 266
1 268
1 269
1 271
1 272
1 273
1 279
1 281
1 286
1 288
1 291
1 294
1 295
1 296
1 301
1 302
1 305
1 307
1 312
1 317
1 319
1 323
1 328
1 331
1 332
1 333
1 339
1 341
1 347
1 354
1 358
1 359
1 360
1 362
1 363
1 364
1 367
1 368
1 371
1 372
1 375
1 376
1 379
1 380
1 383
1 384
1 387
1 389
1 395
1 399
2 0
2 2
2 4
2 18
2 20
2 24
2 25
2 33
2 34
2 35
2 36
2 37
2 38
2 39
2 43
2 44
2 46
2 47
2 48
2 50
2 51
2 52
2 55
2 66
2 69
2 71
2 73
2 77
2 78
2 81
2 82
2 86
2 87
2 89
2 91
2 92
2 102
2 103
2 104
2 105
2 106
2 107
2 112
2 117
2 121
2 123
2 125
2 126
2 127
2 128
2 133
2 135
2 136
2 138
2 140
2 143
2 146
2 147
2 152
2 155
2 156
2 160
2 161
2 162
2 166
2 169
2 170
2 171
2 172
2 177
2 178
2 179
2 180
2 181
2 183
2 185
2 186
2 187
2 192
2 193
2 196
2 201
2 203
2 208
2 209
2 212
2 213
2 218
2 221
2 224
2 225
2 227
2 228
2 233
2 234
2 240
2 241
2 243
2 244
2 245
2 246
2 247
2 248
2 256
2 257
2 258
2 259
2 261
2 267
2 270
2 274
2 275
2 277
2 278
2 280
2 284
2 285
2 292
2 293
2 297
2 298
2 300
2 303
2 308
2 309
2 310
2 311
2 314
2 318
2 320
2 322
2 324
2 326
2 329
2 330
2 334
2 336
2 337
2 338
2 342
2 343
2 345
2 348
2 351
2 352
2 355
2 356
2 357
2 361
2 366
2 370
2 373
2 374
2 377
2 378
2 385
2 386
2 390
2 391
2 392
2 393
2 394
2 398
