0 7
0 9
0 21
0 36
0 39
0 62
0 64
0 67
0 72
0 77
0 83
0 84
0 93
0 96
0 97
0 99
0 106
0 109
0 110
0 119
0 124
0 137
0 141
0 146
0 153
0 157
0 158
0 164
0 165
0 174
0 176
0 190
0 195
0 198
0 199
0 200
0 206
0 222
0 229
0 231
0 238
0 242
0 250
0 252
0 258
0 264
0 266
0 269
0 271
0 281
0 291
0 293
0 296
0 302
0 305
0 312
0 317
0 321
0 328
0 330
0 332
0 338
0 339
0 341
0 354
0 363
0 364
0 367
0 371
0 372
0 377
0 380
0 388
0 391
0 395
0 399
1 3
1 5
1 8
1 11
1 12
1 15
1 16
1 17
1 23
1 26
1 28
1 32
1 40
1 41
1 45
1 49
1 58
1 59
1 75
1 76
1 79
1 80
1 85
1 95
1 98
1 100
1 108
1 113
1 115
1 116
1 129
1 130
1 131
1 132
1 134
1 142
1 145
1 149
1 154
1 167
1 182
1 191
1 194
1 202
1 204
1 207
1 214
1 216
1 217
1 230
1 232
1 235
1 237
1 239
1 249
1 253
1 263
1 265
1 268
1 272
1 273
1 279
1 286
1 288
1 294
1 295
1 301
1 319
1 323
1 331
1 333
1 347
1 358
1 359
1 360
1 362
1 368
1 375
1 376
1 379
1 383
1 384
1 387
1 389
2 1
2 6
2 10
2 13
2 14
2 19
2 22
2 27
2 29
2 30
2 31
2 42
2 53
2 54
2 56
2 57
2 60
2 61
2 63
2 65
2 68
2 70
2 74
2 88
2 90
2 94
2 101
2 111
2 114
2 118
2 120
2 122
2 139
2 144
2 148
2 150
2 151
2 159
2 163
2 168
2 173
2 175
2 184
2 188
2 197
2 205
2 211
2 215
2 219
2 220
2 223
2 226
2 236
2 251
2 254
2 255
2 260
2 262
2 276
2 282
2 283
2 287
2 289
2 290
2 299
2 304
2 306
2 313
2 315
2 316
2 325
2 327
2 335
2 340
2 344
2 346
2 349
2 350
2 353
2 365
2 369
2 381
2 382
2 396
2 397
3 0
3 2
3 4
3 18
3 20
3 24
3 25
3 33
3 34
3 35
3 37
3 38
3 43
3 44
3 46
3 47
3 48
3 50
3 51
3 52
3 55
3 66
3 69
3 71
3 73
3 78
3 81
3 82
3 86
3 87
3 89
3 91
3 92
3 102
3 103
3 104
3 105
3 107
3 112
3 117
3 121
3 123
3 125
3 126
3 127
3 128
3 133
3 135
3 136
3 138
3 140
3 143
3 147
3 152
3 155
3 156
3 160
3 161
3 162
3 166
3 169
3 170
3 171
3 172
3 177
3 178
3 179
3 180
3 181
3 183
3 185
3 186
3 187
3 189
3 192
3 193
3 196
3 201
3 203
3 208
3 209
3 210
3 212
3 213
3 218
3 221
3 224
3 225
3 227
3 228
3 233
3 234
3 240
3 241
3 243
3 244
3 245
3 246
3 247
3 248
3 256
3 257
3 259
3 261
3 267
3 270
3 274
3 275
3 277
3 278
3 280
3 284
3 285
3 292
3 297
3 298
3 300
3 303
3 307
3 308
3 309
3 310
3 311
3 314
3 318
3 320
3 322
3 324
3 326
3 329
3 334
3 336
3 337
3 342
3 343
3 345
3 348
3 351
3 352
3 355
3 356
3 357
3 361
3 366
3 370
3 373
3 374
3 378
3 385
3 386
3 390
3 392
3 393
3 394
3 398
