0 2
0 4
0 17
0 18
0 20
0 24
0 25
0 35
0 37
0 43
0 44
0 47
0 50
0 55
0 71
0 73
0 78
0 87
0 89
0 91
0 102
0 103
0 104
0 105
0 107
0 117
0 121
0 125
0 127
0 128
0 133
0 135
0 136
0 138
0 143
0 152
0 155
0 160
0 161
0 162
0 166
0 171
0 172
0 177
0 178
0 180
0 181
0 183
0 185
0 186
0 187
0 189
0 192
0 201
0 203
0 208
0 209
0 210
0 212
0 213
0 218
0 224
0 225
0 227
0 228
0 233
0 234
0 240
0 241
0 245
0 247
0 248
0 256
0 257
0 259
0 261
0 267
0 275
0 277
0 278
0 280
0 284
0 285
0 298
0 300
0 303
0 307
0 308
0 309
0 310
0 311
0 320
0 322
0 334
0 337
0 342
0 343
0 345
0 347
0 348
0 351
0 355
0 356
0 357
0 366
0 370
0 373
0 378
0 385
0 390
0 392
1 0
1 7
1 33
1 36
1 38
1 39
1 46
1 48
1 51
1 52
1 66
1 69
1 77
1 81
1 82
1 86
1 92
1 106
1 112
1 123
1 126
1 140
1 147
1 156
1 169
1 170
1 179
1 193
1 196
1 221
1 243
1 244
1 246
1 250
1 258
1 270
1 274
1 292
1 297
1 313
1 314
1 318
1 324
1 326
1 329
1 330
1 336
1 352
1 353
1 361
1 374
1 375
1 377
1 386
1 393
1 394
1 398
2 1
2 6
2 10
2 13
2 14
2 19
2 22
2 27
2 29
2 30
2 31
2 42
2 53
2 54
2 56
2 57
2 60
2 61
2 63
2 65
2 68
2 70
2 74
2 88
2 90
2 94
2 101
2 111
2 114
2 118
2 120
2 122
2 139
2 144
2 148
2 150
2 151
2 159
2 163
2 168
2 173
2 175
2 184
2 188
2 197
2 205
2 211
2 215
2 219
2 220
2 223
2 226
2 236
2 251
2 254
2 255
2 260
2 262
2 282
2 283
2 287
2 289
2 290
2 299
2 304
2 306
2 315
2 316
2 325
2 327
2 335
2 340
2 344
2 346
2 349
2 350
2 365
2 369
2 381
2 382
2 396
2 397
3 3
3 5
3 8
3 11
3 12
3 15
3 16
3 23
3 26
3 28
3 32
3 40
3 41
3 45
3 49
3 58
3 59
3 75
3 76
3 79
3 80
3 85
3 95
3 98
3 100
3 108
3 113
3 115
3 116
3 129
3 130
3 131
3 132
3 142
3 149
3 154
3 167
3 182
3 191
3 202
3 207
3 214
3 216
3 217
3 230
3 232
3 235
3 237
3 239
3 249
3 253
3 263
3 265
3 268
3 272
3 273
3 286
3 288
3 294
3 295
3 301
3 319
3 323
3 331
3 333
3 359
3 360
3 362
3 368
3 376
3 379
3 383
3 384
3 387
3 389
4 9
4 21
4 34
4 62
4 64
4 67
4 72
4 83
4 84
4 93
4 96
4 97
4 99
4 109
4 110
4 119
4 124
4 134
4 137
4 141
4 145
4 146
4 153
4 157
4 158
4 164
4 165
4 174
4 176
4 190
4 194
4 195
4 198
4 199
4 200
4 204
4 206
4 222
4 229
4 231
4 238
4 242
4 252
4 264
4 266
4 269
4 271
4 276
4 279
4 281
4 291
4 293
4 296
4 302
4 305
4 312
4 317
4 321
4 328
4 332
4 338
4 339
4 341
4 354
4 358
4 363
4 364
4 367
4 371
4 372
4 380
4 388
4 391
4 395
4 399
