0 0
0 19
0 33
0 38
0 46
0 51
0 52
0 61
0 63
0 66
0 69
0 81
0 82
0 86
0 87
0 90
0 92
0 112
0 114
0 120
0 121
0 123
0 126
0 128
0 140
0 147
0 151
0 152
0 166
0 168
0 169
0 170
0 172
0 179
0 183
0 192
0 193
0 196
0 205
0 215
0 220
0 221
0 226
0 243
0 244
0 248
0 254
0 257
0 260
0 274
0 275
0 280
0 283
0 287
0 292
0 297
0 313
0 314
0 316
0 318
0 322
0 325
0 326
0 329
0 336
0 343
0 346
0 350
0 352
0 353
0 361
0 374
0 382
0 386
0 393
0 394
0 398
1 1
1 4
1 6
1 10
1 12
1 13
1 14
1 17
1 18
1 22
1 27
1 29
1 30
1 31
1 34
1 35
1 42
1 47
1 53
1 54
1 56
1 57
1 60
1 62
1 65
1 68
1 70
1 73
1 74
1 88
1 89
1 101
1 102
1 107
1 111
1 117
1 118
1 119
1 122
1 125
1 127
1 133
1 134
1 139
1 143
1 144
1 148
1 150
1 154
1 155
1 158
1 162
1 163
1 164
1 171
1 173
1 175
1 178
1 181
1 184
1 185
1 186
1 188
1 195
1 197
1 206
1 209
1 210
1 211
1 212
1 219
1 223
1 225
1 233
1 236
1 240
1 241
1 251
1 255
1 256
1 259
1 262
1 276
1 278
1 279
1 282
1 284
1 285
1 289
1 290
1 298
1 299
1 300
1 303
1 304
1 306
1 307
1 311
1 315
1 321
1 327
1 328
1 335
1 337
1 340
1 342
1 344
1 345
1 349
1 351
1 355
1 357
1 358
1 363
1 365
1 366
1 369
1 370
1 372
1 373
1 381
1 391
1 392
1 396
1 397
2 7
2 9
2 21
2 36
2 39
2 48
2 67
2 72
2 77
2 83
2 84
2 94
2 99
2 106
2 110
2 124
2 141
2 146
2 153
2 156
2 159
2 165
2 176
2 198
2 222
2 229
2 231
2 238
2 242
2 246
2 250
2 258
2 269
2 270
2 291
2 293
2 296
2 312
2 324
2 330
2 332
2 338
2 339
2 354
2 364
2 367
2 371
2 375
2 377
2 388
3 5
3 15
3 23
3 25
3 26
3 28
3 40
3 45
3 58
3 75
3 85
3 95
3 98
3 100
3 103
3 108
3 113
3 115
3 116
3 132
3 136
3 142
3 145
3 167
3 182
3 189
3 191
3 194
3 202
3 207
3 214
3 216
3 230
3 232
3 239
3 249
3 253
3 263
3 265
3 267
3 268
3 272
3 294
3 295
3 301
3 319
3 320
3 323
3 331
3 333
3 347
3 360
3 362
3 368
3 376
3 389
4 2
4 20
4 24
4 37
4 43
4 44
4 50
4 55
4 71
4 78
4 91
4 104
4 105
4 135
4 138
4 160
4 161
4 177
4 180
4 187
4 201
4 203
4 208
4 213
4 218
4 224
4 227
4 228
4 234
4 245
4 247
4 261
4 277
4 308
4 309
4 310
4 334
4 348
4 356
4 378
4 385
4 390
5 3
5 8
5 11
5 16
5 32
5 41
5 49
5 59
5 64
5 76
5 79
5 80
5 93
5 96
5 97
5 109
5 129
5 130
5 131
5 137
5 149
5 157
5 174
5 190
5 199
5 200
5 204
5 217
5 235
5 237
5 252
5 264
5 266
5 271
5 273
5 281
5 286
5 288
5 302
5 305
5 317
5 341
5 359
5 379
5 380
5 383
5 384
5 387
5 395
5 399
