0 9
0 18
0 21
0 34
0 62
0 64
0 67
0 72
0 83
0 99
0 109
0 119
0 124
0 141
0 145
0 146
0 153
0 157
0 158
0 164
0 165
0 174
0 176
0 181
0 190
0 195
0 198
0 199
0 200
0 222
0 231
0 238
0 242
0 252
0 264
0 266
0 269
0 271
0 276
0 278
0 279
0 281
0 291
0 296
0 302
0 311
0 321
0 328
0 332
0 338
0 341
0 354
0 363
0 364
0 371
0 372
0 388
0 391
0 395
0 396
0 399
1 0
1 7
1 36
1 39
1 46
1 48
1 66
1 69
1 77
1 81
1 82
1 84
1 106
1 110
1 123
1 156
1 170
1 193
1 196
1 221
1 229
1 246
1 250
1 258
1 270
1 293
1 297
1 312
1 324
1 329
1 330
1 336
1 339
1 361
1 367
1 375
1 377
1 393
1 394
1 398
2 2
2 4
2 17
2 20
2 24
2 25
2 37
2 43
2 44
2 47
2 50
2 55
2 71
2 73
2 78
2 91
2 102
2 103
2 104
2 105
2 107
2 117
2 121
2 125
2 127
2 128
2 133
2 135
2 136
2 138
2 152
2 155
2 160
2 161
2 171
2 177
2 178
2 180
2 183
2 185
2 187
2 189
2 201
2 203
2 208
2 209
2 210
2 212
2 213
2 218
2 224
2 227
2 228
2 233
2 234
2 241
2 245
2 247
2 248
2 256
2 261
2 267
2 277
2 280
2 284
2 298
2 300
2 307
2 308
2 309
2 310
2 320
2 322
2 334
2 345
2 347
2 348
2 355
2 356
2 366
2 370
2 373
2 385
2 390
2 392
3 5
3 15
3 23
3 26
3 28
3 40
3 45
3 58
3 75
3 95
3 98
3 100
3 113
3 116
3 167
3 202
3 216
3 232
3 239
3 253
3 263
3 265
3 294
3 295
3 319
3 323
3 331
3 333
3 360
3 362
3 368
3 376
4 33
4 35
4 38
4 51
4 52
4 63
4 86
4 87
4 89
4 92
4 111
4 112
4 122
4 126
4 140
4 143
4 147
4 162
4 166
4 169
4 172
4 179
4 186
4 192
4 225
4 240
4 243
4 244
4 257
4 259
4 260
4 274
4 275
4 285
4 292
4 303
4 313
4 314
4 318
4 326
4 337
4 342
4 343
4 346
4 351
4 352
4 353
4 357
4 374
4 378
4 386
5 3
5 8
5 11
5 12
5 16
5 32
5 41
5 49
5 59
5 76
5 79
5 80
5 85
5 93
5 96
5 97
5 108
5 115
5 129
5 130
5 131
5 132
5 134
5 137
5 142
5 149
5 154
5 182
5 191
5 194
5 204
5 206
5 207
5 214
5 217
5 230
5 235
5 237
5 249
5 268
5 272
5 273
5 286
5 288
5 301
5 305
5 317
5 358
5 359
5 379
5 380
5 383
5 384
5 387
5 389
6 1
6 6
6 10
6 13
6 14
6 19
6 22
6 27
6 29
6 30
6 31
6 42
6 53
6 54
6 56
6 57
6 60
6 61
6 65
6 68
6 70
6 74
6 88
6 90
6 94
6 101
6 114
6 118
6 120
6 139
6 144
6 148
6 150
6 151
6 159
6 163
6 168
6 173
6 175
6 184
6 188
6 197
6 205
6 211
6 215
6 219
6 220
6 223
6 226
6 236
6 251
6 254
6 255
6 262
6 282
6 283
6 287
6 289
6 290
6 299
6 304
6 306
6 315
6 316
6 325
6 327
6 335
6 340
6 344
6 349
6 350
6 365
6 369
6 381
6 382
6 397
