0 2
0 37
0 44
0 55
0 71
0 91
0 104
0 105
0 135
0 138
0 160
0 177
0 180
0 187
0 201
0 208
0 213
0 218
0 227
0 245
0 247
0 261
0 310
0 334
0 385
1 12
1 23
1 26
1 41
1 58
1 75
1 85
1 98
1 100
1 115
1 129
1 130
1 132
1 134
1 142
1 145
1 154
1 191
1 194
1 207
1 214
1 230
1 237
1 249
1 272
1 279
1 301
1 331
1 358
1 389
2 4
2 17
2 18
2 20
2 24
2 35
2 43
2 47
2 50
2 78
2 87
2 102
2 103
2 107
2 117
2 125
2 128
2 143
2 152
2 161
2 162
2 171
2 178
2 183
2 203
2 209
2 210
2 224
2 228
2 233
2 241
2 248
2 275
2 277
2 280
2 284
2 285
2 298
2 300
2 307
2 308
2 309
2 348
2 351
2 355
2 356
2 357
2 366
2 373
2 378
2 390
2 392
3 1
3 6
3 10
3 13
3 14
3 22
3 27
3 29
3 30
3 31
3 42
3 53
3 54
3 56
3 57
3 60
3 62
3 65
3 68
3 70
3 73
3 74
3 88
3 89
3 101
3 111
3 118
3 122
3 127
3 133
3 139
3 144
3 148
3 150
3 155
3 158
3 163
3 173
3 175
3 181
3 184
3 185
3 186
3 188
3 195
3 197
3 211
3 212
3 219
3 223
3 225
3 236
3 240
3 251
3 255
3 256
3 259
3 262
3 276
3 278
3 282
3 289
3 290
3 299
3 303
3 304
3 306
3 311
3 315
3 321
3 327
3 335
3 337
3 340
3 342
3 344
3 345
3 349
3 363
3 365
3 369
3 370
3 372
3 381
3 391
3 396
3 397
4 5
4 15
4 25
4 28
4 40
4 45
4 95
4 108
4 113
4 116
4 136
4 167
4 182
4 189
4 202
4 216
4 232
4 239
4 253
4 263
4 265
4 267
4 268
4 294
4 295
4 319
4 320
4 323
4 333
4 347
4 360
4 362
4 368
4 376
5 0
5 7
5 46
5 48
5 66
5 69
5 77
5 81
5 82
5 83
5 106
5 121
5 123
5 156
5 170
5 193
5 196
5 220
5 221
5 234
5 250
5 254
5 258
5 270
5 297
5 322
5 329
5 330
5 336
5 361
5 375
5 393
5 394
5 398
6 9
6 21
6 34
6 36
6 39
6 67
6 72
6 84
6 94
6 99
6 110
6 119
6 124
6 141
6 146
6 153
6 159
6 165
6 176
6 198
6 222
6 229
6 231
6 238
6 242
6 246
6 264
6 269
6 291
6 293
6 296
6 312
6 324
6 328
6 332
6 338
6 339
6 354
6 364
6 367
6 371
6 377
6 388
7 19
7 33
7 38
7 51
7 52
7 61
7 63
7 86
7 90
7 92
7 112
7 114
7 120
7 126
7 140
7 147
7 151
7 166
7 168
7 169
7 172
7 179
7 192
7 205
7 215
7 226
7 243
7 244
7 257
7 260
7 274
7 283
7 287
7 292
7 313
7 314
7 316
7 318
7 325
7 326
7 343
7 346
7 350
7 352
7 353
7 374
7 382
7 386
8 3
8 8
8 11
8 16
8 32
8 49
8 59
8 64
8 76
8 79
8 80
8 93
8 96
8 97
8 109
8 131
8 137
8 149
8 157
8 164
8 174
8 190
8 199
8 200
8 204
8 206
8 217
8 235
8 252
8 266
8 271
8 273
8 281
8 286
8 288
8 302
8 305
8 317
8 341
8 359
8 379
8 380
8 383
8 384
8 387
8 395
8 399
