0 5
0 15
0 18
0 32
0 38
0 43
0 48
0 75
0 82
0 87
0 90
0 103
0 124
0 139
0 147
0 195
1 3
1 7
1 14
1 25
1 40
1 62
1 81
1 84
1 88
1 94
1 120
1 128
1 153
1 162
1 173
1 188
1 191
2 2
2 4
2 6
2 10
2 19
2 24
2 26
2 37
2 52
2 54
2 58
2 80
2 100
2 101
2 114
2 140
2 142
2 157
2 166
2 170
2 176
2 192
3 0
3 8
3 9
3 11
3 12
3 16
3 20
3 30
3 33
3 42
3 71
3 76
3 77
3 78
3 95
3 97
3 98
3 117
3 141
3 143
3 174
3 177
3 178
3 181
3 189
4 1
4 22
4 23
4 34
4 36
4 41
4 45
4 47
4 50
4 51
4 53
4 56
4 59
4 68
4 70
4 74
4 85
4 92
4 96
4 99
4 102
4 111
4 122
4 123
4 126
4 127
4 136
4 144
4 149
4 154
4 156
4 159
4 160
4 167
4 175
4 180
4 182
4 186
4 194
4 198
5 35
5 72
5 73
5 105
5 110
5 116
5 148
5 150
5 164
5 179
5 185
5 187
5 190
5 193
5 196
6 13
6 28
6 29
6 46
6 49
6 64
6 112
6 129
6 130
6 137
6 138
6 145
6 172
6 197
7 31
7 57
7 60
7 63
7 69
7 83
7 89
7 104
7 106
7 108
7 118
7 121
7 133
7 152
7 158
7 168
7 184
7 199
8 17
8 39
8 55
8 66
8 67
8 79
8 86
8 91
8 107
8 113
8 119
8 131
8 135
8 146
8 151
8 155
8 169
8 171
8 183
9 21
9 27
9 44
9 61
9 65
9 93
9 109
9 115
9 125
9 132
9 134
9 161
9 163
9 165
