0 1
0 22
0 25
0 34
0 36
0 39
0 47
0 49
0 50
0 70
0 74
0 85
0 86
0 92
0 96
0 107
0 123
0 127
0 137
0 144
0 145
0 146
0 160
0 175
0 182
0 183
0 194
0 198
1 35
1 72
1 110
1 116
1 134
1 148
1 150
1 164
1 179
1 185
1 187
1 193
1 196
2 31
2 83
2 89
2 94
2 118
2 128
2 133
2 152
2 184
2 199
3 0
3 8
3 10
3 11
3 20
3 30
3 33
3 37
3 73
3 77
3 95
3 105
3 141
3 143
3 174
3 178
3 181
3 189
3 190
4 5
4 23
4 41
4 42
4 45
4 51
4 53
4 56
4 59
4 68
4 71
4 75
4 76
4 82
4 99
4 102
4 111
4 122
4 126
4 136
4 139
4 149
4 154
4 156
4 159
4 167
4 180
4 186
5 3
5 7
5 40
5 57
5 60
5 62
5 63
5 69
5 84
5 88
5 104
5 106
5 108
5 120
5 121
5 130
5 158
5 162
5 168
5 173
5 188
5 191
6 2
6 6
6 19
6 24
6 26
6 54
6 58
6 80
6 100
6 114
6 125
6 140
6 142
6 157
6 166
6 170
6 176
6 192
7 15
7 18
7 21
7 32
7 38
7 43
7 44
7 48
7 87
7 90
7 103
7 124
7 147
7 195
8 13
8 28
8 29
8 46
8 55
8 64
8 112
8 129
8 138
8 171
8 172
8 197
9 14
9 17
9 66
9 67
9 79
9 81
9 91
9 113
9 119
9 131
9 135
9 151
9 153
9 155
9 169
10 4
10 9
10 12
10 16
10 27
10 52
10 61
10 65
10 78
10 93
10 97
10 98
10 101
10 109
10 115
10 117
10 132
10 161
10 163
10 165
10 177
