0 5
0 13
0 32
0 33
0 35
0 36
0 37
0 51
0 58
0 61
0 110
0 115
0 125
0 150
0 157
0 164
1 14
1 18
1 21
1 48
1 56
1 67
1 69
1 92
1 98
1 116
1 122
1 123
1 126
1 131
1 139
1 158
1 160
1 169
1 175
1 186
1 193
1 197
2 1
2 6
2 7
2 11
2 23
2 41
2 42
2 45
2 46
2 49
2 59
2 60
2 68
2 71
2 81
2 82
2 85
2 87
2 96
2 99
2 113
2 117
2 136
2 141
2 145
2 149
2 152
2 153
2 154
2 156
2 180
2 182
2 185
3 4
3 12
3 26
3 28
3 65
3 93
3 102
3 104
3 114
3 137
3 159
3 163
3 174
3 176
4 27
4 39
4 66
4 75
4 80
4 124
4 135
4 146
4 155
4 166
4 181
5 38
5 52
5 70
5 83
5 97
5 100
6 3
6 19
6 22
6 24
6 34
6 47
6 50
6 54
6 64
6 72
6 74
6 77
6 86
6 91
6 94
6 103
6 107
6 118
6 120
6 128
6 134
6 162
6 171
6 177
6 194
6 196
6 198
7 25
7 43
7 95
7 101
7 106
7 133
7 142
7 165
7 199
8 9
8 10
8 16
8 20
8 40
8 53
8 63
8 78
8 90
8 108
8 109
8 140
8 151
8 167
8 168
8 170
8 183
8 192
9 0
9 2
9 8
9 30
9 62
9 73
9 76
9 105
9 112
9 121
9 127
9 132
9 143
9 144
9 148
9 179
9 187
9 189
9 190
9 195
10 29
10 31
10 44
10 89
10 129
10 138
10 172
10 178
10 188
10 191
11 15
11 17
11 55
11 57
11 79
11 84
11 88
11 111
11 119
11 130
11 147
11 161
11 173
11 184
