0 2
0 16
0 17
0 18
0 25
0 29
0 30
0 32
0 52
0 57
0 60
0 65
0 69
0 102
0 107
0 113
0 118
0 120
0 127
0 131
0 138
0 153
0 156
0 161
0 162
0 171
0 187
0 198
1 0
1 7
1 24
1 27
1 47
1 51
1 63
1 76
1 83
1 110
1 123
1 129
1 158
2 6
2 35
2 45
2 104
2 182
2 188
3 8
3 13
3 14
3 88
3 91
3 94
3 100
3 109
3 122
3 126
3 145
3 150
3 154
3 180
3 184
3 191
4 4
4 15
4 39
4 48
4 49
4 71
4 75
4 82
4 84
4 89
4 101
4 108
4 114
4 124
4 130
4 144
4 179
4 181
4 193
5 5
5 42
5 62
5 81
5 112
5 164
5 169
5 176
5 177
5 186
6 10
6 19
6 70
6 72
6 128
6 136
6 157
6 159
6 165
6 185
7 12
7 34
7 50
7 54
7 66
7 79
7 87
7 92
7 117
7 137
7 140
7 142
7 146
7 148
7 192
8 9
8 20
8 21
8 22
8 23
8 28
8 41
8 46
8 56
8 58
8 90
8 119
8 141
8 167
8 168
8 172
8 173
8 197
9 3
9 33
9 36
9 38
9 43
9 44
9 53
9 59
9 61
9 68
9 73
9 77
9 86
9 93
9 96
9 97
9 99
9 106
9 115
9 121
9 143
9 149
9 152
9 163
9 175
9 189
9 190
9 196
9 199
10 1
10 11
10 40
10 55
10 64
10 74
10 80
10 103
10 111
10 116
10 132
10 133
10 135
10 139
10 160
10 166
10 183
10 194
11 26
11 95
11 98
11 147
11 151
11 170
12 31
12 37
12 67
12 78
12 85
12 105
12 125
12 134
12 155
12 174
12 178
12 195
