0 6
0 8
0 12
0 34
0 35
0 50
0 79
0 92
0 137
0 142
0 145
0 146
0 148
0 169
0 188
0 192
1 0
1 7
1 21
1 23
1 27
1 51
1 90
1 110
1 129
1 172
2 4
2 31
2 48
2 49
2 61
2 75
2 82
2 85
2 89
2 108
2 124
2 130
2 144
2 181
3 2
3 16
3 17
3 18
3 25
3 29
3 30
3 32
3 52
3 65
3 69
3 107
3 113
3 118
3 120
3 127
3 131
3 138
3 153
3 156
3 161
3 162
3 187
3 198
4 37
4 67
4 78
4 105
4 125
4 134
4 155
4 174
4 178
4 182
4 195
5 10
5 19
5 20
5 24
5 47
5 70
5 72
5 76
5 104
5 128
5 136
5 157
5 159
5 165
5 185
6 80
6 95
6 98
6 111
6 133
6 194
7 1
7 11
7 40
7 55
7 63
7 64
7 74
7 103
7 116
7 123
7 132
7 135
7 139
7 160
7 166
7 183
8 15
8 39
8 54
8 66
8 71
8 84
8 87
8 101
8 114
8 115
8 117
8 140
8 179
8 193
9 13
9 26
9 88
9 147
9 151
9 170
10 5
10 42
10 45
10 62
10 81
10 112
10 164
10 176
10 177
10 186
11 3
11 33
11 36
11 38
11 43
11 44
11 53
11 59
11 68
11 73
11 77
11 83
11 86
11 93
11 96
11 97
11 99
11 106
11 121
11 143
11 149
11 152
11 158
11 163
11 175
11 189
11 190
11 196
11 199
12 9
12 22
12 28
12 41
12 46
12 57
12 58
12 102
12 119
12 141
12 167
12 173
12 197
13 14
13 56
13 60
13 91
13 94
13 100
13 109
13 122
13 126
13 150
13 154
13 168
13 171
13 180
13 184
13 191
