0 2
0 10
0 51
0 59
0 81
0 90
0 126
0 139
0 149
0 150
0 153
0 158
0 175
0 179
0 186
0 187
0 193
1 5
1 15
1 61
1 111
1 130
1 157
1 165
1 199
2 17
2 39
2 55
2 75
2 80
2 124
2 135
2 146
2 147
2 155
2 166
2 181
3 11
3 22
3 23
3 24
3 41
3 47
3 49
3 60
3 74
3 82
3 85
3 94
3 96
3 113
3 136
3 141
3 145
3 180
3 182
3 194
3 198
4 73
4 76
4 105
4 143
4 190
4 195
5 28
5 65
5 93
5 102
5 104
5 114
5 137
5 159
5 163
5 174
6 25
6 31
6 44
6 95
6 172
6 178
6 188
6 191
7 0
7 8
7 30
7 62
7 112
7 121
7 127
7 132
7 148
7 156
7 185
7 189
8 9
8 20
8 53
8 63
8 106
8 108
8 109
8 168
8 183
9 38
9 43
9 52
9 70
9 83
9 97
9 100
9 101
9 184
10 1
10 6
10 7
10 42
10 45
10 46
10 68
10 71
10 87
10 99
10 117
10 152
10 154
11 3
11 19
11 27
11 34
11 50
11 54
11 64
11 66
11 72
11 77
11 86
11 91
11 103
11 107
11 118
11 120
11 128
11 134
11 162
11 171
11 177
11 196
12 13
12 32
12 33
12 35
12 36
12 58
12 110
12 115
12 125
12 164
13 14
13 18
13 21
13 37
13 40
13 48
13 56
13 67
13 69
13 92
13 98
13 116
13 122
13 123
13 131
13 160
13 169
13 197
14 4
14 12
14 16
14 26
14 78
14 140
14 144
14 151
14 167
14 170
14 176
14 192
15 57
15 79
15 84
15 88
15 89
15 119
15 133
15 142
15 161
15 173
16 29
16 129
16 138
