0 37
0 40
0 41
0 46
0 72
0 96
0 104
0 110
0 123
0 127
0 167
1 23
1 29
1 62
1 63
1 71
1 84
1 113
1 125
1 139
1 155
1 165
1 169
2 32
2 33
2 38
2 51
2 64
2 87
2 119
2 136
2 142
2 148
2 151
2 168
2 170
2 177
3 3
3 14
3 43
3 49
3 66
3 78
3 95
3 97
3 135
3 154
3 158
3 179
4 12
4 24
4 45
4 55
4 76
4 83
4 86
4 115
4 128
4 162
4 178
4 183
5 36
5 44
5 47
5 53
5 75
5 108
5 164
5 174
6 25
6 77
6 98
6 109
6 132
6 134
6 171
7 0
7 18
7 31
7 59
7 60
7 69
7 74
7 101
7 138
8 5
8 20
8 100
8 153
9 8
9 28
9 42
9 52
9 56
9 68
9 70
9 79
9 80
9 103
9 112
9 145
9 157
9 166
9 175
9 176
9 194
9 199
10 7
10 124
10 133
10 144
10 159
10 173
10 188
10 191
11 1
11 54
11 73
11 90
11 94
11 120
11 126
11 130
11 141
11 147
11 150
11 185
12 22
12 30
12 50
12 61
12 67
12 82
12 99
12 161
12 181
12 197
13 34
13 65
13 81
13 92
13 121
13 122
13 131
13 146
13 152
13 190
14 9
14 10
14 11
14 13
14 16
14 17
14 48
14 57
14 106
14 111
14 140
14 149
14 186
15 2
15 4
15 19
15 93
15 114
15 116
15 118
15 143
15 156
15 160
15 163
15 172
15 189
15 195
15 196
16 6
16 27
16 91
16 102
16 105
16 187
16 198
17 21
17 26
17 58
17 89
17 107
17 117
17 129
17 137
17 180
18 15
18 35
18 39
18 85
18 88
18 182
18 184
18 192
18 193
