0 0
0 7
0 23
0 27
0 47
0 51
0 76
0 83
0 110
0 129
0 158
0 172
1 6
1 20
1 35
1 45
1 104
1 136
1 154
1 159
2 31
2 37
2 67
2 78
2 85
2 105
2 174
2 178
2 182
2 195
3 9
3 21
3 22
3 41
3 46
3 58
3 90
3 102
3 119
3 167
3 173
3 197
4 5
4 42
4 62
4 81
4 112
4 164
4 176
4 177
4 186
5 2
5 16
5 17
5 18
5 29
5 30
5 52
5 65
5 69
5 113
5 120
5 127
5 131
5 138
5 161
5 162
5 198
6 10
6 19
6 70
6 72
6 128
6 157
6 165
6 185
7 1
7 11
7 38
7 40
7 44
7 61
7 63
7 116
7 139
7 152
7 196
7 199
8 13
8 14
8 60
8 88
8 91
8 94
8 100
8 109
8 122
8 126
8 141
8 150
8 171
8 180
8 184
8 191
9 15
9 39
9 71
9 84
9 101
9 114
9 179
9 193
10 8
10 12
10 34
10 50
10 66
10 79
10 92
10 137
10 142
10 145
10 146
10 148
10 169
10 188
10 192
11 125
11 134
11 155
12 26
12 95
12 147
12 151
12 170
13 3
13 33
13 36
13 59
13 77
13 93
13 96
13 99
13 115
13 121
13 143
13 149
14 25
14 28
14 32
14 56
14 57
14 107
14 118
14 153
14 156
14 168
14 187
15 54
15 87
15 117
15 140
16 4
16 48
16 49
16 75
16 82
16 89
16 108
16 124
16 130
16 144
16 181
17 80
17 98
17 111
17 133
17 194
18 55
18 64
18 74
18 103
18 123
18 132
18 135
18 160
18 166
18 183
19 24
19 43
19 53
19 68
19 73
19 86
19 97
19 106
19 163
19 175
19 189
19 190
