0 2
0 4
0 5
0 8
0 10
0 12
0 13
0 21
0 26
0 28
0 30
0 32
0 33
0 35
0 36
0 37
0 51
0 58
0 61
0 62
0 65
0 69
0 73
0 76
0 92
0 93
0 98
0 102
0 104
0 105
0 110
0 112
0 114
0 115
0 121
0 123
0 125
0 132
0 137
0 140
0 143
0 144
0 148
0 150
0 157
0 158
0 159
0 163
0 164
0 174
0 175
0 176
0 179
0 187
0 190
0 193
0 195
0 197
1 15
1 17
1 18
1 25
1 29
1 31
1 38
1 39
1 43
1 44
1 52
1 55
1 57
1 67
1 70
1 75
1 79
1 83
1 84
1 88
1 89
1 95
1 97
1 100
1 101
1 106
1 108
1 111
1 119
1 129
1 130
1 133
1 138
1 142
1 146
1 147
1 155
1 161
1 165
1 166
1 168
1 172
1 173
1 178
1 181
1 184
1 188
1 191
1 199
2 0
2 1
2 3
2 6
2 7
2 9
2 11
2 14
2 16
2 19
2 20
2 22
2 23
2 24
2 27
2 34
2 40
2 41
2 42
2 45
2 46
2 47
2 48
2 49
2 50
2 53
2 54
2 56
2 59
2 60
2 63
2 64
2 66
2 68
2 71
2 72
2 74
2 77
2 78
2 80
2 81
2 82
2 85
2 86
2 87
2 90
2 91
2 94
2 96
2 99
2 103
2 107
2 109
2 113
2 116
2 117
2 118
2 120
2 122
2 124
2 126
2 127
2 128
2 131
2 134
2 135
2 136
2 139
2 141
2 145
2 149
2 151
2 152
2 153
2 154
2 156
2 160
2 162
2 167
2 169
2 170
2 171
2 177
2 180
2 182
2 183
2 185
2 186
2 189
2 192
2 194
2 196
2 198
