0 1
0 5
0 19
0 20
0 21
0 26
0 37
0 40
0 41
0 46
0 53
0 54
0 58
0 72
0 73
0 79
0 85
0 89
0 90
0 94
0 96
0 100
0 104
0 107
0 110
0 117
0 120
0 123
0 126
0 127
0 129
0 130
0 137
0 141
0 142
0 143
0 147
0 148
0 150
0 153
0 156
0 164
0 167
0 174
0 176
0 180
0 185
1 8
1 12
1 15
1 22
1 24
1 28
1 30
1 35
1 39
1 42
1 45
1 50
1 52
1 55
1 56
1 61
1 67
1 68
1 70
1 76
1 80
1 82
1 83
1 86
1 88
1 99
1 103
1 112
1 115
1 121
1 128
1 139
1 145
1 157
1 161
1 162
1 166
1 175
1 178
1 181
1 182
1 183
1 184
1 192
1 193
1 194
1 197
1 199
2 0
2 3
2 7
2 9
2 10
2 11
2 13
2 14
2 16
2 17
2 18
2 31
2 32
2 33
2 36
2 38
2 44
2 47
2 48
2 51
2 57
2 59
2 60
2 64
2 69
2 74
2 75
2 87
2 101
2 106
2 108
2 111
2 119
2 124
2 133
2 136
2 138
2 140
2 144
2 149
2 159
2 168
2 170
2 173
2 177
2 186
2 188
2 191
3 2
3 4
3 6
3 23
3 25
3 27
3 29
3 34
3 43
3 49
3 62
3 63
3 65
3 66
3 71
3 77
3 78
3 81
3 84
3 91
3 92
3 93
3 95
3 97
3 98
3 102
3 105
3 109
3 113
3 114
3 116
3 118
3 122
3 125
3 131
3 132
3 134
3 135
3 146
3 151
3 152
3 154
3 155
3 158
3 160
3 163
3 165
3 169
3 171
3 172
3 179
3 187
3 189
3 190
3 195
3 196
3 198
