0 1
0 5
0 20
0 21
0 26
0 37
0 40
0 41
0 46
0 53
0 54
0 58
0 72
0 73
0 85
0 89
0 90
0 94
0 96
0 100
0 104
0 107
0 110
0 117
0 120
0 123
0 126
0 127
0 129
0 130
0 137
0 141
0 142
0 147
0 148
0 150
0 153
0 164
0 167
0 174
0 180
0 185
1 3
1 6
1 9
1 14
1 27
1 32
1 33
1 34
1 43
1 48
1 49
1 65
1 66
1 78
1 81
1 91
1 92
1 95
1 97
1 102
1 105
1 116
1 122
1 131
1 135
1 140
1 146
1 151
1 152
1 154
1 158
1 179
1 187
1 190
1 198
2 0
2 7
2 10
2 11
2 13
2 16
2 17
2 18
2 31
2 36
2 38
2 44
2 47
2 51
2 57
2 59
2 60
2 64
2 69
2 74
2 75
2 87
2 101
2 106
2 108
2 111
2 119
2 121
2 124
2 133
2 136
2 138
2 144
2 149
2 159
2 168
2 170
2 173
2 177
2 186
2 188
2 191
3 8
3 12
3 15
3 24
3 28
3 30
3 35
3 39
3 42
3 45
3 52
3 55
3 56
3 68
3 70
3 76
3 79
3 80
3 82
3 83
3 86
3 88
3 99
3 103
3 112
3 115
3 128
3 145
3 157
3 162
3 166
3 175
3 176
3 178
3 182
3 183
3 184
3 192
3 193
3 194
3 197
3 199
4 2
4 4
4 19
4 22
4 23
4 25
4 29
4 50
4 61
4 62
4 63
4 67
4 71
4 77
4 84
4 93
4 98
4 109
4 113
4 114
4 118
4 125
4 132
4 134
4 139
4 143
4 155
4 156
4 160
4 161
4 163
4 165
4 169
4 171
4 172
4 181
4 189
4 195
4 196
