0 5
0 8
0 34
0 35
0 42
0 45
0 50
0 62
0 81
0 88
0 92
0 100
0 109
0 112
0 122
0 126
0 142
0 145
0 146
0 148
0 154
0 164
0 169
0 176
0 177
0 180
0 184
0 186
0 188
0 191
0 192
1 0
1 1
1 10
1 19
1 21
1 40
1 55
1 63
1 64
1 70
1 72
1 74
1 80
1 98
1 103
1 111
1 116
1 123
1 128
1 129
1 132
1 133
1 135
1 136
1 139
1 160
1 166
1 183
1 185
1 194
2 12
2 15
2 39
2 47
2 54
2 66
2 71
2 79
2 82
2 84
2 87
2 89
2 101
2 114
2 115
2 117
2 124
2 137
2 140
2 179
2 181
2 193
3 4
3 6
3 31
3 37
3 48
3 49
3 67
3 75
3 78
3 85
3 104
3 105
3 108
3 125
3 130
3 134
3 144
3 155
3 157
3 159
3 165
3 174
3 178
3 182
3 195
4 3
4 11
4 24
4 27
4 33
4 36
4 38
4 43
4 44
4 51
4 53
4 59
4 61
4 68
4 73
4 76
4 77
4 83
4 86
4 93
4 96
4 97
4 99
4 106
4 110
4 121
4 143
4 149
4 152
4 158
4 163
4 175
4 189
4 190
4 196
4 199
5 2
5 7
5 9
5 13
5 14
5 16
5 17
5 18
5 20
5 22
5 23
5 25
5 26
5 28
5 29
5 30
5 32
5 41
5 46
5 52
5 56
5 57
5 58
5 60
5 65
5 69
5 90
5 91
5 94
5 95
5 102
5 107
5 113
5 118
5 119
5 120
5 127
5 131
5 138
5 141
5 147
5 150
5 151
5 153
5 156
5 161
5 162
5 167
5 168
5 170
5 171
5 172
5 173
5 187
5 197
5 198
