0 3
0 6
0 7
0 11
0 22
0 23
0 24
0 34
0 41
0 42
0 45
0 47
0 49
0 50
0 60
0 68
0 72
0 74
0 77
0 82
0 85
0 86
0 87
0 94
0 96
0 99
0 103
0 107
0 113
0 118
0 120
0 128
0 134
0 136
0 141
0 145
0 154
0 180
0 182
0 194
0 196
0 198
1 9
1 14
1 18
1 20
1 21
1 31
1 40
1 48
1 53
1 54
1 56
1 63
1 67
1 69
1 84
1 88
1 89
1 91
1 92
1 106
1 108
1 109
1 116
1 122
1 123
1 131
1 160
1 162
1 168
1 169
1 171
1 177
1 178
1 183
1 188
1 191
1 197
2 4
2 12
2 26
2 28
2 58
2 65
2 73
2 76
2 93
2 102
2 104
2 105
2 114
2 137
2 143
2 144
2 159
2 163
2 174
2 176
2 190
3 0
3 1
3 8
3 10
3 16
3 30
3 46
3 59
3 62
3 71
3 78
3 81
3 90
3 112
3 117
3 121
3 126
3 127
3 132
3 139
3 140
3 148
3 149
3 151
3 152
3 153
3 156
3 167
3 170
3 175
3 179
3 185
3 186
3 187
3 189
3 192
3 195
4 17
4 19
4 27
4 29
4 39
4 55
4 57
4 64
4 66
4 75
4 79
4 80
4 119
4 124
4 129
4 135
4 138
4 146
4 147
4 155
4 161
4 166
4 173
4 181
5 15
5 25
5 38
5 43
5 44
5 52
5 70
5 83
5 95
5 97
5 100
5 101
5 130
5 133
5 142
5 172
5 184
6 2
6 5
6 13
6 32
6 33
6 35
6 36
6 37
6 51
6 61
6 98
6 110
6 111
6 115
6 125
6 150
6 157
6 158
6 164
6 165
6 193
6 199
