0 21
0 26
0 37
0 40
0 41
0 46
0 52
0 72
0 79
0 89
0 96
0 104
0 107
0 110
0 117
0 123
0 127
0 129
0 137
0 142
0 167
0 180
1 9
1 10
1 11
1 13
1 16
1 17
1 31
1 32
1 33
1 38
1 48
1 51
1 57
1 64
1 69
1 74
1 87
1 106
1 111
1 119
1 136
1 138
1 140
1 148
1 149
1 151
1 168
1 170
1 177
1 186
1 188
1 190
2 23
2 29
2 34
2 50
2 61
2 62
2 63
2 65
2 71
2 81
2 84
2 92
2 113
2 121
2 122
2 125
2 131
2 139
2 152
2 155
2 161
2 165
2 169
2 181
3 1
3 5
3 20
3 35
3 39
3 54
3 58
3 73
3 85
3 88
3 90
3 94
3 100
3 120
3 126
3 130
3 141
3 147
3 150
3 153
3 176
3 182
3 184
3 185
3 193
4 0
4 7
4 18
4 36
4 44
4 47
4 53
4 59
4 60
4 75
4 101
4 108
4 124
4 133
4 144
4 159
4 164
4 173
4 174
4 191
5 8
5 12
5 15
5 24
5 28
5 30
5 42
5 45
5 55
5 56
5 68
5 70
5 76
5 80
5 82
5 83
5 86
5 99
5 103
5 112
5 115
5 128
5 145
5 157
5 162
5 166
5 175
5 178
5 183
5 192
5 194
5 197
5 199
6 2
6 4
6 19
6 22
6 25
6 67
6 77
6 93
6 98
6 109
6 114
6 116
6 118
6 132
6 134
6 143
6 156
6 160
6 163
6 171
6 172
6 189
6 195
6 196
7 3
7 6
7 14
7 27
7 43
7 49
7 66
7 78
7 91
7 95
7 97
7 102
7 105
7 135
7 146
7 154
7 158
7 179
7 187
7 198
