0 3
0 19
0 27
0 34
0 50
0 54
0 56
0 64
0 66
0 72
0 77
0 86
0 91
0 103
0 107
0 118
0 120
0 122
0 128
0 131
0 134
0 160
0 162
0 169
0 171
0 177
0 183
0 196
1 4
1 12
1 26
1 28
1 93
1 102
1 104
1 114
1 137
1 163
1 174
1 176
2 9
2 20
2 25
2 31
2 44
2 53
2 63
2 89
2 95
2 106
2 108
2 109
2 133
2 142
2 168
2 172
2 178
2 188
2 191
3 0
3 8
3 10
3 16
3 30
3 40
3 62
3 78
3 81
3 90
3 112
3 121
3 126
3 127
3 132
3 139
3 140
3 144
3 148
3 149
3 151
3 156
3 167
3 170
3 175
3 179
3 185
3 186
3 187
3 189
3 192
3 195
4 15
4 38
4 43
4 52
4 70
4 83
4 97
4 100
4 101
4 130
4 184
5 5
5 13
5 14
5 18
5 21
5 32
5 33
5 35
5 36
5 37
5 48
5 51
5 61
5 67
5 69
5 92
5 98
5 110
5 111
5 115
5 116
5 123
5 125
5 150
5 157
5 158
5 164
5 165
5 193
5 197
5 199
6 1
6 6
6 7
6 11
6 22
6 23
6 24
6 41
6 42
6 45
6 46
6 47
6 49
6 59
6 60
6 68
6 71
6 74
6 82
6 85
6 87
6 94
6 96
6 99
6 113
6 117
6 136
6 141
6 145
6 152
6 153
6 154
6 180
6 182
6 194
6 198
7 17
7 29
7 39
7 55
7 57
7 75
7 79
7 80
7 84
7 88
7 119
7 124
7 129
7 135
7 138
7 146
7 147
7 155
7 161
7 166
7 173
7 181
8 2
8 58
8 65
8 73
8 76
8 105
8 143
8 159
8 190
