0 52
0 60
0 62
0 69
0 94
0 98
0 104
0 118
0 145
0 158
0 172
0 177
0 184
0 188
1 32
1 42
1 43
1 44
1 51
1 93
1 99
1 116
1 124
1 150
1 154
1 156
1 163
2 0
2 11
2 19
2 33
2 72
2 75
2 76
2 77
2 80
2 143
2 175
2 189
2 190
2 193
2 196
3 13
3 17
3 28
3 46
3 112
3 113
3 120
3 129
3 131
3 138
3 194
3 197
4 4
4 6
4 12
4 54
4 108
4 117
4 125
4 130
4 140
4 142
4 192
5 31
5 83
5 87
5 121
5 133
5 148
5 186
5 199
6 10
6 27
6 63
6 92
6 97
6 106
6 109
6 132
6 144
6 161
6 168
7 2
7 26
7 30
7 61
7 85
7 95
7 100
7 115
7 157
7 165
7 166
7 174
8 89
8 176
9 9
9 16
9 40
9 49
9 57
9 65
9 134
9 152
10 22
10 25
10 29
10 34
10 47
10 64
10 70
10 74
10 81
10 88
10 107
10 119
10 127
10 146
10 153
10 160
10 173
10 183
10 198
11 5
11 21
11 23
11 36
11 41
11 86
11 90
11 96
11 102
11 122
11 135
11 151
11 159
12 8
12 24
12 58
12 79
12 84
12 155
12 170
12 195
13 7
13 14
13 50
13 66
13 128
13 137
13 162
13 169
13 171
13 191
14 3
14 18
14 55
14 56
14 91
14 126
14 147
14 180
14 187
15 1
15 35
15 38
15 45
15 48
15 53
15 59
15 68
15 82
15 103
15 111
15 136
15 139
15 179
16 15
16 39
16 67
16 110
16 123
16 167
16 185
17 78
17 101
17 105
17 114
17 141
17 164
18 20
18 37
18 71
18 73
18 149
18 178
18 181
18 182
