0 0
0 5
0 13
0 22
0 30
0 34
0 51
0 53
0 56
0 57
0 59
0 67
0 69
0 82
0 85
0 92
0 105
0 109
0 118
0 119
0 126
0 131
0 138
0 142
0 144
0 145
0 147
0 151
0 156
0 159
0 164
0 166
0 170
0 191
0 200
0 201
0 213
0 228
0 231
0 242
0 251
0 255
0 274
0 302
0 307
0 309
0 314
0 316
0 321
0 328
0 331
0 333
0 336
0 342
0 345
0 349
0 352
0 354
0 361
0 363
0 367
0 376
0 378
0 381
0 382
0 386
1 1
1 4
1 21
1 23
1 24
1 27
1 28
1 31
1 40
1 52
1 64
1 72
1 74
1 75
1 94
1 108
1 112
1 133
1 135
1 139
1 148
1 155
1 165
1 184
1 195
1 196
1 202
1 204
1 208
1 212
1 227
1 234
1 250
1 262
1 270
1 277
1 278
1 300
1 301
1 308
1 318
1 319
1 323
1 330
1 332
1 344
1 351
1 356
1 388
1 394
1 397
2 7
2 10
2 19
2 39
2 60
2 66
2 68
2 86
2 89
2 113
2 114
2 122
2 127
2 132
2 146
2 158
2 160
2 162
2 177
2 178
2 180
2 185
2 190
2 205
2 210
2 211
2 229
2 238
2 248
2 249
2 254
2 265
2 271
2 275
2 292
2 296
2 299
2 310
2 311
2 324
2 334
2 359
2 369
2 391
3 33
3 36
3 77
3 91
3 100
3 117
3 134
3 153
3 171
3 252
3 256
3 258
3 260
3 279
3 289
3 327
3 335
3 346
3 353
3 358
3 384
3 392
3 398
4 35
4 37
4 62
4 87
4 106
4 107
4 111
4 115
4 123
4 124
4 136
4 141
4 163
4 172
4 175
4 188
4 198
4 218
4 220
4 222
4 225
4 241
4 247
4 253
4 263
4 266
4 280
4 281
4 297
4 303
4 304
4 317
4 337
4 340
4 350
4 368
4 390
4 395
5 18
5 20
5 25
5 26
5 42
5 45
5 54
5 58
5 97
5 128
5 129
5 150
5 152
5 167
5 179
5 181
5 217
5 221
5 230
5 237
5 246
5 267
5 268
5 286
5 287
5 288
5 305
5 347
5 371
5 385
5 396
5 399
6 3
6 14
6 29
6 38
6 41
6 43
6 47
6 48
6 70
6 79
6 88
6 98
6 99
6 130
6 143
6 157
6 168
6 169
6 173
6 174
6 189
6 224
6 244
6 272
6 285
6 291
6 306
6 312
6 315
6 326
6 339
6 362
6 364
6 372
6 373
6 374
6 387
7 44
7 50
7 78
7 81
7 96
7 116
7 120
7 121
7 137
7 161
7 176
7 183
7 194
7 199
7 206
7 209
7 214
7 216
7 232
7 233
7 236
7 240
7 261
7 264
7 269
7 273
7 276
7 283
7 284
7 293
7 313
7 325
7 338
7 348
7 370
7 380
8 2
8 6
8 8
8 11
8 12
8 15
8 46
8 55
8 61
8 65
8 71
8 73
8 76
8 80
8 84
8 90
8 93
8 95
8 102
8 104
8 110
8 125
8 140
8 149
8 154
8 182
8 186
8 193
8 203
8 235
8 239
8 243
8 245
8 257
8 290
8 294
8 298
8 320
8 322
8 329
8 343
8 366
8 377
8 379
8 389
9 9
9 16
9 17
9 32
9 49
9 63
9 83
9 101
9 103
9 187
9 192
9 197
9 207
9 215
9 219
9 223
9 226
9 259
9 282
9 295
9 341
9 355
9 357
9 360
9 365
9 375
9 383
9 393
