0 2
0 11
0 12
0 24
0 46
0 60
0 61
0 66
0 73
0 76
0 90
0 93
0 102
0 138
0 157
0 257
0 265
0 275
0 285
0 296
0 310
0 326
0 329
0 343
0 345
0 351
0 359
0 373
0 374
0 379
1 35
1 106
1 107
1 111
1 115
1 123
1 124
1 136
1 140
1 141
1 146
1 163
1 172
1 175
1 188
1 190
1 198
1 218
1 220
1 222
1 225
1 241
1 247
1 263
1 266
1 281
1 297
1 303
1 304
1 317
1 337
1 340
1 350
1 368
1 390
1 395
2 6
2 8
2 15
2 36
2 55
2 65
2 71
2 80
2 84
2 95
2 104
2 110
2 125
2 149
2 154
2 182
2 186
2 193
2 235
2 239
2 243
2 245
2 290
2 294
2 298
2 318
2 320
2 322
2 366
2 377
2 389
3 0
3 3
3 4
3 13
3 14
3 31
3 47
3 52
3 56
3 57
3 67
3 74
3 79
3 85
3 108
3 112
3 126
3 139
3 143
3 152
3 164
3 169
3 170
3 171
3 184
3 191
3 201
3 202
3 208
3 212
3 228
3 242
3 244
3 251
3 262
3 288
3 291
3 301
3 306
3 307
3 308
3 325
3 333
3 339
3 342
3 344
3 349
3 352
3 363
3 364
3 378
3 386
3 387
3 388
3 397
4 19
4 21
4 23
4 68
4 86
4 89
4 113
4 114
4 122
4 132
4 160
4 162
4 177
4 185
4 203
4 205
4 210
4 211
4 229
4 234
4 238
4 248
4 249
4 254
4 292
4 299
4 311
4 324
4 330
4 334
4 369
4 391
5 10
5 44
5 78
5 81
5 96
5 116
5 120
5 121
5 137
5 161
5 176
5 183
5 194
5 199
5 206
5 209
5 214
5 216
5 232
5 233
5 236
5 240
5 261
5 269
5 273
5 276
5 283
5 284
5 293
5 313
5 338
5 348
5 370
5 380
6 1
6 27
6 28
6 40
6 72
6 75
6 94
6 133
6 155
6 195
6 227
6 270
6 277
6 278
6 300
6 332
6 356
7 5
7 34
7 51
7 59
7 92
7 105
7 109
7 119
7 144
7 145
7 151
7 159
7 189
7 200
7 272
7 302
7 309
7 314
7 316
7 328
7 331
7 361
7 367
7 376
7 381
8 50
8 135
8 142
8 148
8 165
8 167
8 204
8 250
8 256
8 264
8 267
8 271
8 286
8 319
8 321
8 323
8 354
8 385
8 394
9 7
9 29
9 33
9 38
9 41
9 43
9 48
9 70
9 77
9 88
9 91
9 98
9 99
9 100
9 117
9 130
9 134
9 153
9 168
9 173
9 174
9 224
9 252
9 258
9 260
9 279
9 289
9 312
9 315
9 327
9 335
9 346
9 353
9 358
9 362
9 372
9 384
9 392
9 398
10 22
10 25
10 30
10 37
10 39
10 53
10 54
10 62
10 69
10 82
10 87
10 118
10 129
10 131
10 147
10 156
10 166
10 213
10 219
10 221
10 231
10 253
10 255
10 274
10 280
10 287
10 336
10 341
10 382
10 399
11 18
11 20
11 26
11 42
11 45
11 58
11 97
11 127
11 128
11 150
11 158
11 178
11 179
11 180
11 181
11 217
11 230
11 237
11 246
11 268
11 305
11 347
11 371
11 396
12 9
12 16
12 17
12 32
12 49
12 63
12 64
12 83
12 101
12 103
12 187
12 192
12 196
12 197
12 207
12 215
12 223
12 226
12 259
12 282
12 295
12 355
12 357
12 360
12 365
12 375
12 383
12 393
