0 66
0 106
0 122
0 127
0 158
0 162
0 180
0 211
0 275
0 296
0 312
0 359
0 372
0 391
0 395
1 2
1 6
1 8
1 11
1 12
1 33
1 36
1 46
1 55
1 61
1 65
1 71
1 73
1 76
1 77
1 80
1 84
1 90
1 93
1 95
1 100
1 102
1 104
1 110
1 125
1 140
1 149
1 154
1 186
1 193
1 235
1 239
1 243
1 245
1 257
1 289
1 290
1 294
1 298
1 322
1 329
1 343
1 366
1 377
1 379
1 389
2 7
2 10
2 15
2 19
2 29
2 38
2 43
2 68
2 107
2 113
2 141
2 146
2 175
2 190
2 210
2 220
2 224
2 229
2 238
2 271
2 281
2 340
2 350
2 384
3 32
3 35
3 54
3 62
3 87
3 111
3 115
3 123
3 124
3 129
3 136
3 163
3 172
3 188
3 198
3 218
3 222
3 225
3 241
3 247
3 253
3 263
3 266
3 280
3 297
3 303
3 304
3 317
3 337
3 368
3 390
3 399
4 28
4 40
4 50
4 72
4 75
4 81
4 94
4 148
4 167
4 269
4 319
4 356
5 18
5 20
5 25
5 26
5 42
5 45
5 58
5 97
5 128
5 150
5 178
5 179
5 181
5 217
5 230
5 237
5 246
5 268
5 305
5 347
5 371
5 385
6 0
6 3
6 13
6 14
6 24
6 31
6 47
6 56
6 57
6 60
6 67
6 79
6 83
6 119
6 143
6 152
6 164
6 169
6 170
6 212
6 242
6 244
6 251
6 265
6 306
6 307
6 308
6 342
6 349
6 363
6 364
6 387
7 5
7 51
7 59
7 109
7 126
7 130
7 142
7 200
7 201
7 228
7 274
7 352
7 361
7 378
7 381
7 382
7 386
8 52
8 85
8 92
8 105
8 108
8 135
8 138
8 139
8 144
8 145
8 151
8 165
8 189
8 196
8 204
8 208
8 250
8 272
8 291
8 301
8 302
8 309
8 314
8 316
8 318
8 321
8 323
8 328
8 331
8 333
8 354
8 367
8 376
8 394
9 1
9 4
9 21
9 23
9 27
9 74
9 112
9 133
9 155
9 184
9 195
9 202
9 227
9 234
9 262
9 270
9 277
9 278
9 300
9 330
9 332
9 344
9 388
9 397
10 44
10 78
10 96
10 116
10 120
10 121
10 137
10 161
10 176
10 183
10 194
10 199
10 206
10 209
10 214
10 216
10 232
10 233
10 236
10 240
10 261
10 273
10 276
10 283
10 284
10 313
10 338
10 348
10 370
10 380
11 22
11 30
11 34
11 37
11 39
11 53
11 69
11 82
11 118
11 131
11 147
11 156
11 159
11 166
11 213
11 219
11 221
11 231
11 255
11 287
11 326
11 341
11 345
11 351
12 41
12 48
12 70
12 88
12 91
12 98
12 99
12 117
12 134
12 153
12 157
12 168
12 171
12 173
12 174
12 252
12 256
12 258
12 260
12 264
12 267
12 279
12 285
12 286
12 288
12 293
12 315
12 325
12 327
12 335
12 339
12 346
12 353
12 358
12 362
12 373
12 374
12 396
12 398
13 86
13 89
13 114
13 132
13 160
13 177
13 182
13 185
13 203
13 205
13 248
13 249
13 254
13 292
13 299
13 310
13 311
13 320
13 324
13 334
13 369
14 9
14 16
14 17
14 49
14 63
14 64
14 101
14 103
14 187
14 191
14 192
14 197
14 207
14 215
14 223
14 226
14 259
14 282
14 295
14 336
14 355
14 357
14 360
14 365
14 375
14 383
14 392
14 393
