0 18
0 20
0 26
0 45
0 58
0 97
0 127
0 128
0 140
0 150
0 158
0 178
0 179
0 180
0 217
0 230
0 268
0 305
0 347
0 371
1 38
1 71
1 76
1 91
1 117
1 145
1 193
1 252
1 258
1 260
1 285
1 291
1 309
1 314
1 327
1 328
1 335
1 346
1 353
1 398
2 44
2 50
2 75
2 78
2 81
2 116
2 120
2 121
2 137
2 161
2 167
2 176
2 181
2 183
2 194
2 199
2 206
2 209
2 214
2 216
2 232
2 233
2 236
2 240
2 261
2 269
2 273
2 276
2 283
2 284
2 313
2 338
2 348
2 356
2 370
2 380
3 6
3 29
3 33
3 36
3 41
3 43
3 48
3 65
3 70
3 77
3 88
3 98
3 99
3 100
3 130
3 134
3 153
3 157
3 168
3 173
3 174
3 175
3 189
3 197
3 224
3 279
3 312
3 315
3 322
3 326
3 358
3 362
3 372
3 373
3 374
4 35
4 62
4 87
4 106
4 107
4 111
4 115
4 123
4 124
4 136
4 141
4 163
4 172
4 188
4 198
4 218
4 220
4 222
4 225
4 241
4 247
4 253
4 259
4 263
4 266
4 280
4 281
4 297
4 303
4 304
4 317
4 337
4 340
4 350
4 368
4 390
4 395
5 34
5 51
5 69
5 82
5 92
5 108
5 144
5 151
5 156
5 159
5 255
5 302
5 331
5 354
5 367
5 376
6 8
6 55
6 80
6 84
6 95
6 110
6 125
6 149
6 154
6 182
6 186
6 235
6 239
6 243
6 245
6 290
6 294
6 298
6 318
6 320
6 366
6 377
7 7
7 66
7 86
7 89
7 114
7 122
7 132
7 160
7 162
7 177
7 185
7 203
7 205
7 211
7 248
7 249
7 254
7 275
7 292
7 296
7 299
7 310
7 311
7 324
7 334
7 359
7 369
7 391
8 14
8 47
8 56
8 67
8 83
8 119
8 143
8 152
8 164
8 169
8 170
8 251
8 256
8 306
8 319
8 363
8 364
9 1
9 23
9 27
9 40
9 72
9 74
9 94
9 112
9 133
9 155
9 184
9 195
9 202
9 227
9 234
9 262
9 270
9 277
9 278
9 300
9 330
9 332
9 344
9 388
9 397
10 0
10 4
10 10
10 13
10 15
10 19
10 21
10 28
10 52
10 57
10 64
10 68
10 85
10 105
10 113
10 135
10 138
10 146
10 165
10 171
10 190
10 191
10 204
10 208
10 210
10 229
10 238
10 242
10 250
10 271
10 272
10 301
10 316
10 321
10 323
10 342
10 384
10 392
10 394
11 11
11 12
11 46
11 61
11 73
11 93
11 102
11 196
11 289
11 329
11 349
11 379
12 22
12 24
12 25
12 30
12 32
12 37
12 39
12 42
12 53
12 54
12 118
12 129
12 131
12 147
12 213
12 215
12 219
12 221
12 231
12 237
12 246
12 282
12 287
12 307
12 336
12 341
12 345
12 351
12 385
12 396
12 399
13 5
13 17
13 59
13 109
13 126
13 142
13 166
13 200
13 201
13 228
13 274
13 295
13 333
13 352
13 361
13 378
13 381
13 382
13 386
14 2
14 3
14 31
14 60
14 79
14 90
14 96
14 104
14 139
14 148
14 212
14 244
14 257
14 264
14 265
14 267
14 286
14 288
14 293
14 308
14 325
14 339
14 343
14 387
14 389
15 9
15 16
15 49
15 63
15 101
15 103
15 187
15 192
15 207
15 223
15 226
15 355
15 357
15 360
15 365
15 375
15 383
15 393
