0 1
0 4
0 27
0 28
0 40
0 50
0 72
0 94
0 133
0 155
0 191
0 196
0 227
0 270
0 277
0 278
0 291
0 300
0 332
1 2
1 6
1 11
1 12
1 46
1 61
1 65
1 73
1 76
1 77
1 90
1 100
1 102
1 104
1 140
1 239
1 257
1 289
1 322
1 329
1 343
1 379
1 389
2 48
2 64
2 93
2 135
2 138
2 171
2 204
2 208
2 301
2 323
2 392
2 394
3 3
3 14
3 47
3 56
3 67
3 79
3 83
3 119
3 143
3 164
3 169
3 251
3 306
3 363
3 364
3 387
4 29
4 33
4 38
4 41
4 43
4 88
4 91
4 98
4 99
4 117
4 134
4 153
4 157
4 168
4 173
4 174
4 224
4 252
4 258
4 260
4 279
4 285
4 312
4 315
4 327
4 335
4 346
4 353
4 358
4 362
4 373
4 374
4 398
5 0
5 13
5 21
5 23
5 44
5 57
5 60
5 74
5 75
5 81
5 96
5 105
5 112
5 145
5 148
5 165
5 167
5 176
5 184
5 189
5 202
5 234
5 242
5 250
5 262
5 264
5 267
5 269
5 272
5 284
5 309
5 313
5 314
5 316
5 326
5 328
5 330
5 342
5 344
5 356
5 388
5 397
6 22
6 25
6 37
6 39
6 53
6 62
6 82
6 87
6 92
6 111
6 118
6 131
6 136
6 144
6 147
6 151
6 156
6 188
6 213
6 218
6 221
6 231
6 253
6 255
6 263
6 280
6 287
6 367
6 376
6 382
7 24
7 31
7 52
7 108
7 139
7 195
7 212
7 265
7 307
7 308
7 349
8 18
8 20
8 26
8 45
8 58
8 97
8 127
8 128
8 150
8 158
8 178
8 180
8 217
8 246
8 268
8 305
8 347
8 371
8 385
9 10
9 19
9 68
9 70
9 113
9 121
9 123
9 146
9 161
9 190
9 210
9 229
9 236
9 238
9 241
9 271
9 340
9 348
9 350
9 384
10 78
10 116
10 120
10 124
10 137
10 183
10 194
10 199
10 206
10 209
10 214
10 216
10 232
10 233
10 240
10 261
10 273
10 276
10 283
10 303
10 338
10 370
10 380
11 7
11 66
11 86
11 89
11 114
11 132
11 160
11 162
11 177
11 185
11 203
11 211
11 248
11 249
11 254
11 275
11 292
11 296
11 299
11 310
11 311
11 324
11 334
11 359
11 369
11 372
11 391
12 8
12 36
12 55
12 71
12 80
12 84
12 95
12 110
12 125
12 149
12 154
12 182
12 186
12 193
12 205
12 235
12 243
12 245
12 290
12 294
12 298
12 318
12 320
12 345
12 351
12 366
12 377
13 16
13 32
13 42
13 49
13 54
13 129
13 192
13 215
13 223
13 225
13 226
13 282
13 295
13 357
13 365
13 375
13 399
14 5
14 30
14 51
14 59
14 69
14 85
14 109
14 126
14 142
14 159
14 166
14 170
14 200
14 201
14 228
14 274
14 331
14 333
14 352
14 354
14 361
14 381
14 386
15 9
15 34
15 63
15 101
15 103
15 130
15 187
15 207
15 219
15 302
15 321
15 336
15 341
15 355
15 360
15 383
15 393
16 152
16 179
16 181
16 230
16 237
16 244
16 256
16 286
16 288
16 293
16 319
16 325
16 339
16 396
17 15
17 17
17 35
17 106
17 107
17 115
17 122
17 141
17 163
17 172
17 175
17 197
17 198
17 220
17 222
17 247
17 259
17 266
17 281
17 297
17 304
17 317
17 337
17 368
17 378
17 390
17 395
