0 5
0 9
0 16
0 17
0 30
0 34
0 49
0 51
0 59
0 63
0 69
0 85
0 101
0 103
0 109
0 126
0 130
0 142
0 159
0 166
0 170
0 187
0 192
0 200
0 201
0 207
0 219
0 228
0 259
0 274
0 282
0 295
0 302
0 321
0 331
0 333
0 336
0 341
0 352
0 354
0 355
0 360
0 361
0 365
0 375
0 378
0 381
0 382
0 383
0 386
0 393
1 0
1 1
1 2
1 4
1 6
1 7
1 8
1 11
1 12
1 13
1 14
1 15
1 18
1 19
1 20
1 21
1 22
1 23
1 24
1 25
1 26
1 29
1 31
1 32
1 33
1 35
1 36
1 37
1 38
1 39
1 41
1 42
1 43
1 45
1 46
1 47
1 48
1 52
1 53
1 54
1 55
1 57
1 58
1 60
1 61
1 62
1 64
1 65
1 66
1 68
1 70
1 71
1 73
1 74
1 76
1 77
1 80
1 82
1 84
1 86
1 87
1 88
1 89
1 90
1 91
1 93
1 95
1 96
1 97
1 98
1 99
1 100
1 102
1 104
1 105
1 106
1 107
1 108
1 110
1 111
1 112
1 113
1 114
1 115
1 117
1 118
1 122
1 123
1 125
1 127
1 128
1 129
1 131
1 132
1 133
1 134
1 135
1 136
1 138
1 139
1 140
1 141
1 143
1 144
1 145
1 146
1 147
1 148
1 149
1 150
1 151
1 152
1 153
1 154
1 156
1 157
1 158
1 160
1 162
1 163
1 165
1 168
1 171
1 172
1 173
1 174
1 175
1 177
1 178
1 179
1 180
1 181
1 182
1 184
1 185
1 186
1 188
1 189
1 190
1 191
1 193
1 195
1 196
1 197
1 198
1 202
1 203
1 204
1 205
1 208
1 210
1 211
1 212
1 213
1 215
1 218
1 220
1 221
1 222
1 223
1 224
1 225
1 226
1 229
1 230
1 231
1 234
1 235
1 237
1 238
1 239
1 241
1 242
1 243
1 244
1 245
1 246
1 247
1 248
1 249
1 250
1 252
1 253
1 254
1 255
1 256
1 257
1 258
1 260
1 262
1 263
1 265
1 266
1 267
1 271
1 272
1 275
1 277
1 279
1 280
1 285
1 286
1 287
1 288
1 289
1 290
1 291
1 292
1 294
1 296
1 297
1 298
1 299
1 301
1 304
1 305
1 307
1 308
1 309
1 310
1 311
1 312
1 314
1 315
1 316
1 317
1 318
1 319
1 320
1 322
1 323
1 324
1 325
1 326
1 327
1 328
1 329
1 330
1 332
1 334
1 335
1 337
1 339
1 340
1 342
1 343
1 344
1 345
1 346
1 347
1 349
1 350
1 351
1 353
1 357
1 358
1 359
1 362
1 366
1 367
1 368
1 369
1 371
1 372
1 373
1 374
1 376
1 377
1 379
1 384
1 385
1 388
1 389
1 390
1 391
1 392
1 394
1 395
1 396
1 397
1 398
1 399
2 3
2 10
2 27
2 28
2 40
2 44
2 50
2 56
2 67
2 72
2 75
2 78
2 79
2 81
2 83
2 92
2 94
2 116
2 119
2 120
2 121
2 124
2 137
2 155
2 161
2 164
2 167
2 169
2 176
2 183
2 194
2 199
2 206
2 209
2 214
2 216
2 217
2 227
2 232
2 233
2 236
2 240
2 251
2 261
2 264
2 268
2 269
2 270
2 273
2 276
2 278
2 281
2 283
2 284
2 293
2 300
2 303
2 306
2 313
2 338
2 348
2 356
2 363
2 364
2 370
2 380
2 387
