0 7
0 15
0 18
0 19
0 20
0 26
0 35
0 45
0 58
0 66
0 70
0 88
0 106
0 107
0 122
0 123
0 124
0 127
0 137
0 140
0 141
0 146
0 150
0 158
0 162
0 163
0 175
0 178
0 179
0 180
0 190
0 197
0 198
0 206
0 211
0 220
0 222
0 230
0 241
0 275
0 281
0 283
0 296
0 297
0 303
0 304
0 310
0 315
0 317
0 327
0 340
0 347
0 350
0 359
0 368
0 372
0 384
0 390
0 391
0 395
1 9
1 16
1 22
1 25
1 32
1 37
1 39
1 42
1 49
1 53
1 54
1 62
1 63
1 64
1 82
1 83
1 87
1 92
1 93
1 101
1 103
1 110
1 111
1 115
1 118
1 129
1 131
1 136
1 144
1 147
1 156
1 172
1 187
1 188
1 191
1 192
1 196
1 207
1 213
1 215
1 218
1 219
1 221
1 223
1 225
1 226
1 231
1 237
1 246
1 247
1 249
1 251
1 253
1 255
1 263
1 266
1 280
1 282
1 287
1 302
1 305
1 326
1 334
1 336
1 337
1 341
1 345
1 351
1 355
1 357
1 360
1 365
1 367
1 375
1 392
1 393
1 399
2 5
2 17
2 30
2 34
2 51
2 59
2 69
2 85
2 109
2 126
2 130
2 135
2 142
2 159
2 166
2 170
2 200
2 201
2 228
2 259
2 274
2 295
2 321
2 331
2 333
2 349
2 352
2 354
2 361
2 376
2 378
2 381
2 382
2 386
2 394
3 0
3 1
3 2
3 3
3 4
3 6
3 8
3 10
3 11
3 12
3 13
3 14
3 21
3 23
3 24
3 27
3 28
3 29
3 31
3 33
3 36
3 38
3 40
3 41
3 43
3 44
3 46
3 47
3 48
3 50
3 52
3 55
3 56
3 57
3 60
3 61
3 65
3 67
3 68
3 71
3 72
3 73
3 74
3 75
3 76
3 77
3 78
3 79
3 80
3 81
3 84
3 86
3 89
3 90
3 91
3 94
3 95
3 96
3 97
3 98
3 99
3 100
3 102
3 104
3 105
3 108
3 112
3 113
3 114
3 116
3 117
3 119
3 120
3 121
3 125
3 128
3 132
3 133
3 134
3 138
3 139
3 143
3 145
3 148
3 149
3 151
3 152
3 153
3 154
3 155
3 157
3 160
3 161
3 164
3 165
3 167
3 168
3 169
3 171
3 173
3 174
3 176
3 177
3 181
3 182
3 183
3 184
3 185
3 186
3 189
3 193
3 194
3 195
3 199
3 202
3 203
3 204
3 205
3 208
3 209
3 210
3 212
3 214
3 216
3 217
3 224
3 227
3 229
3 232
3 233
3 234
3 235
3 236
3 238
3 239
3 240
3 242
3 243
3 244
3 245
3 248
3 250
3 252
3 254
3 256
3 257
3 258
3 260
3 261
3 262
3 264
3 265
3 267
3 268
3 269
3 270
3 271
3 272
3 273
3 276
3 277
3 278
3 279
3 284
3 285
3 286
3 288
3 289
3 290
3 291
3 292
3 293
3 294
3 298
3 299
3 300
3 301
3 306
3 307
3 308
3 309
3 311
3 312
3 313
3 314
3 316
3 318
3 319
3 320
3 322
3 323
3 324
3 325
3 328
3 329
3 330
3 332
3 335
3 338
3 339
3 342
3 343
3 344
3 346
3 348
3 353
3 356
3 358
3 362
3 363
3 364
3 366
3 369
3 370
3 371
3 373
3 374
3 377
3 379
3 380
3 383
3 385
3 387
3 388
3 389
3 396
3 397
3 398
