0 14
0 25
0 28
0 30
0 40
0 42
0 47
0 50
0 57
0 72
0 75
0 85
0 94
0 126
0 135
0 142
0 143
0 148
0 152
0 166
0 167
0 179
0 201
0 217
0 230
0 237
0 246
0 256
0 264
0 267
0 274
0 278
0 286
0 287
0 288
0 319
0 321
0 333
0 339
0 342
0 352
0 354
0 356
0 361
0 385
0 386
0 394
0 396
1 10
1 44
1 78
1 81
1 96
1 116
1 120
1 121
1 137
1 161
1 176
1 181
1 183
1 194
1 199
1 206
1 209
1 214
1 216
1 232
1 233
1 236
1 240
1 261
1 268
1 269
1 273
1 276
1 283
1 284
1 293
1 313
1 325
1 338
1 348
1 370
1 380
2 2
2 3
2 6
2 8
2 11
2 12
2 27
2 33
2 36
2 38
2 46
2 55
2 61
2 65
2 71
2 73
2 76
2 77
2 79
2 86
2 90
2 91
2 93
2 99
2 100
2 102
2 104
2 117
2 125
2 134
2 140
2 149
2 153
2 155
2 168
2 169
2 173
2 174
2 186
2 193
2 203
2 235
2 239
2 244
2 245
2 252
2 257
2 258
2 260
2 279
2 289
2 298
2 299
2 306
2 322
2 327
2 329
2 335
2 343
2 346
2 353
2 358
2 362
2 364
2 366
2 377
2 379
2 387
2 389
2 392
2 398
3 0
3 1
3 4
3 5
3 7
3 13
3 15
3 18
3 19
3 20
3 21
3 23
3 24
3 26
3 29
3 31
3 34
3 41
3 43
3 45
3 48
3 51
3 52
3 56
3 58
3 59
3 60
3 63
3 64
3 66
3 67
3 68
3 69
3 70
3 74
3 80
3 82
3 83
3 84
3 88
3 89
3 92
3 95
3 97
3 98
3 103
3 105
3 108
3 109
3 110
3 112
3 113
3 114
3 119
3 122
3 127
3 128
3 130
3 131
3 132
3 133
3 138
3 139
3 144
3 145
3 146
3 147
3 150
3 151
3 154
3 156
3 157
3 158
3 159
3 160
3 164
3 165
3 170
3 171
3 175
3 177
3 178
3 180
3 182
3 184
3 185
3 189
3 190
3 191
3 195
3 196
3 200
3 202
3 204
3 205
3 208
3 210
3 211
3 212
3 213
3 224
3 227
3 228
3 229
3 234
3 238
3 242
3 243
3 248
3 249
3 250
3 251
3 254
3 262
3 265
3 270
3 271
3 272
3 275
3 277
3 285
3 290
3 291
3 292
3 294
3 296
3 300
3 301
3 302
3 305
3 307
3 308
3 309
3 310
3 311
3 312
3 314
3 315
3 316
3 318
3 320
3 323
3 324
3 326
3 328
3 330
3 331
3 332
3 334
3 336
3 341
3 344
3 345
3 347
3 349
3 351
3 359
3 363
3 367
3 369
3 371
3 372
3 373
3 374
3 376
3 381
3 382
3 383
3 384
3 388
3 391
3 393
3 397
4 9
4 16
4 17
4 22
4 32
4 35
4 37
4 39
4 49
4 53
4 54
4 62
4 87
4 101
4 106
4 107
4 111
4 115
4 118
4 123
4 124
4 129
4 136
4 141
4 162
4 163
4 172
4 187
4 188
4 192
4 197
4 198
4 207
4 215
4 218
4 219
4 220
4 221
4 222
4 223
4 225
4 226
4 231
4 241
4 247
4 253
4 255
4 259
4 263
4 266
4 280
4 281
4 282
4 295
4 297
4 303
4 304
4 317
4 337
4 340
4 350
4 355
4 357
4 360
4 365
4 368
4 375
4 378
4 390
4 395
4 399
