0 7
0 15
0 19
0 35
0 68
0 70
0 88
0 106
0 107
0 111
0 121
0 122
0 123
0 124
0 137
0 140
0 141
0 146
0 162
0 163
0 172
0 175
0 188
0 190
0 194
0 197
0 198
0 206
0 214
0 218
0 220
0 222
0 233
0 241
0 247
0 263
0 271
0 275
0 281
0 283
0 297
0 303
0 304
0 315
0 317
0 340
0 350
0 359
0 368
0 384
0 390
0 395
1 29
1 33
1 36
1 38
1 48
1 57
1 64
1 71
1 77
1 79
1 91
1 93
1 99
1 100
1 117
1 134
1 138
1 153
1 157
1 168
1 171
1 173
1 174
1 193
1 196
1 204
1 208
1 224
1 244
1 245
1 252
1 258
1 260
1 279
1 285
1 289
1 291
1 301
1 323
1 327
1 328
1 335
1 342
1 346
1 353
1 358
1 362
1 392
1 394
1 398
2 0
2 1
2 2
2 3
2 4
2 5
2 11
2 12
2 13
2 17
2 21
2 22
2 23
2 24
2 27
2 28
2 30
2 34
2 37
2 41
2 43
2 46
2 51
2 52
2 53
2 59
2 60
2 61
2 62
2 67
2 69
2 73
2 74
2 76
2 82
2 85
2 87
2 90
2 92
2 96
2 98
2 102
2 105
2 108
2 109
2 112
2 113
2 119
2 126
2 130
2 131
2 133
2 135
2 136
2 139
2 142
2 144
2 145
2 147
2 151
2 156
2 159
2 164
2 165
2 166
2 170
2 184
2 189
2 191
2 195
2 200
2 201
2 202
2 210
2 213
2 227
2 228
2 231
2 234
2 238
2 242
2 251
2 253
2 255
2 257
2 259
2 262
2 265
2 272
2 274
2 277
2 280
2 300
2 302
2 306
2 309
2 314
2 316
2 321
2 326
2 329
2 330
2 331
2 332
2 333
2 336
2 343
2 344
2 345
2 349
2 351
2 352
2 354
2 361
2 363
2 364
2 367
2 373
2 374
2 376
2 378
2 379
2 381
2 382
2 386
2 387
2 388
2 397
3 6
3 8
3 55
3 65
3 66
3 80
3 84
3 86
3 89
3 95
3 104
3 110
3 114
3 125
3 132
3 149
3 154
3 160
3 177
3 182
3 185
3 186
3 203
3 205
3 211
3 235
3 239
3 243
3 248
3 249
3 254
3 290
3 292
3 294
3 296
3 298
3 299
3 310
3 311
3 318
3 320
3 322
3 324
3 334
3 366
3 369
3 372
3 377
3 389
3 391
4 9
4 16
4 49
4 63
4 101
4 103
4 115
4 187
4 192
4 207
4 219
4 223
4 226
4 266
4 282
4 295
4 312
4 337
4 341
4 355
4 357
4 360
4 365
4 375
4 383
4 393
5 10
5 40
5 44
5 50
5 56
5 72
5 75
5 78
5 81
5 94
5 116
5 120
5 148
5 155
5 161
5 167
5 169
5 176
5 183
5 199
5 209
5 216
5 229
5 232
5 236
5 240
5 250
5 261
5 264
5 267
5 269
5 270
5 273
5 276
5 278
5 284
5 293
5 313
5 325
5 338
5 348
5 356
5 370
5 380
6 14
6 18
6 20
6 25
6 26
6 31
6 32
6 39
6 42
6 45
6 47
6 54
6 58
6 83
6 97
6 118
6 127
6 128
6 129
6 143
6 150
6 152
6 158
6 178
6 179
6 180
6 181
6 212
6 215
6 217
6 221
6 225
6 230
6 237
6 246
6 256
6 268
6 286
6 287
6 288
6 305
6 307
6 308
6 319
6 339
6 347
6 371
6 385
6 396
6 399
