0 20
0 37
0 44
0 50
0 81
0 104
0 125
0 152
0 161
0 171
0 180
0 187
0 203
0 208
0 209
0 228
0 234
0 241
0 247
0 277
0 280
0 308
0 309
0 310
0 322
0 343
0 351
0 356
0 385
0 390
1 2
1 4
1 35
1 43
1 47
1 55
1 73
1 91
1 102
1 105
1 107
1 117
1 133
1 138
1 155
1 177
1 178
1 185
1 201
1 212
1 213
1 218
1 224
1 233
1 256
1 261
1 298
1 300
1 334
1 345
1 355
1 366
1 370
1 373
1 378
2 3
2 8
2 11
2 12
2 24
2 49
2 59
2 62
2 64
2 67
2 71
2 76
2 93
2 96
2 109
2 130
2 135
2 137
2 142
2 154
2 157
2 160
2 164
2 174
2 176
2 181
2 190
2 199
2 200
2 204
2 206
2 207
2 227
2 252
2 264
2 266
2 271
2 273
2 278
2 281
2 286
2 288
2 301
2 302
2 312
2 341
2 358
2 363
2 372
2 379
2 383
2 384
2 387
2 395
2 399
3 1
3 6
3 14
3 27
3 31
3 56
3 60
3 63
3 68
3 74
3 88
3 89
3 90
3 111
3 112
3 118
3 122
3 139
3 143
3 148
3 173
3 211
3 215
3 223
3 240
3 260
3 262
3 276
3 282
3 289
3 290
3 303
3 327
3 335
3 337
3 340
3 342
3 344
3 346
3 352
3 369
3 396
3 397
4 0
4 33
4 38
4 51
4 66
4 86
4 87
4 92
4 123
4 126
4 128
4 147
4 162
4 166
4 169
4 170
4 172
4 179
4 186
4 192
4 225
4 243
4 244
4 246
4 248
4 257
4 259
4 274
4 275
4 285
4 292
4 314
4 318
4 324
4 326
4 357
4 386
4 393
4 394
5 13
5 19
5 22
5 30
5 42
5 53
5 54
5 57
5 65
5 70
5 94
5 101
5 144
5 150
5 159
5 163
5 168
5 175
5 184
5 188
5 219
5 236
5 251
5 283
5 304
5 315
5 349
5 350
5 365
5 381
6 9
6 21
6 39
6 72
6 77
6 83
6 84
6 99
6 106
6 110
6 119
6 124
6 127
6 136
6 141
6 146
6 153
6 156
6 158
6 165
6 183
6 196
6 198
6 222
6 229
6 231
6 238
6 242
6 245
6 250
6 258
6 269
6 291
6 293
6 296
6 320
6 328
6 330
6 332
6 338
6 339
6 348
6 354
6 364
6 367
6 371
6 377
6 388
7 7
7 10
7 18
7 29
7 34
7 36
7 46
7 48
7 52
7 61
7 69
7 114
7 120
7 140
7 151
7 193
7 197
7 205
7 220
7 221
7 226
7 254
7 255
7 270
7 287
7 297
7 299
7 306
7 313
7 316
7 321
7 325
7 329
7 353
7 361
7 374
7 382
7 391
8 5
8 15
8 16
8 28
8 32
8 41
8 79
8 80
8 82
8 85
8 97
8 108
8 113
8 115
8 121
8 129
8 131
8 149
8 182
8 202
8 214
8 216
8 217
8 235
8 237
8 263
8 268
8 294
8 305
8 317
8 323
8 333
8 336
8 359
8 362
8 368
8 375
8 380
8 398
9 17
9 23
9 25
9 26
9 40
9 45
9 58
9 75
9 78
9 95
9 98
9 100
9 103
9 116
9 132
9 134
9 145
9 167
9 189
9 191
9 194
9 195
9 210
9 230
9 232
9 239
9 249
9 253
9 265
9 267
9 272
9 279
9 284
9 295
9 307
9 311
9 319
9 331
9 347
9 360
9 376
9 389
9 392
