0 5
0 15
0 17
0 25
0 28
0 40
0 46
0 69
0 78
0 82
0 108
0 113
0 116
0 121
0 127
0 128
0 136
0 154
0 167
0 182
0 189
0 193
0 202
0 214
0 216
0 239
0 245
0 263
0 265
0 294
0 295
0 319
0 320
0 323
0 333
0 336
0 362
0 368
0 376
0 392
0 398
1 33
1 38
1 87
1 89
1 92
1 112
1 147
1 162
1 166
1 172
1 186
1 192
1 225
1 243
1 244
1 257
1 259
1 285
1 318
1 326
1 337
1 342
1 357
1 386
2 9
2 11
2 24
2 62
2 67
2 71
2 72
2 93
2 135
2 160
2 165
2 207
2 222
2 227
2 252
2 264
2 269
2 278
2 288
2 291
2 301
2 332
2 358
2 364
2 371
2 379
2 383
2 384
3 6
3 10
3 27
3 29
3 52
3 60
3 61
3 63
3 70
3 90
3 114
3 118
3 120
3 140
3 151
3 175
3 197
3 205
3 215
3 219
3 220
3 226
3 254
3 260
3 276
3 282
3 287
3 299
3 306
3 313
3 316
3 325
3 335
3 353
3 369
3 374
3 382
3 397
4 0
4 7
4 39
4 48
4 66
4 86
4 106
4 123
4 126
4 156
4 169
4 170
4 176
4 179
4 183
4 196
4 229
4 246
4 248
4 250
4 258
4 270
4 274
4 275
4 293
4 312
4 324
4 329
4 330
4 338
4 367
4 393
4 394
5 20
5 44
5 50
5 81
5 88
5 104
5 122
5 125
5 152
5 161
5 171
5 180
5 187
5 203
5 208
5 209
5 221
5 228
5 234
5 241
5 247
5 277
5 280
5 292
5 303
5 308
5 309
5 314
5 322
5 343
5 346
5 348
5 351
5 352
5 356
5 385
6 2
6 4
6 35
6 37
6 43
6 51
6 55
6 91
6 102
6 105
6 107
6 117
6 138
6 177
6 178
6 185
6 201
6 213
6 218
6 224
6 233
6 261
6 267
6 298
6 300
6 310
6 334
6 345
6 355
6 366
6 373
6 378
6 390
7 13
7 18
7 19
7 22
7 30
7 42
7 53
7 54
7 57
7 65
7 101
7 144
7 150
7 163
7 168
7 184
7 188
7 236
7 251
7 255
7 283
7 304
7 315
7 350
7 365
7 381
8 1
8 23
8 26
8 31
8 45
8 58
8 75
8 95
8 98
8 100
8 103
8 132
8 134
8 139
8 143
8 145
8 148
8 173
8 181
8 191
8 194
8 195
8 210
8 211
8 230
8 232
8 249
8 253
8 279
8 284
8 289
8 307
8 311
8 327
8 331
8 340
8 344
8 347
8 360
8 389
8 396
9 3
9 12
9 49
9 59
9 64
9 96
9 109
9 137
9 142
9 157
9 164
9 174
9 190
9 199
9 200
9 204
9 266
9 271
9 273
9 281
9 286
9 302
9 341
9 363
9 387
9 395
9 399
10 21
10 34
10 36
10 77
10 83
10 94
10 99
10 110
10 119
10 124
10 141
10 146
10 153
10 158
10 159
10 198
10 231
10 238
10 242
10 297
10 321
10 328
10 354
10 361
10 377
10 388
10 391
11 8
11 16
11 32
11 41
11 76
11 79
11 80
11 84
11 85
11 97
11 115
11 129
11 130
11 131
11 149
11 206
11 217
11 235
11 237
11 268
11 272
11 296
11 305
11 317
11 339
11 359
11 372
11 375
11 380
12 14
12 47
12 56
12 68
12 73
12 74
12 111
12 133
12 155
12 212
12 223
12 240
12 256
12 262
12 290
12 349
12 370
