0 9
0 21
0 77
0 94
0 99
0 110
0 119
0 124
0 141
0 146
0 153
0 158
0 159
0 165
0 198
0 222
0 231
0 238
0 242
0 328
0 332
0 354
0 377
1 38
1 73
1 87
1 89
1 92
1 111
1 143
1 147
1 162
1 166
1 172
1 186
1 192
1 212
1 225
1 240
1 243
1 244
1 256
1 257
1 259
1 285
1 318
1 326
1 342
1 357
1 386
2 0
2 7
2 33
2 39
2 46
2 48
2 66
2 71
2 82
2 86
2 106
2 123
2 126
2 135
2 156
2 160
2 169
2 170
2 176
2 179
2 196
2 227
2 229
2 246
2 248
2 250
2 258
2 274
2 275
2 292
2 312
2 324
2 329
2 330
2 338
2 367
2 374
2 393
2 394
2 398
3 13
3 19
3 22
3 30
3 42
3 53
3 54
3 57
3 101
3 144
3 163
3 168
3 184
3 236
3 283
3 304
3 315
3 350
3 365
3 381
4 2
4 4
4 24
4 35
4 43
4 47
4 51
4 55
4 91
4 102
4 105
4 107
4 117
4 133
4 138
4 155
4 177
4 178
4 185
4 201
4 213
4 218
4 224
4 233
4 261
4 298
4 300
4 334
4 345
4 355
4 366
4 370
4 373
4 378
5 5
5 17
5 25
5 28
5 40
5 69
5 78
5 113
5 116
5 121
5 127
5 128
5 136
5 167
5 183
5 189
5 193
5 239
5 241
5 245
5 295
5 309
5 314
5 319
5 320
5 322
5 333
5 336
5 348
5 362
5 368
5 376
5 392
6 23
6 26
6 45
6 58
6 75
6 95
6 98
6 100
6 103
6 132
6 134
6 145
6 191
6 194
6 195
6 210
6 230
6 232
6 249
6 253
6 265
6 272
6 279
6 284
6 307
6 311
6 331
6 347
6 360
6 389
7 20
7 37
7 44
7 50
7 81
7 104
7 125
7 152
7 161
7 171
7 180
7 187
7 203
7 208
7 209
7 228
7 234
7 247
7 267
7 277
7 280
7 308
7 310
7 343
7 351
7 356
7 385
7 390
8 3
8 8
8 11
8 12
8 16
8 41
8 49
8 59
8 62
8 64
8 67
8 72
8 76
8 93
8 96
8 109
8 130
8 137
8 142
8 154
8 157
8 164
8 174
8 181
8 190
8 199
8 204
8 207
8 252
8 264
8 266
8 269
8 273
8 278
8 281
8 286
8 288
8 291
8 301
8 302
8 341
8 358
8 363
8 364
8 371
8 379
8 383
8 384
8 387
8 395
8 399
9 34
9 36
9 83
9 220
9 221
9 254
9 255
9 270
9 293
9 297
9 316
9 321
9 361
9 382
9 388
9 391
10 15
10 32
10 79
10 80
10 84
10 85
10 97
10 108
10 115
10 129
10 131
10 149
10 182
10 200
10 202
10 206
10 214
10 216
10 217
10 235
10 237
10 263
10 268
10 271
10 294
10 296
10 305
10 317
10 323
10 339
10 359
10 372
10 375
10 380
11 1
11 6
11 27
11 56
11 68
11 74
11 139
11 150
11 173
11 188
11 223
11 251
11 262
11 276
11 282
11 289
11 290
11 327
11 335
11 344
11 349
11 396
12 14
12 31
12 60
12 63
12 70
12 88
12 112
12 118
12 122
12 148
12 211
12 215
12 260
12 303
12 337
12 340
12 346
12 352
12 369
12 397
13 10
13 18
13 29
13 52
13 61
13 65
13 90
13 114
13 120
13 140
13 151
13 175
13 197
13 205
13 219
13 226
13 287
13 299
13 306
13 313
13 325
13 353
