0 11
0 12
0 16
0 28
0 32
0 41
0 79
0 85
0 113
0 115
0 129
0 149
0 154
0 202
0 207
0 214
0 216
0 235
0 237
0 272
0 301
0 333
0 375
0 379
0 384
1 33
1 38
1 73
1 87
1 88
1 89
1 92
1 122
1 133
1 143
1 155
1 162
1 166
1 172
1 181
1 186
1 192
1 212
1 225
1 240
1 243
1 244
1 256
1 257
1 259
1 278
1 285
1 303
1 326
1 337
1 342
1 346
1 352
1 357
1 370
1 386
2 2
2 4
2 24
2 35
2 37
2 43
2 47
2 51
2 91
2 102
2 107
2 117
2 138
2 177
2 178
2 185
2 201
2 213
2 218
2 224
2 233
2 261
2 267
2 298
2 300
2 310
2 334
2 345
2 355
2 366
2 373
2 378
2 390
3 80
3 84
3 97
3 108
3 131
3 182
3 200
3 217
3 268
3 271
3 294
3 296
3 305
3 317
3 359
3 372
3 380
4 1
4 6
4 23
4 56
4 68
4 74
4 103
4 111
4 132
4 134
4 135
4 139
4 142
4 145
4 150
4 160
4 173
4 188
4 191
4 194
4 195
4 223
4 249
4 251
4 262
4 276
4 279
4 289
4 290
4 316
4 327
4 331
4 335
4 344
4 389
4 395
4 396
5 13
5 22
5 30
5 42
5 53
5 54
5 101
5 144
5 163
5 236
5 255
5 304
5 315
5 349
5 365
5 381
6 0
6 18
6 20
6 44
6 50
6 66
6 81
6 86
6 125
6 126
6 128
6 147
6 152
6 169
6 180
6 187
6 208
6 221
6 228
6 234
6 241
6 247
6 248
6 275
6 277
6 280
6 297
6 318
6 322
6 343
6 351
6 385
6 394
7 5
7 15
7 17
7 25
7 26
7 40
7 45
7 55
7 58
7 75
7 78
7 95
7 98
7 100
7 116
7 167
7 230
7 232
7 239
7 253
7 263
7 265
7 295
7 307
7 319
7 323
7 347
7 360
7 376
7 392
8 3
8 8
8 49
8 59
8 64
8 76
8 93
8 96
8 109
8 130
8 137
8 157
8 174
8 190
8 199
8 204
8 206
8 252
8 266
8 273
8 281
8 286
8 288
8 302
8 341
8 358
8 363
8 383
8 387
8 399
9 10
9 14
9 27
9 29
9 31
9 60
9 61
9 63
9 90
9 118
9 120
9 148
9 197
9 211
9 226
9 260
9 282
9 287
9 299
9 340
9 369
9 397
10 46
10 52
10 69
10 82
10 121
10 140
10 179
10 193
10 274
10 292
10 313
10 314
10 329
10 336
10 353
10 374
10 398
11 94
11 99
11 119
11 124
11 158
11 159
11 165
11 238
11 242
11 328
12 19
12 57
12 65
12 70
12 71
12 112
12 114
12 151
12 168
12 175
12 184
12 205
12 215
12 219
12 227
12 283
12 306
12 325
12 350
13 9
13 21
13 62
13 67
13 72
13 83
13 110
13 141
13 146
13 153
13 164
13 198
13 222
13 231
13 264
13 269
13 291
13 332
13 354
13 364
13 371
13 377
13 388
14 7
14 34
14 36
14 39
14 48
14 77
14 106
14 123
14 156
14 170
14 176
14 196
14 220
14 229
14 246
14 250
14 254
14 258
14 270
14 293
14 312
14 321
14 324
14 330
14 338
14 339
14 361
14 367
14 382
14 391
14 393
15 104
15 105
15 127
15 136
15 161
15 171
15 183
15 189
15 203
15 209
15 210
15 245
15 284
15 308
15 309
15 311
15 320
15 348
15 356
15 362
15 368
