0 52
0 63
0 88
0 122
0 179
0 260
0 274
0 292
0 303
0 313
0 314
0 346
0 352
0 374
0 398
1 67
1 96
1 109
1 137
1 157
1 164
1 174
1 176
1 200
1 204
1 264
1 266
1 271
1 281
1 302
1 387
1 395
1 399
2 5
2 15
2 17
2 28
2 40
2 58
2 75
2 85
2 95
2 100
2 113
2 116
2 134
2 167
2 189
2 202
2 216
2 263
2 265
2 279
2 294
2 295
2 319
2 323
2 333
2 360
2 362
2 368
2 376
2 392
3 20
3 37
3 44
3 81
3 104
3 107
3 125
3 161
3 171
3 180
3 187
3 201
3 203
3 208
3 209
3 213
3 228
3 241
3 247
3 261
3 277
3 308
3 310
3 334
3 343
3 351
3 356
3 385
3 390
4 1
4 6
4 31
4 56
4 68
4 74
4 111
4 139
4 148
4 150
4 173
4 188
4 223
4 251
4 262
4 276
4 289
4 290
4 327
4 335
4 344
4 349
4 396
5 13
5 22
5 30
5 42
5 53
5 54
5 57
5 65
5 94
5 101
5 144
5 158
5 159
5 163
5 184
5 236
5 304
5 315
5 365
5 381
6 33
6 35
6 38
6 51
6 86
6 87
6 92
6 126
6 147
6 162
6 166
6 169
6 172
6 192
6 243
6 244
6 257
6 275
6 285
6 318
6 326
6 357
6 378
6 386
7 10
7 14
7 19
7 27
7 29
7 60
7 61
7 70
7 90
7 112
7 114
7 118
7 120
7 168
7 175
7 197
7 205
7 211
7 215
7 219
7 226
7 282
7 283
7 287
7 299
7 306
7 325
7 350
7 353
7 369
7 397
8 18
8 50
8 82
8 105
8 121
8 127
8 128
8 136
8 140
8 152
8 183
8 193
8 196
8 221
8 227
8 234
8 245
8 248
8 280
8 300
8 309
8 320
8 322
8 329
8 336
8 348
9 9
9 21
9 62
9 72
9 83
9 99
9 110
9 119
9 141
9 146
9 153
9 165
9 198
9 222
9 231
9 238
9 242
9 269
9 291
9 328
9 354
9 364
9 371
9 377
9 388
10 4
10 73
10 78
10 102
10 133
10 143
10 155
10 177
10 185
10 212
10 233
10 256
10 345
10 355
10 370
10 373
11 0
11 39
11 48
11 66
11 77
11 106
11 123
11 156
11 170
11 229
11 246
11 250
11 258
11 296
11 312
11 324
11 330
11 332
11 338
11 339
11 367
11 375
11 393
11 394
12 7
12 34
12 36
12 46
12 69
12 124
12 151
12 220
12 254
12 255
12 270
12 293
12 297
12 316
12 321
12 361
12 382
12 391
13 3
13 8
13 16
13 32
13 76
13 79
13 80
13 84
13 93
13 97
13 108
13 130
13 131
13 149
13 182
13 190
13 206
13 217
13 235
13 268
13 272
13 273
13 286
13 288
13 305
13 317
13 341
13 359
13 372
13 379
13 380
14 2
14 24
14 43
14 47
14 91
14 117
14 138
14 178
14 224
14 298
14 366
15 23
15 25
15 26
15 45
15 55
15 71
15 98
15 103
15 135
15 145
15 160
15 194
15 195
15 210
15 218
15 230
15 232
15 239
15 253
15 267
15 284
15 307
15 311
15 331
15 347
16 11
16 12
16 41
16 49
16 59
16 64
16 89
16 115
16 129
16 132
16 142
16 154
16 181
16 186
16 191
16 199
16 207
16 214
16 225
16 237
16 240
16 249
16 252
16 259
16 278
16 301
16 337
16 340
16 342
16 358
16 363
16 383
16 384
16 389
