0 14
0 31
0 60
0 63
0 70
0 88
0 112
0 118
0 122
0 148
0 211
0 215
0 260
0 303
0 337
0 340
0 346
0 352
0 369
0 397
1 20
1 44
1 50
1 81
1 104
1 125
1 152
1 171
1 180
1 187
1 203
1 208
1 209
1 221
1 228
1 234
1 247
1 277
1 280
1 308
1 343
1 351
1 356
1 385
2 5
2 15
2 108
2 182
2 217
2 263
2 294
2 295
2 317
2 323
2 362
2 368
2 376
3 7
3 64
3 96
3 109
3 137
3 157
3 164
3 174
3 176
3 190
3 199
3 200
3 229
3 250
3 264
3 266
3 271
3 273
3 281
3 286
3 296
3 302
3 312
3 341
3 363
3 367
3 395
3 399
4 0
4 33
4 39
4 66
4 86
4 106
4 123
4 126
4 156
4 169
4 170
4 246
4 258
4 274
4 275
4 293
4 318
4 324
4 330
4 338
4 393
4 394
5 23
5 26
5 45
5 58
5 75
5 95
5 98
5 100
5 132
5 134
5 191
5 194
5 195
5 230
5 232
5 249
5 253
5 265
5 272
5 278
5 279
5 360
5 389
6 13
6 19
6 22
6 30
6 42
6 53
6 54
6 57
6 94
6 101
6 144
6 159
6 163
6 168
6 184
6 236
6 283
6 304
6 315
6 350
6 365
6 381
7 9
7 21
7 62
7 67
7 72
7 77
7 83
7 99
7 110
7 119
7 124
7 141
7 146
7 153
7 158
7 165
7 198
7 222
7 231
7 238
7 242
7 269
7 291
7 328
7 332
7 354
7 364
7 371
7 377
7 388
7 391
8 1
8 6
8 10
8 27
8 29
8 56
8 68
8 74
8 90
8 139
8 150
8 173
8 175
8 188
8 197
8 223
8 251
8 262
8 276
8 282
8 289
8 290
8 299
8 327
8 335
8 344
8 349
8 396
9 28
9 46
9 48
9 69
9 82
9 121
9 140
9 179
9 183
9 193
9 196
9 248
9 292
9 297
9 313
9 314
9 329
9 336
9 353
9 374
9 398
10 25
10 55
10 71
10 103
10 135
10 145
10 160
10 161
10 210
10 227
10 267
10 284
10 307
10 311
10 331
10 347
10 348
11 2
11 24
11 43
11 47
11 91
11 105
11 117
11 133
11 138
11 155
11 178
11 185
11 224
11 298
11 300
11 366
11 370
12 17
12 40
12 78
12 113
12 116
12 127
12 128
12 136
12 167
12 189
12 239
12 241
12 245
12 309
12 319
12 320
12 322
12 333
12 392
13 8
13 16
13 32
13 41
13 76
13 79
13 80
13 84
13 85
13 93
13 97
13 115
13 129
13 130
13 131
13 149
13 202
13 206
13 214
13 216
13 235
13 237
13 268
13 305
13 339
13 359
13 372
13 375
13 380
14 18
14 34
14 36
14 52
14 61
14 65
14 114
14 120
14 151
14 205
14 219
14 220
14 226
14 254
14 255
14 270
14 287
14 306
14 316
14 321
14 325
14 361
14 382
15 38
15 73
15 87
15 89
15 92
15 111
15 147
15 162
15 166
15 186
15 192
15 212
15 225
15 240
15 243
15 244
15 256
15 257
15 259
15 285
15 326
15 342
15 357
15 386
16 4
16 35
16 37
16 51
16 102
16 107
16 143
16 172
16 177
16 181
16 201
16 213
16 218
16 233
16 261
16 310
16 334
16 345
16 355
16 373
16 378
16 390
17 3
17 11
17 12
17 49
17 59
17 142
17 154
17 204
17 207
17 252
17 288
17 301
17 358
17 379
17 383
17 384
17 387
