0 25
0 127
0 136
0 183
0 189
0 241
0 245
0 309
0 314
0 320
0 322
0 385
1 2
1 24
1 43
1 55
1 71
1 91
1 105
1 117
1 138
1 177
1 178
1 218
1 224
1 227
1 298
1 300
1 366
2 7
2 34
2 77
2 106
2 110
2 123
2 146
2 156
2 176
2 198
2 220
2 229
2 250
2 254
2 258
2 270
2 293
2 296
2 312
2 321
2 330
2 332
2 338
2 367
2 377
2 393
3 3
3 8
3 16
3 49
3 76
3 93
3 96
3 131
3 137
3 149
3 204
3 206
3 235
3 252
3 273
3 286
3 288
3 379
3 383
3 384
3 387
4 56
4 74
4 101
4 144
4 150
4 163
4 188
4 251
4 262
4 290
4 327
4 344
4 349
4 365
4 381
4 396
5 33
5 39
5 46
5 48
5 69
5 82
5 121
5 170
5 179
5 193
5 196
5 246
5 274
5 292
5 324
5 329
5 336
5 375
5 398
6 18
6 52
6 61
6 63
6 70
6 114
6 118
6 120
6 140
6 151
6 205
6 215
6 226
6 260
6 287
6 306
6 313
6 325
6 353
6 369
6 374
6 382
6 397
7 35
7 37
7 38
7 51
7 87
7 89
7 92
7 112
7 125
7 126
7 143
7 147
7 162
7 166
7 172
7 181
7 192
7 201
7 213
7 243
7 244
7 257
7 261
7 285
7 308
7 310
7 318
7 326
7 334
7 357
7 378
7 386
7 390
8 62
8 64
8 67
8 72
8 109
8 157
8 164
8 174
8 199
8 200
8 264
8 266
8 269
8 271
8 281
8 302
8 363
8 364
8 371
8 395
8 399
9 20
9 88
9 104
9 122
9 135
9 160
9 161
9 171
9 203
9 209
9 225
9 240
9 247
9 259
9 267
9 303
9 311
9 337
9 342
9 346
9 348
9 352
9 356
10 4
10 47
10 73
10 102
10 107
10 133
10 155
10 185
10 186
10 212
10 233
10 256
10 278
10 345
10 355
10 370
10 373
11 0
11 36
11 44
11 50
11 66
11 81
11 86
11 152
11 169
11 180
11 187
11 208
11 221
11 228
11 234
11 248
11 275
11 277
11 280
11 297
11 343
11 351
11 361
11 394
12 9
12 21
12 80
12 83
12 84
12 97
12 99
12 119
12 124
12 141
12 153
12 158
12 165
12 190
12 222
12 231
12 238
12 242
12 268
12 291
12 305
12 328
12 339
12 341
12 354
12 372
12 388
12 391
13 17
13 28
13 40
13 78
13 113
13 116
13 128
13 167
13 216
13 239
13 265
13 295
13 319
13 333
13 392
14 1
14 6
14 10
14 14
14 27
14 29
14 31
14 60
14 68
14 90
14 111
14 139
14 148
14 173
14 197
14 211
14 223
14 276
14 282
14 289
14 299
14 335
14 340
15 5
15 15
15 108
15 182
15 202
15 217
15 263
15 294
15 317
15 323
15 362
15 368
15 376
15 380
16 23
16 26
16 45
16 58
16 75
16 95
16 98
16 100
16 103
16 132
16 134
16 145
16 191
16 194
16 195
16 210
16 230
16 232
16 249
16 253
16 272
16 279
16 284
16 307
16 331
16 347
16 360
16 389
17 11
17 12
17 32
17 41
17 59
17 79
17 85
17 115
17 129
17 130
17 142
17 154
17 207
17 214
17 237
17 301
17 358
17 359
18 13
18 19
18 22
18 30
18 42
18 53
18 54
18 57
18 65
18 94
18 159
18 168
18 175
18 184
18 219
18 236
18 255
18 283
18 304
18 315
18 316
18 350
