0 2
0 3
0 4
0 11
0 12
0 24
0 35
0 43
0 47
0 49
0 51
0 55
0 59
0 62
0 64
0 67
0 71
0 72
0 73
0 91
0 93
0 96
0 102
0 105
0 107
0 109
0 117
0 130
0 132
0 133
0 137
0 138
0 142
0 143
0 155
0 157
0 164
0 165
0 174
0 176
0 177
0 178
0 181
0 185
0 190
0 194
0 199
0 200
0 201
0 204
0 207
0 212
0 213
0 218
0 222
0 224
0 227
0 233
0 250
0 252
0 256
0 261
0 264
0 266
0 269
0 271
0 272
0 278
0 281
0 286
0 288
0 291
0 298
0 300
0 301
0 302
0 312
0 334
0 341
0 345
0 355
0 358
0 363
0 364
0 366
0 370
0 371
0 373
0 378
0 379
0 383
0 384
0 387
0 389
0 390
0 392
0 395
0 399
1 0
1 1
1 6
1 7
1 9
1 10
1 13
1 14
1 17
1 18
1 19
1 20
1 21
1 22
1 23
1 25
1 26
1 27
1 29
1 30
1 31
1 33
1 34
1 36
1 37
1 38
1 39
1 40
1 42
1 44
1 45
1 48
1 50
1 52
1 53
1 54
1 56
1 57
1 58
1 60
1 61
1 63
1 65
1 66
1 68
1 69
1 70
1 74
1 75
1 77
1 78
1 81
1 83
1 86
1 87
1 88
1 89
1 90
1 92
1 94
1 95
1 98
1 100
1 101
1 103
1 104
1 106
1 110
1 111
1 112
1 114
1 116
1 118
1 120
1 121
1 122
1 123
1 124
1 125
1 126
1 127
1 128
1 134
1 135
1 136
1 139
1 140
1 141
1 144
1 145
1 146
1 147
1 148
1 150
1 151
1 152
1 156
1 158
1 159
1 160
1 161
1 162
1 163
1 166
1 167
1 168
1 169
1 170
1 171
1 172
1 173
1 175
1 179
1 180
1 183
1 184
1 186
1 187
1 188
1 189
1 191
1 192
1 193
1 195
1 196
1 197
1 198
1 203
1 205
1 208
1 209
1 210
1 211
1 215
1 219
1 220
1 221
1 223
1 225
1 226
1 228
1 230
1 231
1 232
1 234
1 236
1 239
1 240
1 241
1 242
1 243
1 244
1 245
1 246
1 247
1 248
1 249
1 251
1 253
1 254
1 255
1 257
1 258
1 259
1 260
1 262
1 267
1 270
1 273
1 274
1 275
1 276
1 277
1 279
1 280
1 282
1 283
1 284
1 285
1 287
1 289
1 290
1 292
1 293
1 297
1 299
1 303
1 304
1 306
1 307
1 308
1 309
1 310
1 311
1 313
1 314
1 315
1 316
1 318
1 319
1 320
1 321
1 322
1 324
1 325
1 326
1 327
1 328
1 329
1 330
1 331
1 332
1 335
1 337
1 338
1 340
1 342
1 343
1 344
1 346
1 347
1 348
1 349
1 350
1 351
1 352
1 353
1 356
1 357
1 360
1 361
1 365
1 369
1 374
1 377
1 381
1 382
1 385
1 386
1 388
1 391
1 393
1 394
1 396
1 397
1 398
2 5
2 8
2 15
2 16
2 28
2 32
2 41
2 46
2 76
2 79
2 80
2 82
2 84
2 85
2 97
2 99
2 108
2 113
2 115
2 119
2 129
2 131
2 149
2 153
2 154
2 182
2 202
2 206
2 214
2 216
2 217
2 229
2 235
2 237
2 238
2 263
2 265
2 268
2 294
2 295
2 296
2 305
2 317
2 323
2 333
2 336
2 339
2 354
2 359
2 362
2 367
2 368
2 372
2 375
2 376
2 380
