0 5
0 8
0 15
0 16
0 28
0 32
0 76
0 79
0 80
0 82
0 84
0 85
0 96
0 97
0 99
0 108
0 113
0 115
0 119
0 129
0 131
0 137
0 149
0 153
0 182
0 190
0 200
0 202
0 206
0 214
0 216
0 217
0 229
0 231
0 235
0 237
0 238
0 245
0 263
0 268
0 271
0 273
0 286
0 291
0 294
0 295
0 296
0 305
0 312
0 317
0 323
0 328
0 333
0 339
0 341
0 354
0 359
0 362
0 367
0 368
0 372
0 375
0 376
0 380
1 0
1 7
1 9
1 13
1 18
1 21
1 22
1 25
1 30
1 33
1 34
1 36
1 39
1 42
1 46
1 48
1 50
1 52
1 53
1 54
1 66
1 69
1 77
1 81
1 83
1 86
1 92
1 101
1 106
1 110
1 121
1 123
1 124
1 126
1 127
1 128
1 136
1 141
1 144
1 146
1 152
1 156
1 163
1 169
1 170
1 176
1 179
1 183
1 193
1 196
1 198
1 220
1 221
1 234
1 236
1 242
1 246
1 248
1 250
1 254
1 255
1 258
1 270
1 274
1 275
1 280
1 292
1 293
1 297
1 304
1 309
1 314
1 318
1 320
1 321
1 322
1 324
1 326
1 329
1 330
1 332
1 336
1 338
1 361
1 365
1 377
1 388
1 391
1 393
1 394
1 398
2 1
2 6
2 10
2 14
2 19
2 27
2 29
2 31
2 56
2 57
2 60
2 61
2 63
2 65
2 68
2 70
2 74
2 90
2 94
2 111
2 114
2 118
2 120
2 139
2 140
2 148
2 150
2 151
2 159
2 168
2 173
2 175
2 184
2 188
2 197
2 205
2 211
2 215
2 219
2 223
2 226
2 251
2 260
2 262
2 276
2 282
2 283
2 287
2 289
2 290
2 299
2 306
2 313
2 315
2 316
2 325
2 327
2 335
2 340
2 344
2 349
2 350
2 353
2 369
2 374
2 382
2 396
2 397
3 2
3 3
3 11
3 12
3 24
3 40
3 41
3 43
3 47
3 49
3 59
3 62
3 64
3 67
3 71
3 72
3 91
3 93
3 109
3 117
3 130
3 132
3 133
3 138
3 142
3 154
3 155
3 157
3 158
3 160
3 164
3 165
3 167
3 174
3 178
3 185
3 191
3 194
3 199
3 204
3 207
3 222
3 224
3 227
3 252
3 264
3 266
3 269
3 272
3 278
3 281
3 288
3 298
3 300
3 301
3 302
3 319
3 358
3 363
3 364
3 366
3 370
3 371
3 379
3 383
3 384
3 387
3 389
3 395
3 399
4 4
4 17
4 20
4 23
4 26
4 35
4 37
4 38
4 44
4 45
4 51
4 55
4 58
4 73
4 75
4 78
4 87
4 88
4 89
4 95
4 98
4 100
4 102
4 103
4 104
4 105
4 107
4 112
4 116
4 122
4 125
4 134
4 135
4 143
4 145
4 147
4 161
4 162
4 166
4 171
4 172
4 177
4 180
4 181
4 186
4 187
4 189
4 192
4 195
4 201
4 203
4 208
4 209
4 210
4 212
4 213
4 218
4 225
4 228
4 230
4 232
4 233
4 239
4 240
4 241
4 243
4 244
4 247
4 249
4 253
4 256
4 257
4 259
4 261
4 265
4 267
4 277
4 279
4 284
4 285
4 303
4 307
4 308
4 310
4 311
4 331
4 334
4 337
4 342
4 343
4 345
4 346
4 347
4 348
4 351
4 352
4 355
4 356
4 357
4 360
4 373
4 378
4 381
4 385
4 386
4 390
4 392
