0 3
0 7
0 18
0 34
0 46
0 48
0 52
0 69
0 96
0 109
0 114
0 120
0 137
0 140
0 151
0 157
0 164
0 174
0 176
0 179
0 190
0 193
0 200
0 220
0 221
0 229
0 250
0 254
0 255
0 266
0 270
0 271
0 273
0 274
0 286
0 287
0 293
0 296
0 302
0 312
0 313
0 321
0 325
0 329
0 341
0 353
0 361
0 363
0 367
0 374
0 382
0 393
0 395
0 398
0 399
1 0
1 4
1 20
1 33
1 35
1 37
1 43
1 44
1 50
1 51
1 66
1 81
1 86
1 92
1 102
1 104
1 107
1 123
1 125
1 126
1 147
1 152
1 166
1 169
1 170
1 171
1 172
1 177
1 180
1 187
1 201
1 203
1 208
1 213
1 218
1 228
1 233
1 234
1 244
1 247
1 261
1 275
1 277
1 280
1 297
1 308
1 310
1 318
1 322
1 334
1 343
1 345
1 351
1 356
1 373
1 378
1 385
1 390
1 394
2 6
2 10
2 13
2 19
2 22
2 27
2 29
2 30
2 42
2 53
2 54
2 56
2 57
2 61
2 65
2 70
2 90
2 94
2 101
2 144
2 150
2 159
2 163
2 168
2 173
2 175
2 184
2 188
2 197
2 204
2 205
2 219
2 226
2 251
2 262
2 276
2 282
2 283
2 299
2 304
2 306
2 315
2 316
2 327
2 335
2 344
2 349
2 350
2 365
2 381
2 396
3 2
3 5
3 17
3 23
3 25
3 26
3 40
3 45
3 55
3 58
3 75
3 78
3 91
3 95
3 98
3 100
3 103
3 105
3 116
3 121
3 127
3 128
3 132
3 134
3 135
3 136
3 145
3 161
3 167
3 183
3 189
3 191
3 194
3 195
3 196
3 209
3 210
3 230
3 232
3 239
3 241
3 245
3 249
3 253
3 265
3 267
3 279
3 284
3 295
3 307
3 309
3 311
3 314
3 319
3 320
3 331
3 347
3 348
3 355
3 360
3 362
3 376
3 389
3 392
4 1
4 14
4 31
4 38
4 60
4 63
4 68
4 73
4 74
4 88
4 89
4 111
4 112
4 118
4 122
4 133
4 139
4 143
4 148
4 155
4 211
4 215
4 223
4 225
4 240
4 243
4 256
4 257
4 259
4 260
4 289
4 290
4 292
4 303
4 337
4 340
4 342
4 346
4 352
4 357
4 369
4 370
4 397
5 8
5 15
5 16
5 28
5 32
5 41
5 79
5 80
5 82
5 84
5 85
5 97
5 108
5 113
5 115
5 129
5 131
5 149
5 154
5 182
5 202
5 206
5 214
5 216
5 217
5 235
5 237
5 263
5 268
5 272
5 294
5 305
5 317
5 323
5 333
5 336
5 339
5 359
5 368
5 372
5 375
5 380
6 9
6 11
6 12
6 21
6 24
6 36
6 39
6 47
6 49
6 59
6 62
6 64
6 67
6 71
6 72
6 76
6 77
6 83
6 87
6 93
6 99
6 106
6 110
6 117
6 119
6 124
6 130
6 138
6 141
6 142
6 146
6 153
6 156
6 158
6 160
6 162
6 165
6 178
6 181
6 185
6 186
6 192
6 198
6 199
6 207
6 212
6 222
6 224
6 227
6 231
6 236
6 238
6 242
6 246
6 248
6 252
6 258
6 264
6 269
6 278
6 281
6 285
6 288
6 291
6 298
6 300
6 301
6 324
6 326
6 328
6 330
6 332
6 338
6 354
6 358
6 364
6 366
6 371
6 377
6 379
6 383
6 384
6 386
6 387
6 388
6 391
