0 3
0 9
0 11
0 12
0 21
0 24
0 41
0 47
0 49
0 58
0 59
0 62
0 64
0 67
0 71
0 72
0 73
0 83
0 93
0 100
0 109
0 115
0 129
0 130
0 132
0 133
0 134
0 141
0 142
0 154
0 155
0 157
0 160
0 164
0 165
0 174
0 181
0 185
0 191
0 194
0 195
0 199
0 207
0 212
0 222
0 227
0 231
0 249
0 252
0 256
0 264
0 266
0 269
0 272
0 278
0 281
0 288
0 301
0 302
0 328
0 358
0 360
0 363
0 364
0 370
0 371
0 379
0 383
0 384
0 387
0 388
0 389
0 395
0 399
1 33
1 38
1 87
1 88
1 89
1 92
1 111
1 112
1 122
1 125
1 143
1 147
1 148
1 162
1 166
1 186
1 192
1 225
1 240
1 243
1 244
1 257
1 259
1 285
1 289
1 303
1 308
1 318
1 326
1 337
1 340
1 342
1 346
1 352
1 357
1 386
2 7
2 8
2 16
2 32
2 76
2 79
2 80
2 84
2 85
2 96
2 97
2 99
2 119
2 131
2 137
2 149
2 153
2 190
2 200
2 206
2 217
2 229
2 235
2 237
2 238
2 250
2 268
2 271
2 273
2 286
2 291
2 296
2 305
2 312
2 317
2 339
2 341
2 354
2 359
2 367
2 372
2 375
2 380
3 2
3 4
3 35
3 37
3 43
3 51
3 55
3 91
3 102
3 105
3 107
3 117
3 138
3 172
3 177
3 178
3 201
3 208
3 213
3 218
3 224
3 233
3 261
3 298
3 300
3 310
3 334
3 345
3 355
3 366
3 373
3 378
3 390
4 6
4 10
4 18
4 19
4 27
4 29
4 52
4 60
4 61
4 63
4 65
4 70
4 90
4 114
4 118
4 120
4 140
4 151
4 168
4 175
4 197
4 205
4 211
4 215
4 219
4 220
4 226
4 254
4 255
4 260
4 282
4 283
4 287
4 299
4 306
4 313
4 316
4 325
4 335
4 350
4 353
4 369
4 374
4 382
4 397
5 5
5 15
5 17
5 28
5 40
5 46
5 69
5 75
5 78
5 82
5 95
5 108
5 113
5 116
5 121
5 127
5 128
5 136
5 167
5 182
5 189
5 193
5 202
5 214
5 216
5 232
5 239
5 245
5 263
5 265
5 294
5 295
5 319
5 320
5 323
5 333
5 336
5 362
5 368
5 376
5 392
5 398
6 0
6 20
6 25
6 34
6 36
6 39
6 44
6 48
6 50
6 66
6 77
6 81
6 86
6 103
6 104
6 106
6 110
6 123
6 124
6 126
6 135
6 146
6 152
6 156
6 161
6 169
6 170
6 171
6 176
6 179
6 180
6 183
6 187
6 196
6 198
6 203
6 209
6 210
6 221
6 228
6 234
6 241
6 246
6 247
6 248
6 258
6 267
6 270
6 274
6 275
6 277
6 280
6 284
6 292
6 293
6 297
6 307
6 309
6 311
6 314
6 321
6 322
6 324
6 329
6 330
6 332
6 338
6 343
6 347
6 348
6 351
6 356
6 361
6 377
6 385
6 391
6 393
6 394
7 1
7 13
7 14
7 22
7 23
7 26
7 30
7 31
7 42
7 45
7 53
7 54
7 56
7 57
7 68
7 74
7 94
7 98
7 101
7 139
7 144
7 145
7 150
7 158
7 159
7 163
7 173
7 184
7 188
7 204
7 223
7 230
7 236
7 242
7 251
7 253
7 262
7 276
7 279
7 290
7 304
7 315
7 327
7 331
7 344
7 349
7 365
7 381
7 396
