0 2
0 4
0 11
0 35
0 37
0 43
0 51
0 91
0 102
0 105
0 107
0 117
0 138
0 172
0 177
0 178
0 201
0 208
0 213
0 218
0 224
0 233
0 252
0 261
0 267
0 288
0 298
0 300
0 310
0 334
0 345
0 355
0 366
0 378
0 379
0 383
0 384
0 390
1 1
1 6
1 10
1 13
1 22
1 27
1 29
1 30
1 31
1 42
1 53
1 54
1 56
1 57
1 65
1 68
1 74
1 94
1 101
1 111
1 139
1 142
1 144
1 148
1 150
1 158
1 159
1 163
1 173
1 175
1 184
1 188
1 191
1 197
1 219
1 251
1 262
1 276
1 282
1 289
1 299
1 304
1 315
1 316
1 327
1 335
1 344
1 349
1 365
1 396
2 0
2 33
2 38
2 39
2 48
2 66
2 77
2 81
2 82
2 86
2 87
2 92
2 106
2 121
2 123
2 126
2 140
2 147
2 156
2 166
2 169
2 170
2 179
2 196
2 229
2 244
2 246
2 248
2 258
2 274
2 275
2 285
2 292
2 296
2 312
2 313
2 314
2 318
2 322
2 324
2 326
2 329
2 330
2 336
2 338
2 339
2 352
2 353
2 357
2 367
2 374
2 386
2 393
2 394
2 398
3 7
3 18
3 34
3 36
3 46
3 52
3 61
3 69
3 114
3 120
3 124
3 151
3 193
3 205
3 220
3 221
3 226
3 250
3 254
3 255
3 270
3 287
3 293
3 297
3 306
3 321
3 325
3 361
3 382
3 391
4 3
4 9
4 21
4 62
4 67
4 72
4 83
4 96
4 99
4 109
4 110
4 119
4 137
4 141
4 146
4 153
4 157
4 164
4 165
4 174
4 176
4 190
4 198
4 200
4 204
4 222
4 231
4 236
4 238
4 242
4 264
4 266
4 269
4 271
4 281
4 291
4 328
4 332
4 341
4 354
4 364
4 371
4 377
4 387
4 388
4 395
4 399
5 15
5 17
5 23
5 25
5 26
5 45
5 55
5 58
5 71
5 75
5 95
5 98
5 100
5 103
5 116
5 132
5 134
5 135
5 145
5 160
5 183
5 194
5 195
5 210
5 230
5 232
5 239
5 249
5 253
5 265
5 272
5 279
5 284
5 295
5 307
5 311
5 331
5 347
5 360
5 376
5 389
6 19
6 20
6 44
6 50
6 60
6 63
6 70
6 90
6 104
6 112
6 118
6 122
6 125
6 152
6 161
6 168
6 171
6 180
6 187
6 203
6 209
6 211
6 215
6 228
6 234
6 241
6 243
6 247
6 260
6 277
6 280
6 283
6 308
6 343
6 346
6 348
6 350
6 351
6 356
6 369
6 381
6 385
6 397
7 5
7 8
7 16
7 24
7 28
7 40
7 76
7 80
7 84
7 85
7 93
7 97
7 108
7 113
7 127
7 128
7 130
7 131
7 136
7 149
7 167
7 182
7 189
7 202
7 206
7 216
7 217
7 227
7 235
7 245
7 263
7 273
7 286
7 294
7 302
7 305
7 309
7 317
7 319
7 320
7 323
7 333
7 359
7 362
7 368
7 372
7 380
7 392
8 12
8 14
8 32
8 41
8 47
8 49
8 59
8 64
8 73
8 78
8 79
8 88
8 89
8 115
8 129
8 133
8 143
8 154
8 155
8 162
8 181
8 185
8 186
8 192
8 199
8 207
8 212
8 214
8 223
8 225
8 237
8 240
8 256
8 257
8 259
8 268
8 278
8 290
8 301
8 303
8 337
8 340
8 342
8 358
8 363
8 370
8 373
8 375
