0 21
0 27
0 35
0 40
0 46
0 61
0 63
0 68
0 73
0 75
0 77
0 89
0 93
0 97
0 99
0 105
0 106
0 108
0 116
0 129
0 135
0 148
0 152
0 158
0 175
0 181
0 189
0 194
0 197
1 17
1 18
1 19
1 20
1 23
1 30
1 31
1 41
1 51
1 57
1 72
1 86
1 91
1 92
1 103
1 109
1 119
1 130
1 131
1 132
1 140
1 145
1 155
1 157
1 165
1 171
1 172
1 178
1 186
2 1
2 4
2 10
2 15
2 28
2 33
2 39
2 47
2 48
2 49
2 53
2 55
2 59
2 64
2 70
2 71
2 101
2 115
2 125
2 139
2 144
2 159
2 174
2 185
2 188
2 190
2 193
2 195
2 196
3 3
3 43
3 66
3 79
3 82
3 84
3 114
3 124
3 134
3 163
3 169
3 177
4 22
4 34
4 38
4 50
4 54
4 80
4 104
4 113
4 117
4 118
4 126
4 136
4 146
4 147
4 168
4 191
5 8
5 11
5 14
5 52
5 60
5 62
5 65
5 76
5 78
5 83
5 85
5 100
5 102
5 138
5 142
5 154
5 164
5 166
5 173
5 184
5 198
5 199
6 5
6 12
6 13
6 37
6 42
6 45
6 67
6 69
6 81
6 87
6 88
6 112
6 122
6 137
6 150
6 162
6 167
6 176
6 182
6 192
7 7
7 9
7 25
7 36
7 44
7 56
7 58
7 90
7 96
7 110
7 111
7 153
7 160
8 0
8 6
8 24
8 32
8 74
8 98
8 107
8 121
8 123
8 128
8 143
8 149
8 156
8 179
8 180
8 183
8 187
9 2
9 16
9 26
9 29
9 94
9 95
9 120
9 127
9 133
9 141
9 151
9 161
9 170
