0 6
0 11
0 13
0 37
0 44
0 47
0 49
0 66
0 98
0 118
0 135
0 136
0 149
0 163
0 180
0 185
0 192
1 4
1 17
1 28
1 52
1 53
1 59
1 63
1 65
1 70
1 71
1 72
1 86
1 89
1 101
1 103
1 107
1 139
1 144
1 153
1 189
2 1
2 30
2 35
2 39
2 45
2 56
2 64
2 68
2 77
2 102
2 110
2 115
2 125
2 152
2 162
2 165
2 168
2 177
2 179
2 195
2 196
2 198
3 27
3 74
3 83
3 93
3 109
3 116
3 123
3 124
3 129
3 131
3 132
3 145
3 148
3 160
3 175
3 176
3 181
3 182
3 184
3 188
3 199
4 0
4 24
4 26
4 36
4 58
4 60
4 61
4 91
4 111
4 142
4 151
4 169
4 190
5 8
5 12
5 15
5 16
5 20
5 40
5 46
5 51
5 57
5 90
5 94
5 106
5 120
5 130
5 147
5 150
5 154
5 183
5 191
5 197
6 3
6 18
6 19
6 29
6 34
6 55
6 85
6 92
6 104
6 112
6 117
6 137
6 138
6 155
6 173
7 7
7 10
7 14
7 31
7 50
7 67
7 84
7 87
7 96
7 99
7 108
7 113
7 114
7 128
7 133
7 134
7 140
7 193
8 22
8 23
8 81
8 119
8 126
8 143
8 146
8 178
9 5
9 21
9 25
9 38
9 41
9 43
9 48
9 54
9 62
9 69
9 73
9 75
9 76
9 78
9 79
9 80
9 82
9 88
9 95
9 97
9 105
9 121
9 127
9 157
9 158
9 159
9 164
9 166
9 167
9 170
9 172
9 174
9 186
9 187
9 194
10 2
10 9
10 32
10 33
10 42
10 100
10 122
10 141
10 156
10 161
10 171
