0 17
0 18
0 20
0 23
0 27
0 30
0 40
0 41
0 51
0 68
0 72
0 77
0 86
0 106
0 116
0 119
0 129
0 130
0 131
0 140
0 145
0 157
0 165
0 171
0 172
0 175
0 189
0 194
1 8
1 11
1 14
1 52
1 57
1 60
1 62
1 65
1 83
1 85
1 100
1 102
1 132
1 138
1 164
1 166
1 173
1 184
1 198
1 199
2 5
2 13
2 45
2 69
2 76
2 78
2 112
2 122
2 137
2 142
2 150
2 154
2 162
2 167
2 176
2 192
3 3
3 43
3 66
3 71
3 79
3 82
3 84
3 114
3 124
3 134
3 163
4 2
4 16
4 19
4 26
4 29
4 91
4 94
4 95
4 103
4 120
4 127
4 133
4 141
4 151
4 161
4 170
5 10
5 28
5 33
5 53
5 59
5 74
5 101
5 115
5 139
5 159
5 190
5 193
5 195
6 50
6 54
6 80
6 104
6 113
6 118
6 136
6 147
6 168
6 191
7 12
7 22
7 31
7 34
7 37
7 42
7 67
7 81
7 87
7 88
7 92
7 109
7 117
7 126
7 146
7 155
7 178
7 182
7 186
8 7
8 9
8 25
8 36
8 44
8 56
8 58
8 96
8 110
8 111
8 153
8 160
9 24
9 38
9 64
9 128
9 148
9 149
9 169
9 177
9 188
10 21
10 35
10 46
10 61
10 63
10 73
10 75
10 89
10 93
10 97
10 99
10 105
10 108
10 135
10 152
10 158
10 181
10 197
11 0
11 6
11 32
11 90
11 98
11 107
11 121
11 123
11 143
11 156
11 179
11 180
11 183
11 187
12 1
12 4
12 15
12 39
12 47
12 48
12 49
12 55
12 70
12 125
12 144
12 174
12 185
12 196
