0 19
0 57
0 72
0 91
0 103
0 141
0 145
0 151
1 7
1 9
1 25
1 36
1 44
1 56
1 58
1 90
1 96
1 110
1 111
1 153
1 160
2 12
2 22
2 31
2 34
2 37
2 42
2 67
2 81
2 87
2 88
2 92
2 109
2 117
2 126
2 146
2 155
2 178
2 182
2 186
2 191
3 15
3 38
3 43
3 64
3 66
3 71
3 79
3 82
3 84
3 104
3 114
3 124
3 134
3 163
3 169
3 177
3 188
4 0
4 6
4 32
4 98
4 107
4 121
4 123
4 128
4 143
4 156
4 179
4 180
4 183
4 187
5 50
5 54
5 78
5 80
5 113
5 118
5 136
5 147
5 154
5 168
6 8
6 11
6 52
6 60
6 62
6 65
6 76
6 83
6 85
6 100
6 102
6 132
6 138
6 142
6 164
6 166
6 173
6 184
6 198
6 199
7 21
7 35
7 61
7 63
7 73
7 89
7 93
7 97
7 105
7 108
7 135
7 152
7 158
8 5
8 13
8 45
8 69
8 112
8 122
8 137
8 150
8 162
8 167
8 176
8 192
9 17
9 18
9 20
9 23
9 27
9 30
9 40
9 41
9 51
9 68
9 86
9 106
9 116
9 119
9 129
9 130
9 131
9 140
9 157
9 165
9 171
9 172
9 175
9 194
10 1
10 4
10 39
10 47
10 48
10 49
10 55
10 70
10 125
10 144
10 174
10 185
10 195
10 196
11 14
11 24
11 46
11 75
11 77
11 99
11 148
11 149
11 181
11 189
11 197
12 2
12 16
12 26
12 29
12 94
12 95
12 120
12 127
12 133
12 161
12 170
13 3
13 10
13 28
13 33
13 53
13 59
13 74
13 101
13 115
13 139
13 159
13 190
13 193
