0 5
0 12
0 13
0 42
0 45
0 69
0 112
0 122
0 137
0 150
0 162
0 167
0 176
0 182
0 192
1 27
1 40
1 68
1 75
1 77
1 86
1 89
1 99
1 106
1 108
1 116
1 129
1 130
1 140
1 152
1 158
1 175
1 181
1 189
1 194
2 22
2 34
2 50
2 54
2 104
2 117
2 126
2 146
2 168
2 191
3 8
3 11
3 14
3 52
3 60
3 62
3 65
3 76
3 83
3 85
3 100
3 102
3 138
3 142
3 164
3 166
3 173
3 184
3 198
3 199
4 7
4 9
4 25
4 36
4 44
4 56
4 58
4 90
4 96
4 110
4 111
4 153
4 160
5 1
5 4
5 33
5 39
5 47
5 48
5 49
5 53
5 55
5 70
5 144
5 174
5 185
5 195
6 17
6 18
6 19
6 20
6 23
6 30
6 41
6 51
6 57
6 72
6 91
6 103
6 119
6 131
6 132
6 145
6 157
6 165
6 171
6 172
6 186
7 15
7 43
7 64
7 66
7 71
7 79
7 82
7 84
7 114
7 124
7 134
7 163
7 188
8 2
8 16
8 26
8 29
8 94
8 95
8 120
8 127
8 133
8 141
8 151
8 161
8 170
9 0
9 6
9 98
9 143
9 179
9 180
9 183
10 78
10 80
10 113
10 118
10 136
10 147
10 154
11 31
11 37
11 67
11 81
11 87
11 88
11 92
11 109
11 125
11 155
11 178
11 196
12 21
12 35
12 46
12 61
12 63
12 73
12 93
12 97
12 105
12 135
12 197
13 3
13 10
13 28
13 59
13 74
13 101
13 115
13 139
13 159
13 190
13 193
14 24
14 32
14 38
14 107
14 121
14 123
14 128
14 148
14 149
14 156
14 169
14 177
14 187
