0 6
0 9
0 13
0 37
0 44
0 47
0 49
0 66
0 98
0 118
0 136
0 142
0 149
0 163
0 180
0 185
0 192
1 25
1 38
1 48
1 73
1 75
1 79
1 82
1 88
1 105
1 116
1 157
1 160
1 167
1 172
1 176
1 188
1 194
2 33
2 50
2 64
2 67
2 87
2 122
2 152
2 161
3 11
3 12
3 16
3 46
3 51
3 57
3 58
3 86
3 90
3 94
3 103
3 106
3 130
3 135
3 190
3 191
3 197
4 7
4 14
4 31
4 96
4 99
4 108
4 113
4 128
4 133
4 134
4 140
4 193
5 0
5 24
5 36
5 61
5 91
5 119
5 169
6 3
6 18
6 19
6 28
6 29
6 34
6 55
6 70
6 92
6 117
6 137
6 138
6 155
6 173
7 21
7 41
7 43
7 59
7 62
7 65
7 69
7 76
7 78
7 95
7 97
7 121
7 127
7 158
7 159
7 164
7 170
7 174
8 10
8 83
8 85
8 104
8 123
8 124
8 131
8 145
8 148
8 175
8 181
8 184
8 199
9 5
9 15
9 26
9 40
9 54
9 60
9 80
9 111
9 150
9 151
9 166
9 186
9 187
10 32
10 42
10 84
10 112
10 114
10 141
10 156
10 171
11 22
11 23
11 81
11 100
11 126
11 143
11 146
11 178
12 27
12 45
12 68
12 74
12 77
12 93
12 102
12 107
12 109
12 125
12 129
12 132
12 179
12 182
12 189
12 196
13 2
13 30
13 39
13 56
13 115
13 162
13 165
13 177
13 195
13 198
14 4
14 8
14 20
14 52
14 72
14 101
14 120
14 139
14 144
14 147
14 154
14 183
15 1
15 17
15 35
15 53
15 63
15 71
15 89
15 110
15 153
15 168
