0 5
0 13
0 45
0 69
0 112
0 122
0 137
0 150
0 162
0 167
0 182
0 192
1 27
1 35
1 40
1 63
1 68
1 73
1 75
1 77
1 86
1 89
1 93
1 97
1 105
1 106
1 108
1 116
1 129
1 130
1 135
1 140
1 152
1 158
1 175
1 189
1 194
2 43
2 66
2 79
2 84
3 10
3 28
3 33
3 53
3 59
3 74
3 101
3 115
3 139
3 159
3 190
3 193
3 195
4 8
4 52
4 78
4 83
4 85
4 100
4 102
4 138
4 154
4 173
4 184
4 198
4 199
5 11
5 17
5 20
5 23
5 51
5 57
5 60
5 62
5 65
5 76
5 131
5 132
5 142
5 164
5 166
5 172
5 176
6 0
6 6
6 98
6 143
6 179
6 180
6 183
7 50
7 54
7 80
7 113
7 118
7 136
7 147
7 168
7 191
8 1
8 4
8 15
8 39
8 47
8 48
8 49
8 55
8 70
8 71
8 144
8 174
8 185
9 2
9 16
9 26
9 29
9 94
9 95
9 120
9 127
9 133
9 161
9 170
10 7
10 14
10 21
10 46
10 61
10 90
10 99
10 110
10 160
10 181
10 197
11 12
11 31
11 37
11 42
11 67
11 81
11 87
11 88
11 92
11 109
11 125
11 155
11 178
11 196
12 9
12 25
12 36
12 44
12 56
12 58
12 96
12 111
12 153
13 24
13 32
13 107
13 121
13 123
13 128
13 148
13 149
13 156
13 169
13 177
13 187
14 3
14 82
14 114
14 124
14 134
14 163
15 18
15 19
15 30
15 41
15 72
15 91
15 103
15 141
15 145
15 151
15 157
15 165
15 171
16 22
16 34
16 38
16 64
16 104
16 117
16 119
16 126
16 146
16 186
16 188
