0 5
0 13
0 45
0 69
0 112
0 122
0 137
0 150
0 162
0 167
0 182
0 192
1 24
1 38
1 128
1 148
1 149
1 156
1 169
1 177
2 8
2 11
2 14
2 52
2 83
2 85
2 100
2 102
2 132
2 138
2 166
2 173
2 198
2 199
3 12
3 17
3 18
3 20
3 23
3 30
3 41
3 42
3 51
3 72
3 88
3 92
3 119
3 130
3 131
3 140
3 155
3 157
3 165
3 171
3 172
3 178
3 186
4 43
4 66
4 79
4 84
4 114
4 124
4 163
5 1
5 4
5 39
5 47
5 48
5 49
5 55
5 70
5 125
5 144
5 174
5 185
5 196
6 7
6 9
6 25
6 36
6 44
6 56
6 58
6 90
6 96
6 110
6 111
6 153
6 160
7 78
7 80
7 113
7 118
7 136
7 147
7 154
8 21
8 35
8 46
8 61
8 63
8 73
8 93
8 105
9 31
9 37
9 67
9 81
9 87
9 109
10 19
10 57
10 60
10 62
10 65
10 76
10 91
10 103
10 142
10 145
10 151
10 164
10 176
10 184
11 0
11 6
11 32
11 98
11 107
11 121
11 123
11 143
11 179
11 180
11 183
11 187
12 2
12 16
12 26
12 29
12 94
12 95
12 120
12 127
12 133
12 141
12 161
12 170
13 3
13 15
13 64
13 71
13 82
13 134
13 188
14 27
14 40
14 68
14 89
14 97
14 106
14 108
14 116
14 129
14 135
14 152
14 158
14 175
15 75
15 77
15 86
15 99
15 181
15 189
15 194
15 197
16 10
16 28
16 33
16 53
16 59
16 74
16 101
16 115
16 139
16 159
16 190
16 193
16 195
17 22
17 34
17 50
17 54
17 104
17 117
17 126
17 146
17 168
17 191
