0 0
0 1
0 3
0 4
0 5
0 7
0 8
0 10
0 14
0 15
0 17
0 18
0 19
0 20
0 21
0 24
0 25
0 26
0 27
0 28
0 29
0 31
0 34
0 36
0 38
0 40
0 41
0 43
0 45
0 48
0 52
0 53
0 54
0 55
0 58
0 59
0 60
0 61
0 62
0 63
0 65
0 68
0 69
0 70
0 71
0 72
0 73
0 74
0 75
0 76
0 77
0 78
0 79
0 80
0 82
0 83
0 85
0 86
0 88
0 89
0 91
0 92
0 93
0 95
0 96
0 97
0 99
0 101
0 102
0 103
0 104
0 105
0 107
0 108
0 109
0 110
0 111
0 116
0 117
0 120
0 121
0 123
0 124
0 125
0 127
0 128
0 129
0 131
0 132
0 133
0 134
0 137
0 138
0 139
0 140
0 142
0 144
0 145
0 147
0 148
0 150
0 151
0 153
0 154
0 155
0 157
0 158
0 159
0 160
0 164
0 166
0 167
0 168
0 169
0 170
0 172
0 173
0 174
0 175
0 176
0 181
0 182
0 183
0 184
0 186
0 187
0 188
0 189
0 190
0 193
0 194
0 196
0 199
1 2
1 6
1 9
1 11
1 12
1 13
1 16
1 22
1 23
1 30
1 32
1 33
1 35
1 37
1 39
1 42
1 44
1 46
1 47
1 49
1 50
1 51
1 56
1 57
1 64
1 66
1 67
1 81
1 84
1 87
1 90
1 94
1 98
1 100
1 106
1 112
1 113
1 114
1 115
1 118
1 119
1 122
1 126
1 130
1 135
1 136
1 141
1 143
1 146
1 149
1 152
1 156
1 161
1 162
1 163
1 165
1 171
1 177
1 178
1 179
1 180
1 185
1 191
1 192
1 195
1 197
1 198
