0 50
0 67
0 84
0 87
0 114
0 156
1 4
1 8
1 15
1 20
1 40
1 52
1 101
1 120
1 139
1 144
1 147
1 150
1 151
1 154
1 183
1 191
2 6
2 47
2 98
2 118
2 136
2 163
2 180
2 192
3 18
3 29
3 34
3 85
3 88
3 104
3 117
3 123
3 127
3 137
3 138
3 155
3 167
3 173
3 181
4 2
4 30
4 33
4 39
4 115
4 122
4 152
4 161
4 162
4 195
4 198
5 12
5 16
5 46
5 51
5 56
5 57
5 90
5 94
5 106
5 130
5 197
6 11
6 22
6 23
6 81
6 126
6 143
6 146
6 178
7 21
7 43
7 62
7 69
7 76
7 97
7 121
7 159
7 174
8 27
8 74
8 93
8 109
8 129
8 132
8 148
8 175
8 182
8 196
9 1
9 17
9 45
9 53
9 63
9 68
9 71
9 89
9 102
9 107
9 125
9 153
9 168
9 189
10 9
10 42
10 100
10 141
10 171
10 185
11 7
11 10
11 14
11 31
11 83
11 96
11 108
11 124
11 128
11 131
11 133
11 145
11 184
11 193
11 199
12 5
12 41
12 54
12 59
12 60
12 65
12 72
12 78
12 80
12 95
12 158
12 164
12 166
12 170
12 186
12 187
13 113
13 134
14 25
14 38
14 48
14 73
14 75
14 79
14 82
14 105
14 116
14 157
14 160
14 172
14 176
14 188
14 194
15 0
15 24
15 36
15 61
15 91
15 111
15 119
15 169
16 19
16 55
16 92
16 99
16 140
17 3
17 26
17 28
17 58
17 70
17 86
17 103
17 142
17 190
18 13
18 32
18 37
18 44
18 49
18 66
18 112
18 135
18 149
19 35
19 64
19 77
19 110
19 165
19 177
19 179
