0 1
0 3
0 4
0 10
0 15
0 27
0 28
0 33
0 35
0 38
0 39
0 40
0 43
0 47
0 48
0 49
0 53
0 55
0 59
0 63
0 64
0 66
0 68
0 70
0 71
0 73
0 74
0 75
0 77
0 79
0 82
0 84
0 86
0 89
0 93
0 97
0 101
0 105
0 106
0 108
0 114
0 115
0 116
0 117
0 124
0 129
0 130
0 134
0 135
0 139
0 144
0 152
0 158
0 159
0 163
0 169
0 174
0 175
0 185
0 188
0 189
0 190
0 193
0 194
0 195
1 2
1 5
1 8
1 12
1 13
1 16
1 17
1 18
1 19
1 20
1 22
1 23
1 26
1 29
1 30
1 31
1 34
1 37
1 41
1 42
1 45
1 50
1 51
1 54
1 57
1 60
1 62
1 65
1 67
1 69
1 72
1 76
1 78
1 80
1 81
1 87
1 88
1 91
1 92
1 94
1 95
1 103
1 104
1 109
1 112
1 113
1 118
1 119
1 120
1 122
1 125
1 126
1 127
1 131
1 132
1 133
1 136
1 137
1 138
1 140
1 141
1 142
1 145
1 146
1 147
1 150
1 151
1 154
1 155
1 157
1 161
1 162
1 164
1 165
1 166
1 167
1 168
1 170
1 171
1 172
1 176
1 178
1 182
1 184
1 186
1 191
1 192
1 196
2 0
2 6
2 7
2 9
2 11
2 14
2 21
2 24
2 25
2 32
2 36
2 44
2 46
2 52
2 56
2 58
2 61
2 83
2 85
2 90
2 96
2 98
2 99
2 100
2 102
2 107
2 110
2 111
2 121
2 123
2 128
2 143
2 148
2 149
2 153
2 156
2 160
2 173
2 177
2 179
2 180
2 181
2 183
2 187
2 197
2 198
2 199
