0 0
0 4
0 8
0 15
0 16
0 17
0 20
0 24
0 26
0 36
0 40
0 46
0 51
0 52
0 57
0 58
0 60
0 61
0 70
0 80
0 86
0 90
0 91
0 94
0 101
0 103
0 106
0 111
0 120
0 130
0 139
0 142
0 144
0 147
0 150
0 151
0 154
0 166
0 169
0 183
0 190
0 191
0 197
1 3
1 5
1 18
1 21
1 25
1 28
1 29
1 34
1 38
1 41
1 43
1 48
1 54
1 59
1 62
1 63
1 65
1 69
1 71
1 72
1 73
1 75
1 76
1 78
1 79
1 82
1 85
1 88
1 95
1 97
1 104
1 105
1 107
1 116
1 117
1 121
1 127
1 137
1 138
1 155
1 157
1 158
1 159
1 160
1 164
1 167
1 170
1 172
1 173
1 174
1 176
1 181
1 186
1 187
1 188
1 189
1 194
2 6
2 9
2 11
2 13
2 22
2 23
2 37
2 42
2 44
2 47
2 49
2 66
2 81
2 98
2 100
2 118
2 119
2 126
2 135
2 136
2 141
2 143
2 146
2 149
2 163
2 178
2 180
2 185
2 192
3 1
3 2
3 12
3 30
3 32
3 33
3 35
3 39
3 45
3 53
3 56
3 64
3 67
3 68
3 77
3 89
3 102
3 110
3 112
3 115
3 122
3 125
3 152
3 153
3 156
3 161
3 162
3 165
3 168
3 171
3 177
3 179
3 195
3 196
3 198
4 7
4 10
4 14
4 19
4 27
4 31
4 50
4 55
4 74
4 83
4 84
4 87
4 92
4 93
4 96
4 99
4 108
4 109
4 113
4 114
4 123
4 124
4 128
4 129
4 131
4 132
4 133
4 134
4 140
4 145
4 148
4 175
4 182
4 184
4 193
4 199
