0 0
0 6
0 7
0 24
0 32
0 56
0 58
0 90
0 98
0 107
0 110
0 121
0 123
0 128
0 143
0 149
0 153
0 156
0 160
0 179
0 180
0 183
0 187
1 1
1 3
1 10
1 15
1 38
1 43
1 47
1 48
1 49
1 64
1 66
1 70
1 71
1 79
1 82
1 84
1 104
1 114
1 115
1 124
1 134
1 139
1 144
1 159
1 163
1 168
1 169
1 174
1 177
1 188
1 190
1 193
2 2
2 4
2 12
2 16
2 17
2 18
2 19
2 20
2 22
2 23
2 26
2 29
2 30
2 31
2 34
2 37
2 41
2 42
2 51
2 55
2 67
2 72
2 81
2 87
2 88
2 91
2 92
2 94
2 95
2 103
2 109
2 117
2 119
2 120
2 125
2 126
2 127
2 131
2 133
2 141
2 145
2 146
2 151
2 155
2 157
2 161
2 165
2 170
2 171
2 172
2 178
2 185
2 186
2 191
2 196
3 21
3 27
3 28
3 33
3 35
3 39
3 40
3 46
3 53
3 59
3 61
3 63
3 68
3 73
3 74
3 75
3 77
3 86
3 89
3 93
3 97
3 99
3 101
3 105
3 106
3 108
3 116
3 129
3 130
3 135
3 140
3 148
3 152
3 158
3 175
3 181
3 189
3 194
3 195
3 197
4 5
4 13
4 45
4 50
4 54
4 69
4 76
4 78
4 80
4 112
4 113
4 118
4 122
4 136
4 137
4 142
4 147
4 150
4 154
4 162
4 167
4 176
4 182
4 192
5 8
5 9
5 11
5 14
5 25
5 36
5 44
5 52
5 57
5 60
5 62
5 65
5 83
5 85
5 96
5 100
5 102
5 111
5 132
5 138
5 164
5 166
5 173
5 184
5 198
5 199
