0 2
0 16
0 19
0 26
0 29
0 91
0 94
0 95
0 103
0 120
0 127
0 133
0 141
0 151
0 161
0 170
1 8
1 11
1 14
1 17
1 18
1 20
1 23
1 27
1 30
1 34
1 40
1 41
1 51
1 52
1 55
1 57
1 60
1 62
1 65
1 68
1 72
1 76
1 77
1 83
1 85
1 86
1 92
1 100
1 102
1 106
1 116
1 117
1 119
1 125
1 126
1 129
1 130
1 131
1 132
1 138
1 140
1 142
1 145
1 155
1 157
1 164
1 165
1 166
1 171
1 172
1 173
1 175
1 176
1 178
1 184
1 185
1 194
1 199
2 1
2 3
2 4
2 10
2 28
2 33
2 39
2 47
2 48
2 49
2 53
2 59
2 70
2 101
2 115
2 139
2 144
2 159
2 174
2 190
2 193
2 195
3 0
3 6
3 7
3 9
3 25
3 36
3 44
3 56
3 58
3 90
3 96
3 98
3 110
3 111
3 123
3 128
3 143
3 149
3 153
3 156
3 160
3 179
3 180
3 198
4 15
4 22
4 38
4 43
4 50
4 64
4 66
4 71
4 78
4 79
4 80
4 82
4 84
4 104
4 113
4 114
4 118
4 124
4 134
4 136
4 146
4 147
4 154
4 163
4 168
4 169
4 177
4 188
4 191
5 21
5 24
5 32
5 35
5 46
5 61
5 63
5 73
5 74
5 75
5 89
5 93
5 97
5 99
5 105
5 107
5 108
5 121
5 135
5 148
5 152
5 158
5 181
5 183
5 187
5 189
5 197
6 5
6 12
6 13
6 31
6 37
6 42
6 45
6 54
6 67
6 69
6 81
6 87
6 88
6 109
6 112
6 122
6 137
6 150
6 162
6 167
6 182
6 186
6 192
6 196
