0 3
0 18
0 19
0 29
0 34
0 55
0 70
0 83
0 85
0 88
0 92
0 104
0 117
0 123
0 124
0 131
0 137
0 138
0 148
0 155
0 160
0 173
0 175
0 181
0 184
0 188
0 199
1 4
1 8
1 12
1 15
1 16
1 20
1 40
1 46
1 51
1 52
1 57
1 81
1 86
1 90
1 94
1 101
1 106
1 120
1 130
1 139
1 143
1 144
1 147
1 150
1 183
1 191
1 197
2 6
2 9
2 22
2 23
2 37
2 42
2 44
2 47
2 49
2 98
2 100
2 118
2 126
2 136
2 146
2 149
2 163
2 178
2 180
2 185
2 192
3 7
3 10
3 14
3 31
3 87
3 96
3 99
3 108
3 113
3 128
3 133
3 134
3 140
3 145
3 193
4 2
4 30
4 32
4 33
4 39
4 50
4 56
4 64
4 67
4 84
4 112
4 114
4 115
4 122
4 135
4 141
4 152
4 156
4 161
4 162
4 165
4 171
4 177
4 195
4 198
5 1
5 17
5 27
5 35
5 45
5 53
5 63
5 68
5 71
5 74
5 77
5 89
5 93
5 102
5 107
5 109
5 110
5 125
5 129
5 132
5 153
5 168
5 179
5 182
5 189
5 196
6 0
6 11
6 13
6 24
6 26
6 36
6 58
6 60
6 61
6 66
6 91
6 103
6 111
6 119
6 142
6 151
6 169
6 190
7 5
7 21
7 25
7 28
7 38
7 41
7 43
7 48
7 54
7 59
7 62
7 65
7 69
7 72
7 73
7 75
7 76
7 78
7 79
7 80
7 82
7 95
7 97
7 105
7 116
7 121
7 127
7 154
7 157
7 158
7 159
7 164
7 166
7 167
7 170
7 172
7 174
7 176
7 186
7 187
7 194
