0 2
0 17
0 18
0 23
0 24
0 27
0 52
0 62
0 66
0 113
0 120
0 124
0 130
0 137
0 146
0 153
0 176
0 177
0 188
0 214
0 222
0 231
0 235
0 249
0 252
0 262
0 265
0 266
0 268
0 269
0 276
0 288
0 294
0 297
0 300
0 304
0 317
0 321
0 322
0 325
0 338
0 339
0 348
0 370
0 380
0 383
1 9
1 11
1 38
1 41
1 46
1 48
1 61
1 63
1 64
1 65
1 73
1 76
1 86
1 90
1 98
1 102
1 105
1 110
1 114
1 125
1 165
1 171
1 173
1 182
1 186
1 203
1 224
1 243
1 245
1 248
1 283
1 285
1 301
1 316
1 320
1 323
1 324
1 327
1 328
1 329
1 341
1 343
1 349
1 353
1 369
1 392
1 394
1 398
2 3
2 4
2 22
2 26
2 28
2 32
2 42
2 49
2 54
2 56
2 67
2 72
2 81
2 82
2 116
2 118
2 119
2 121
2 164
2 167
2 179
2 216
2 227
2 230
2 232
2 256
2 261
2 267
2 277
2 278
2 319
2 332
2 347
2 356
2 364
2 371
2 376
2 387
3 0
3 7
3 19
3 29
3 30
3 34
3 101
3 117
3 128
3 138
3 168
3 187
3 192
3 215
3 228
3 257
3 282
3 289
3 295
3 309
3 362
3 373
3 374
4 1
4 21
4 40
4 44
4 50
4 55
4 60
4 68
4 69
4 74
4 84
4 95
4 96
4 99
4 103
4 108
4 112
4 115
4 132
4 133
4 134
4 141
4 148
4 154
4 155
4 160
4 184
4 190
4 195
4 198
4 204
4 206
4 209
4 210
4 229
4 234
4 240
4 254
4 270
4 275
4 281
4 284
4 290
4 292
4 293
4 296
4 310
4 311
4 330
4 344
4 351
4 358
4 368
4 377
4 384
4 391
4 395
4 397
5 6
5 14
5 25
5 35
5 77
5 91
5 100
5 135
5 143
5 163
5 166
5 183
5 201
5 241
5 242
5 247
5 253
5 259
5 263
5 272
5 287
5 302
5 303
5 314
5 340
5 350
5 381
5 382
5 385
5 399
6 10
6 15
6 39
6 57
6 58
6 75
6 78
6 83
6 89
6 94
6 97
6 140
6 152
6 161
6 169
6 170
6 178
6 181
6 194
6 199
6 217
6 225
6 237
6 258
6 273
6 280
6 286
6 299
6 305
6 313
6 334
6 342
6 355
6 357
7 5
7 13
7 16
7 20
7 37
7 45
7 47
7 53
7 79
7 85
7 87
7 92
7 107
7 109
7 111
7 122
7 126
7 127
7 129
7 131
7 136
7 142
7 144
7 145
7 147
7 151
7 159
7 172
7 189
7 191
7 197
7 207
7 208
7 213
7 218
7 221
7 226
7 244
7 246
7 251
7 255
7 274
7 306
7 331
7 333
7 336
7 337
7 352
7 360
7 361
7 363
7 367
7 375
7 378
7 386
7 390
7 396
8 8
8 12
8 31
8 71
8 80
8 93
8 104
8 106
8 123
8 139
8 149
8 158
8 162
8 180
8 185
8 193
8 196
8 202
8 205
8 212
8 220
8 236
8 238
8 239
8 250
8 264
8 307
8 308
8 318
8 345
8 359
8 372
8 379
8 388
8 389
9 33
9 36
9 43
9 51
9 59
9 70
9 88
9 150
9 156
9 157
9 174
9 175
9 200
9 211
9 219
9 223
9 233
9 260
9 271
9 279
9 291
9 298
9 312
9 315
9 326
9 335
9 346
9 354
9 365
9 366
9 393
