0 16
0 25
0 26
0 32
0 69
0 79
0 82
0 97
0 98
0 105
0 106
0 113
0 115
0 116
0 123
0 130
0 132
0 134
0 142
0 156
0 161
0 183
0 194
1 19
1 30
1 37
1 38
1 52
1 53
1 67
1 74
1 90
1 91
1 111
1 112
1 118
1 170
2 5
2 9
2 11
2 20
2 33
2 34
2 35
2 36
2 46
2 50
2 55
2 60
2 77
2 78
2 83
2 89
2 114
2 127
2 141
2 143
2 149
2 179
2 186
2 193
3 7
3 12
3 28
3 66
3 80
3 92
3 100
3 129
3 152
3 154
3 174
3 182
3 191
3 196
4 1
4 2
4 6
4 10
4 14
4 17
4 22
4 23
4 27
4 29
4 43
4 47
4 48
4 54
4 61
4 70
4 71
4 73
4 81
4 84
4 86
4 87
4 95
4 102
4 104
4 107
4 117
4 122
4 125
4 126
4 139
4 140
4 144
4 148
4 150
4 160
4 163
4 164
4 168
4 169
4 172
4 173
4 177
4 178
4 180
4 184
4 187
4 188
4 189
4 192
4 198
5 13
5 31
5 39
5 44
5 56
5 65
5 76
5 151
5 197
6 4
6 24
6 51
6 88
6 110
6 133
6 135
6 136
6 138
6 145
6 147
6 155
6 162
6 166
6 181
6 185
7 58
7 103
8 3
8 75
8 85
8 99
8 121
8 153
8 190
8 195
9 0
9 8
9 18
9 21
9 42
9 49
9 62
9 63
9 64
9 68
9 72
9 124
9 137
9 146
9 159
9 171
10 15
10 40
10 41
10 45
10 57
10 59
10 93
10 94
10 96
10 101
10 108
10 109
10 119
10 120
10 128
10 131
10 157
10 158
10 165
10 167
10 175
10 176
10 199
