0 0
0 13
0 16
0 85
0 99
0 109
0 119
0 126
0 130
0 157
0 165
0 170
0 174
0 191
0 204
0 207
0 220
0 301
0 302
0 309
0 316
0 323
0 326
0 328
0 333
0 354
0 368
0 374
0 376
0 392
0 394
1 1
1 4
1 5
1 10
1 18
1 36
1 53
1 56
1 59
1 64
1 68
1 72
1 74
1 83
1 93
1 94
1 97
1 113
1 114
1 125
1 132
1 133
1 134
1 142
1 144
1 148
1 154
1 159
1 160
1 161
1 163
1 169
1 200
1 212
1 227
1 233
1 242
1 243
1 251
1 254
1 256
1 262
1 264
1 267
1 269
1 277
1 278
1 292
1 298
1 300
1 306
1 322
1 338
1 341
1 342
1 344
1 347
1 349
1 364
1 367
1 370
1 371
1 377
1 381
1 382
1 388
1 389
1 397
1 398
2 32
2 35
2 37
2 44
2 63
2 65
2 87
2 110
2 136
2 137
2 146
2 162
2 172
2 175
2 181
2 183
2 192
2 197
2 206
2 209
2 216
2 225
2 229
2 232
2 247
2 259
2 273
2 280
2 284
2 296
2 299
2 337
2 378
2 390
2 391
3 2
3 11
3 12
3 71
3 76
3 77
3 91
3 95
3 100
3 103
3 104
3 117
3 135
3 138
3 140
3 145
3 171
3 193
3 196
3 208
3 235
3 239
3 252
3 272
3 279
3 291
3 314
3 360
3 379
3 383
4 6
4 20
4 21
4 40
4 75
4 78
4 81
4 86
4 88
4 96
4 111
4 116
4 124
4 128
4 167
4 173
4 211
4 218
4 238
4 246
4 253
4 271
4 297
4 327
4 335
4 356
4 380
5 7
5 8
5 26
5 29
5 33
5 43
5 45
5 48
5 58
5 61
5 80
5 84
5 121
5 149
5 179
5 194
5 224
5 226
5 230
5 260
5 263
5 285
5 313
5 317
5 329
5 334
5 346
5 353
5 357
5 372
5 373
5 384
6 15
6 24
6 55
6 73
6 127
6 195
6 249
6 265
6 289
6 294
6 307
6 345
7 17
7 38
7 41
7 49
7 98
7 105
7 153
7 189
7 199
7 214
7 331
7 355
7 358
8 19
8 31
8 70
8 107
8 139
8 185
8 203
8 210
8 241
8 248
8 261
8 283
8 311
8 312
8 324
8 330
8 332
8 340
8 350
8 369
8 385
9 22
9 30
9 51
9 92
9 101
9 123
9 129
9 147
9 166
9 180
9 190
9 201
9 213
9 219
9 228
9 281
9 286
9 287
9 288
9 304
9 315
9 359
9 386
9 393
9 395
10 23
10 46
10 52
10 60
10 66
10 89
10 90
10 102
10 108
10 122
10 168
10 177
10 178
10 182
10 186
10 202
10 205
10 234
10 245
10 257
10 258
10 275
10 290
10 308
10 310
10 318
10 320
10 343
10 348
10 351
10 362
10 366
11 3
11 9
11 34
11 39
11 42
11 54
11 62
11 67
11 69
11 82
11 106
11 115
11 118
11 131
11 141
11 156
11 158
11 164
11 187
11 188
11 198
11 217
11 222
11 231
11 237
11 255
11 266
11 268
11 274
11 282
11 295
11 305
11 321
11 336
11 352
11 361
11 363
11 365
11 387
11 399
12 14
12 25
12 27
12 28
12 47
12 50
12 57
12 79
12 112
12 120
12 143
12 150
12 151
12 152
12 155
12 176
12 184
12 215
12 221
12 223
12 236
12 240
12 244
12 250
12 270
12 276
12 293
12 303
12 319
12 325
12 339
12 375
12 396
