0 3
0 12
0 85
0 93
0 99
0 121
0 153
0 165
0 167
0 174
0 190
0 196
1 4
1 17
1 34
1 37
1 38
1 50
1 51
1 53
1 87
1 88
1 91
1 107
1 118
1 138
1 155
1 180
2 0
2 8
2 18
2 21
2 28
2 42
2 49
2 62
2 64
2 66
2 72
2 124
2 137
2 141
2 146
2 159
2 171
3 1
3 2
3 6
3 10
3 14
3 22
3 27
3 29
3 43
3 47
3 48
3 54
3 61
3 70
3 73
3 81
3 84
3 86
3 104
3 117
3 122
3 125
3 126
3 139
3 140
3 144
3 148
3 150
3 163
3 164
3 169
3 172
3 173
3 177
3 184
3 188
3 192
3 198
4 13
4 31
4 39
4 44
4 56
4 65
4 76
4 197
5 98
5 105
5 106
5 134
5 156
5 183
6 15
6 23
6 41
6 57
6 71
6 94
6 95
6 101
6 102
6 109
6 119
6 128
6 158
6 160
6 168
6 175
6 176
6 178
6 189
6 199
7 16
7 25
7 26
7 32
7 59
7 75
7 115
7 194
7 195
8 58
8 103
9 19
9 30
9 52
9 67
9 74
9 90
9 111
9 112
9 170
10 24
10 110
10 133
10 135
10 136
10 145
10 147
10 162
10 166
10 181
10 185
11 5
11 20
11 40
11 45
11 55
11 69
11 79
11 82
11 96
11 97
11 108
11 113
11 116
11 120
11 123
11 127
11 130
11 131
11 132
11 142
11 149
11 157
11 161
11 187
12 9
12 11
12 33
12 35
12 36
12 46
12 60
12 63
12 68
12 77
12 78
12 83
12 89
12 114
12 143
12 151
12 179
12 186
12 193
13 7
13 80
13 92
13 100
13 129
13 152
13 154
13 182
13 191
