0 4
0 12
0 13
0 34
0 56
0 91
0 97
0 100
0 102
0 105
0 107
0 119
0 121
0 126
0 144
0 161
0 164
0 167
0 174
0 179
0 185
0 195
0 202
0 212
0 217
0 222
0 224
0 227
0 230
0 241
0 251
0 262
0 269
0 273
0 276
0 278
0 287
0 290
0 303
0 328
0 341
0 342
0 352
0 358
0 359
0 364
0 365
0 369
0 370
0 371
0 373
0 380
0 386
0 395
1 2
1 5
1 15
1 20
1 23
1 24
1 37
1 71
1 78
1 108
1 112
1 116
1 134
1 135
1 138
1 152
1 189
1 214
1 218
1 228
1 232
1 245
1 284
1 308
1 348
1 362
1 392
2 8
2 16
2 59
2 81
2 85
2 115
2 127
2 129
2 142
2 181
2 207
2 368
3 25
3 35
3 38
3 39
3 47
3 50
3 51
3 73
3 88
3 92
3 95
3 118
3 120
3 128
3 140
3 147
3 149
3 162
3 177
3 183
3 196
3 203
3 215
3 233
3 244
3 247
3 248
3 254
3 258
3 259
3 261
3 275
3 277
3 280
3 282
3 285
3 289
3 300
3 325
3 329
3 343
3 345
3 353
3 357
3 376
3 390
4 3
4 11
4 41
4 76
4 80
4 82
4 84
4 109
4 110
4 130
4 132
4 137
4 236
4 249
4 263
4 281
4 288
4 301
4 302
4 306
4 323
4 377
4 379
4 383
4 399
5 53
5 60
5 61
5 66
5 69
5 87
5 111
5 114
5 133
5 143
5 168
5 180
5 184
5 192
5 225
5 226
5 243
5 257
5 260
5 283
5 295
5 298
5 309
5 313
5 350
5 367
5 378
5 381
5 393
6 0
6 36
6 46
6 77
6 79
6 99
6 141
6 170
6 176
6 216
6 238
6 240
6 250
6 268
6 296
6 332
6 338
6 339
6 354
6 375
6 394
7 9
7 62
7 72
7 83
7 123
7 146
7 182
7 221
7 316
7 317
7 388
8 28
8 40
8 103
8 145
8 153
8 172
8 193
8 194
8 253
8 294
8 307
8 319
8 336
8 374
8 398
9 1
9 10
9 19
9 27
9 29
9 30
9 42
9 54
9 57
9 65
9 70
9 74
9 90
9 94
9 101
9 122
9 125
9 139
9 173
9 197
9 205
9 234
9 270
9 299
9 304
9 326
9 337
9 361
10 21
10 22
10 33
10 43
10 44
10 48
10 63
10 86
10 104
10 106
10 113
10 117
10 124
10 131
10 136
10 148
10 151
10 156
10 158
10 159
10 160
10 178
10 186
10 187
10 198
10 206
10 209
10 213
10 220
10 229
10 231
10 242
10 246
10 255
10 271
10 274
10 291
10 293
10 305
10 311
10 312
10 314
10 318
10 321
10 322
10 324
10 330
10 334
10 346
10 347
10 351
10 355
10 356
10 366
10 372
10 382
10 385
10 391
11 7
11 49
11 64
11 67
11 93
11 96
11 157
11 165
11 190
11 199
11 200
11 204
11 235
11 264
11 265
11 266
11 363
11 387
12 55
12 201
12 208
13 17
13 26
13 32
13 45
13 58
13 75
13 98
13 154
13 171
13 191
13 210
13 237
13 239
13 252
13 267
13 272
13 279
13 286
13 310
13 320
13 331
13 333
13 360
13 384
13 389
14 6
14 14
14 18
14 31
14 52
14 68
14 89
14 150
14 155
14 163
14 166
14 169
14 175
14 188
14 211
14 219
14 223
14 256
14 292
14 297
14 315
14 327
14 335
14 340
14 344
14 349
14 396
14 397
