0 43
0 64
0 65
0 88
0 110
0 125
0 150
0 157
0 174
0 175
0 211
0 224
0 233
0 245
0 248
0 260
0 312
0 315
0 320
0 324
0 326
0 328
0 349
0 369
0 392
0 393
1 40
1 44
1 67
1 74
1 84
1 95
1 108
1 133
1 148
1 151
1 154
1 155
1 184
1 195
1 206
1 209
1 210
1 229
1 232
1 296
1 330
1 351
1 384
2 5
2 13
2 16
2 20
2 37
2 45
2 47
2 53
2 79
2 87
2 92
2 111
2 126
2 127
2 129
2 131
2 135
2 136
2 142
2 144
2 147
2 172
2 191
2 197
2 213
2 218
2 221
2 226
2 244
2 246
2 251
2 255
2 274
2 303
2 306
2 331
2 333
2 352
2 360
2 361
2 363
2 375
2 376
2 390
2 396
3 7
3 30
3 33
3 34
3 36
3 51
3 70
3 101
3 117
3 156
3 168
3 192
3 200
3 219
3 223
3 228
3 257
3 271
3 289
3 291
3 298
3 309
3 335
3 346
3 354
3 362
3 365
3 366
3 373
3 374
4 6
4 113
4 176
4 249
4 252
4 269
4 297
4 321
4 380
5 1
5 21
5 50
5 60
5 71
5 96
5 104
5 112
5 123
5 132
5 141
5 158
5 160
5 190
5 198
5 220
5 234
5 238
5 239
5 240
5 270
5 281
5 284
5 292
5 293
5 308
5 344
5 345
5 368
5 388
5 389
5 397
6 10
6 15
6 83
6 97
6 137
6 140
6 214
6 217
6 258
6 268
6 273
6 286
6 299
6 300
6 322
6 334
6 339
6 348
6 382
7 14
7 39
7 49
7 57
7 58
7 75
7 78
7 89
7 94
7 152
7 161
7 169
7 170
7 178
7 181
7 194
7 199
7 225
7 237
7 280
7 305
7 313
7 342
7 355
7 357
8 19
8 25
8 35
8 77
8 91
8 100
8 143
8 163
8 166
8 183
8 201
8 241
8 259
8 263
8 272
8 279
8 287
8 302
8 314
8 340
8 350
8 381
8 385
9 2
9 18
9 23
9 59
9 62
9 66
9 68
9 107
9 109
9 115
9 120
9 122
9 124
9 130
9 134
9 146
9 153
9 177
9 207
9 222
9 231
9 235
9 275
9 276
9 294
9 304
9 310
9 325
9 338
9 358
9 370
10 17
10 24
10 27
10 52
10 162
10 180
10 188
10 212
10 262
10 264
10 265
10 266
10 288
10 307
10 317
10 383
11 9
11 41
11 46
11 48
11 61
11 63
11 73
11 76
11 90
11 102
11 105
11 138
11 165
11 171
11 173
11 186
11 285
11 301
11 316
11 323
11 327
11 341
11 343
11 394
12 0
12 29
12 85
12 128
12 145
12 187
12 189
12 208
12 215
12 242
12 247
12 253
12 282
12 295
12 367
12 378
12 386
12 399
13 8
13 12
13 31
13 80
13 93
13 106
13 139
13 149
13 185
13 193
13 196
13 202
13 205
13 250
13 318
13 359
13 372
13 379
14 3
14 4
14 22
14 26
14 28
14 32
14 42
14 54
14 56
14 72
14 81
14 82
14 116
14 118
14 119
14 121
14 164
14 167
14 179
14 216
14 227
14 230
14 256
14 261
14 267
14 277
14 278
14 319
14 332
14 347
14 356
14 364
14 371
14 387
15 11
15 38
15 55
15 69
15 86
15 98
15 99
15 103
15 114
15 159
15 182
15 203
15 204
15 236
15 243
15 254
15 283
15 290
15 311
15 329
15 336
15 337
15 353
15 377
15 391
15 395
15 398
