0 4
0 37
0 38
0 53
0 71
0 87
0 91
0 95
0 102
0 107
0 138
0 147
0 160
0 178
0 180
0 189
1 18
1 49
1 76
1 124
1 171
2 5
2 11
2 17
2 20
2 33
2 34
2 35
2 36
2 46
2 50
2 55
2 78
2 83
2 89
2 113
2 114
2 118
2 120
2 127
2 143
2 149
2 186
2 193
3 69
3 79
3 98
3 105
3 106
3 116
3 123
3 130
3 132
3 133
3 134
3 142
3 145
3 156
3 161
3 183
3 185
4 12
4 75
4 80
4 85
4 131
4 152
4 167
4 174
4 196
5 15
5 40
5 41
5 45
5 57
5 62
5 94
5 96
5 101
5 108
5 109
5 119
5 128
5 157
5 158
5 168
5 175
5 176
5 199
6 7
6 92
6 100
6 129
6 154
6 182
6 191
7 6
7 10
7 14
7 27
7 54
7 61
7 86
7 90
7 111
7 112
7 139
7 163
7 173
7 184
7 188
8 9
8 60
8 63
8 65
8 68
8 74
8 77
8 146
8 151
9 16
9 25
9 26
9 32
9 59
9 82
9 97
9 115
9 194
9 195
10 0
10 8
10 21
10 28
10 42
10 66
10 137
10 141
10 159
10 179
11 13
11 31
11 39
11 44
11 56
11 197
12 1
12 2
12 22
12 23
12 29
12 43
12 47
12 48
12 70
12 73
12 81
12 84
12 104
12 117
12 122
12 125
12 126
12 140
12 144
12 148
12 150
12 164
12 169
12 172
12 177
12 187
12 192
12 198
13 24
13 51
13 88
13 110
13 135
13 136
13 155
13 162
13 166
13 181
14 19
14 30
14 52
14 67
14 170
15 58
15 103
16 3
16 64
16 72
16 93
16 99
16 121
16 153
16 165
16 190
