0 6
0 52
0 150
0 163
0 175
0 188
0 219
0 223
0 256
0 292
0 297
0 315
0 327
0 335
0 340
0 342
0 344
0 352
0 396
1 20
1 28
1 60
1 61
1 111
1 114
1 116
1 172
1 180
1 184
1 215
1 226
1 233
1 243
1 295
1 313
1 353
1 374
2 25
2 33
2 39
2 50
2 92
2 95
2 113
2 120
2 140
2 149
2 183
2 196
2 198
2 244
2 248
2 254
2 255
2 258
2 261
2 275
2 280
2 291
2 305
2 318
2 329
2 343
2 376
2 385
3 5
3 8
3 11
3 41
3 76
3 82
3 130
3 132
3 137
3 263
3 281
3 288
3 302
3 306
3 323
3 379
3 383
4 36
4 42
4 62
4 72
4 106
4 141
4 151
4 176
4 220
4 235
4 240
4 250
4 264
4 270
4 293
4 296
4 317
4 332
4 338
4 354
4 361
5 55
5 201
5 208
5 218
6 16
6 59
6 81
6 85
6 115
6 127
6 129
6 142
6 207
6 368
7 17
7 26
7 32
7 58
7 75
7 78
7 80
7 84
7 98
7 108
7 110
7 154
7 191
7 210
7 214
7 232
7 237
7 239
7 249
7 267
7 272
7 279
7 286
7 301
7 320
7 331
7 333
7 360
7 384
7 389
8 4
8 12
8 13
8 14
8 34
8 56
8 91
8 97
8 100
8 102
8 105
8 107
8 119
8 121
8 126
8 144
8 164
8 167
8 169
8 174
8 179
8 185
8 195
8 202
8 211
8 212
8 217
8 222
8 224
8 227
8 230
8 231
8 241
8 251
8 262
8 269
8 273
8 276
8 278
8 287
8 290
8 328
8 341
8 358
8 359
8 364
8 365
8 369
8 370
8 371
8 380
8 386
8 395
9 9
9 83
9 123
9 146
9 182
9 221
9 309
9 316
9 388
10 0
10 3
10 46
10 77
10 79
10 99
10 109
10 170
10 216
10 236
10 238
10 268
10 339
10 375
10 377
10 394
10 399
11 40
11 103
11 145
11 153
11 193
11 194
11 253
11 294
11 307
11 319
11 336
11 398
12 23
12 112
12 134
12 135
12 181
12 308
12 392
13 2
13 15
13 24
13 37
13 38
13 45
13 71
13 88
13 117
13 136
13 138
13 147
13 152
13 171
13 189
13 203
13 213
13 228
13 245
13 247
13 284
13 310
13 334
13 348
13 362
14 53
14 66
14 69
14 87
14 168
14 257
14 260
14 283
14 298
14 350
14 378
14 381
14 393
15 10
15 19
15 27
15 29
15 30
15 54
15 57
15 65
15 74
15 90
15 94
15 101
15 122
15 125
15 139
15 173
15 197
15 234
15 299
15 304
15 337
16 18
16 31
16 43
16 44
16 63
16 68
16 73
16 86
16 89
16 104
16 148
16 155
16 156
16 158
16 160
16 161
16 166
16 178
16 186
16 187
16 209
16 229
16 246
16 252
16 274
16 303
16 311
16 314
16 322
16 324
16 330
16 346
16 347
16 349
16 351
16 355
16 356
16 366
16 373
16 390
16 397
17 7
17 21
17 22
17 48
17 49
17 64
17 67
17 93
17 96
17 124
17 131
17 157
17 159
17 165
17 190
17 199
17 200
17 204
17 206
17 242
17 265
17 266
17 271
17 312
17 321
17 363
17 372
17 382
17 387
17 391
18 1
18 35
18 47
18 51
18 70
18 118
18 128
18 133
18 143
18 162
18 177
18 192
18 205
18 225
18 259
18 277
18 282
18 285
18 289
18 300
18 325
18 326
18 345
18 357
18 367
