0 3
0 6
0 9
0 20
0 22
0 25
0 27
0 30
0 32
0 34
0 37
0 39
0 40
0 42
0 44
0 47
0 50
0 51
0 53
0 54
0 62
0 63
0 67
0 69
0 75
0 78
0 79
0 82
0 88
0 92
0 96
0 101
0 106
0 110
0 115
0 116
0 118
0 120
0 123
0 124
0 126
0 128
0 129
0 131
0 137
0 141
0 147
0 150
0 151
0 152
0 156
0 158
0 164
0 165
0 166
0 167
0 169
0 170
0 173
0 175
0 176
0 180
0 183
0 187
0 188
0 190
0 192
0 197
0 198
0 201
0 206
0 213
0 215
0 217
0 218
0 219
0 220
0 221
0 222
0 223
0 228
0 231
0 237
0 238
0 244
0 246
0 250
0 253
0 255
0 266
0 268
0 271
0 273
0 274
0 276
0 280
0 281
0 282
0 286
0 287
0 288
0 293
0 295
0 304
0 305
0 315
0 316
0 319
0 321
0 326
0 327
0 335
0 336
0 337
0 339
0 352
0 356
0 359
0 361
0 363
0 365
0 368
0 375
0 376
0 378
0 380
0 386
0 387
0 393
0 395
0 399
1 0
1 1
1 2
1 4
1 5
1 7
1 8
1 10
1 11
1 12
1 13
1 14
1 15
1 16
1 17
1 18
1 19
1 21
1 23
1 24
1 26
1 28
1 29
1 31
1 33
1 35
1 36
1 38
1 41
1 43
1 45
1 46
1 48
1 49
1 52
1 55
1 56
1 57
1 58
1 59
1 60
1 61
1 64
1 65
1 66
1 68
1 70
1 71
1 72
1 73
1 74
1 76
1 77
1 80
1 81
1 83
1 84
1 85
1 86
1 87
1 89
1 90
1 91
1 93
1 94
1 95
1 97
1 98
1 99
1 100
1 102
1 103
1 104
1 105
1 107
1 108
1 109
1 111
1 112
1 113
1 114
1 117
1 119
1 121
1 122
1 125
1 127
1 130
1 132
1 133
1 134
1 135
1 136
1 138
1 139
1 140
1 142
1 143
1 144
1 145
1 146
1 148
1 149
1 153
1 154
1 155
1 157
1 159
1 160
1 161
1 162
1 163
1 168
1 171
1 172
1 174
1 177
1 178
1 179
1 181
1 182
1 184
1 185
1 186
1 189
1 191
1 193
1 194
1 195
1 196
1 199
1 200
1 202
1 203
1 204
1 205
1 207
1 208
1 209
1 210
1 211
1 212
1 214
1 216
1 224
1 225
1 226
1 227
1 229
1 230
1 232
1 233
1 234
1 235
1 236
1 239
1 240
1 241
1 242
1 243
1 245
1 247
1 248
1 249
1 251
1 252
1 254
1 256
1 257
1 258
1 259
1 260
1 261
1 262
1 263
1 264
1 265
1 267
1 269
1 270
1 272
1 275
1 277
1 278
1 279
1 283
1 284
1 285
1 289
1 290
1 291
1 292
1 294
1 296
1 297
1 298
1 299
1 300
1 301
1 302
1 303
1 306
1 307
1 308
1 309
1 310
1 311
1 312
1 313
1 314
1 317
1 318
1 320
1 322
1 323
1 324
1 325
1 328
1 329
1 330
1 331
1 332
1 333
1 334
1 338
1 340
1 341
1 342
1 343
1 344
1 345
1 346
1 347
1 348
1 349
1 350
1 351
1 353
1 354
1 355
1 357
1 358
1 360
1 362
1 364
1 366
1 367
1 369
1 370
1 371
1 372
1 373
1 374
1 377
1 379
1 381
1 382
1 383
1 384
1 385
1 388
1 389
1 390
1 391
1 392
1 394
1 396
1 397
1 398
