0 3
0 4
0 5
0 6
0 10
0 13
0 14
0 15
0 16
0 20
0 22
0 26
0 28
0 32
0 35
0 37
0 39
0 42
0 45
0 47
0 49
0 53
0 54
0 56
0 57
0 58
0 67
0 72
0 75
0 78
0 79
0 81
0 82
0 83
0 87
0 89
0 91
0 92
0 94
0 97
0 100
0 107
0 109
0 111
0 116
0 118
0 119
0 121
0 122
0 126
0 127
0 129
0 131
0 135
0 136
0 140
0 142
0 143
0 144
0 147
0 151
0 152
0 161
0 163
0 164
0 166
0 167
0 169
0 170
0 172
0 178
0 179
0 181
0 189
0 191
0 194
0 197
0 199
0 207
0 208
0 213
0 216
0 217
0 218
0 221
0 225
0 226
0 227
0 230
0 231
0 235
0 237
0 244
0 246
0 247
0 251
0 252
0 255
0 256
0 258
0 261
0 263
0 267
0 268
0 273
0 274
0 277
0 278
0 280
0 286
0 287
0 297
0 302
0 303
0 305
0 306
0 313
0 319
0 322
0 331
0 332
0 333
0 334
0 337
0 338
0 339
0 340
0 342
0 347
0 350
0 352
0 355
0 356
0 357
0 360
0 361
0 363
0 364
0 367
0 371
0 375
0 376
0 378
0 382
0 385
0 386
0 387
0 390
0 396
1 0
1 7
1 9
1 18
1 19
1 25
1 29
1 30
1 33
1 34
1 36
1 41
1 43
1 48
1 51
1 59
1 70
1 76
1 77
1 85
1 88
1 101
1 110
1 113
1 117
1 128
1 138
1 145
1 150
1 156
1 157
1 168
1 174
1 175
1 176
1 183
1 187
1 192
1 200
1 201
1 211
1 215
1 219
1 223
1 224
1 228
1 233
1 241
1 242
1 249
1 253
1 257
1 259
1 260
1 265
1 271
1 272
1 279
1 282
1 289
1 291
1 295
1 298
1 301
1 309
1 312
1 314
1 315
1 316
1 321
1 326
1 328
1 335
1 341
1 346
1 354
1 362
1 365
1 366
1 373
1 374
1 380
1 381
1 392
1 393
1 394
1 399
2 1
2 2
2 8
2 11
2 12
2 17
2 21
2 23
2 24
2 27
2 31
2 38
2 40
2 44
2 46
2 50
2 52
2 55
2 60
2 61
2 62
2 63
2 64
2 65
2 66
2 68
2 69
2 71
2 73
2 74
2 80
2 84
2 86
2 90
2 93
2 95
2 96
2 98
2 99
2 102
2 103
2 104
2 105
2 106
2 108
2 112
2 114
2 115
2 120
2 123
2 124
2 125
2 130
2 132
2 133
2 134
2 137
2 139
2 141
2 146
2 148
2 149
2 153
2 154
2 155
2 158
2 159
2 160
2 162
2 165
2 171
2 173
2 177
2 180
2 182
2 184
2 185
2 186
2 188
2 190
2 193
2 195
2 196
2 198
2 202
2 203
2 204
2 205
2 206
2 209
2 210
2 212
2 214
2 220
2 222
2 229
2 232
2 234
2 236
2 238
2 239
2 240
2 243
2 245
2 248
2 250
2 254
2 262
2 264
2 266
2 269
2 270
2 275
2 276
2 281
2 283
2 284
2 285
2 288
2 290
2 292
2 293
2 294
2 296
2 299
2 300
2 304
2 307
2 308
2 310
2 311
2 317
2 318
2 320
2 323
2 324
2 325
2 327
2 329
2 330
2 336
2 343
2 344
2 345
2 348
2 349
2 351
2 353
2 358
2 359
2 368
2 369
2 370
2 372
2 377
2 379
2 383
2 384
2 388
2 389
2 391
2 395
2 397
2 398
