0 6
0 7
0 20
0 21
0 26
0 29
0 33
0 35
0 40
0 45
0 58
0 65
0 75
0 78
0 81
0 86
0 88
0 96
0 111
0 116
0 121
0 124
0 128
0 136
0 162
0 167
0 172
0 173
0 175
0 179
0 190
0 197
0 201
0 206
0 211
0 216
0 218
0 219
0 225
0 226
0 228
0 229
0 230
0 232
0 238
0 246
0 247
0 253
0 259
0 263
0 271
0 273
0 296
0 297
0 299
0 312
0 313
0 315
0 327
0 334
0 335
0 337
0 346
0 356
0 357
0 359
0 378
0 380
0 393
0 395
1 0
1 1
1 3
1 5
1 9
1 13
1 14
1 16
1 18
1 22
1 25
1 27
1 28
1 30
1 32
1 34
1 37
1 39
1 42
1 44
1 47
1 50
1 51
1 53
1 54
1 56
1 57
1 59
1 62
1 63
1 64
1 67
1 69
1 72
1 79
1 82
1 83
1 85
1 87
1 92
1 94
1 97
1 99
1 101
1 106
1 109
1 110
1 112
1 115
1 118
1 119
1 120
1 123
1 126
1 129
1 130
1 131
1 133
1 137
1 141
1 142
1 143
1 144
1 146
1 147
1 148
1 150
1 151
1 152
1 155
1 156
1 157
1 158
1 159
1 163
1 164
1 165
1 166
1 169
1 176
1 180
1 181
1 183
1 184
1 187
1 188
1 191
1 192
1 198
1 200
1 204
1 207
1 213
1 215
1 217
1 220
1 221
1 222
1 223
1 231
1 236
1 237
1 240
1 242
1 244
1 250
1 251
1 254
1 255
1 256
1 264
1 266
1 268
1 269
1 270
1 274
1 276
1 280
1 282
1 286
1 287
1 288
1 293
1 295
1 301
1 303
1 304
1 305
1 306
1 309
1 316
1 319
1 321
1 323
1 325
1 328
1 333
1 336
1 338
1 339
1 341
1 342
1 352
1 354
1 361
1 363
1 364
1 365
1 367
1 370
1 371
1 375
1 376
1 381
1 382
1 385
1 386
1 387
1 388
1 391
1 394
1 396
1 398
1 399
2 4
2 10
2 11
2 15
2 19
2 23
2 24
2 31
2 36
2 46
2 52
2 55
2 60
2 61
2 66
2 68
2 70
2 73
2 74
2 80
2 84
2 89
2 90
2 93
2 95
2 102
2 107
2 108
2 113
2 114
2 122
2 125
2 127
2 132
2 134
2 135
2 139
2 145
2 154
2 160
2 161
2 168
2 177
2 178
2 182
2 185
2 186
2 195
2 202
2 203
2 205
2 209
2 210
2 212
2 224
2 227
2 233
2 234
2 241
2 243
2 245
2 248
2 249
2 252
2 257
2 258
2 261
2 262
2 265
2 267
2 275
2 277
2 278
2 283
2 284
2 290
2 292
2 294
2 298
2 300
2 307
2 308
2 310
2 311
2 317
2 318
2 320
2 322
2 324
2 330
2 332
2 340
2 343
2 344
2 345
2 347
2 348
2 349
2 350
2 351
2 362
2 366
2 369
2 377
2 379
2 383
2 389
2 390
2 397
3 2
3 8
3 12
3 17
3 38
3 41
3 43
3 48
3 49
3 71
3 76
3 77
3 91
3 98
3 100
3 103
3 104
3 105
3 117
3 138
3 140
3 149
3 153
3 170
3 171
3 174
3 189
3 193
3 194
3 196
3 199
3 208
3 214
3 235
3 239
3 260
3 272
3 279
3 281
3 285
3 289
3 291
3 302
3 314
3 326
3 329
3 331
3 353
3 355
3 358
3 360
3 368
3 372
3 373
3 374
3 384
3 392
