0 2
0 8
0 12
0 17
0 38
0 41
0 43
0 48
0 49
0 71
0 76
0 91
0 98
0 100
0 103
0 104
0 105
0 117
0 138
0 149
0 153
0 171
0 174
0 189
0 193
0 194
0 196
0 199
0 208
0 214
0 235
0 239
0 260
0 272
0 279
0 285
0 291
0 302
0 314
0 329
0 331
0 353
0 355
0 358
0 360
0 372
0 373
0 374
0 384
0 392
1 6
1 20
1 21
1 26
1 29
1 33
1 35
1 37
1 40
1 45
1 58
1 63
1 65
1 75
1 78
1 81
1 86
1 88
1 96
1 110
1 111
1 116
1 121
1 124
1 128
1 136
1 137
1 152
1 162
1 167
1 172
1 173
1 175
1 179
1 183
1 190
1 197
1 201
1 206
1 211
1 216
1 218
1 225
1 226
1 229
1 230
1 232
1 238
1 246
1 247
1 253
1 259
1 263
1 271
1 273
1 296
1 297
1 299
1 313
1 315
1 327
1 334
1 335
1 337
1 346
1 356
1 357
1 359
1 378
1 380
2 7
2 15
2 19
2 23
2 24
2 31
2 46
2 52
2 55
2 61
2 66
2 73
2 77
2 80
2 84
2 89
2 90
2 95
2 102
2 107
2 108
2 122
2 127
2 139
2 140
2 168
2 177
2 178
2 182
2 186
2 195
2 202
2 203
2 210
2 224
2 234
2 249
2 257
2 258
2 261
2 265
2 275
2 283
2 289
2 290
2 294
2 307
2 308
2 310
2 311
2 312
2 317
2 320
2 330
2 332
2 340
2 343
2 345
2 348
2 351
2 362
2 369
3 3
3 13
3 16
3 22
3 30
3 32
3 39
3 42
3 51
3 54
3 62
3 67
3 69
3 79
3 82
3 85
3 92
3 101
3 106
3 115
3 119
3 123
3 126
3 129
3 130
3 131
3 141
3 147
3 156
3 165
3 166
3 170
3 180
3 198
3 204
3 213
3 219
3 220
3 222
3 228
3 231
3 237
3 255
3 266
3 274
3 281
3 286
3 287
3 288
3 295
3 304
3 305
3 316
3 319
3 321
3 323
3 326
3 328
3 336
3 339
3 352
3 361
3 363
3 365
3 368
3 376
3 386
3 393
3 395
3 399
4 0
4 1
4 4
4 5
4 9
4 10
4 11
4 14
4 18
4 25
4 27
4 28
4 34
4 36
4 44
4 47
4 50
4 53
4 56
4 57
4 59
4 60
4 64
4 68
4 70
4 72
4 74
4 83
4 87
4 93
4 94
4 97
4 99
4 109
4 112
4 113
4 114
4 118
4 120
4 125
4 132
4 133
4 134
4 135
4 142
4 143
4 144
4 145
4 146
4 148
4 150
4 151
4 154
4 155
4 157
4 158
4 159
4 160
4 161
4 163
4 164
4 169
4 176
4 181
4 184
4 185
4 187
4 188
4 191
4 192
4 200
4 205
4 207
4 209
4 212
4 215
4 217
4 221
4 223
4 227
4 233
4 236
4 240
4 241
4 242
4 243
4 244
4 245
4 248
4 250
4 251
4 252
4 254
4 256
4 262
4 264
4 267
4 268
4 269
4 270
4 276
4 277
4 278
4 280
4 282
4 284
4 292
4 293
4 298
4 300
4 301
4 303
4 306
4 309
4 318
4 322
4 324
4 325
4 333
4 338
4 341
4 342
4 344
4 347
4 349
4 350
4 354
4 364
4 366
4 367
4 370
4 371
4 375
4 377
4 379
4 381
4 382
4 383
4 385
4 387
4 388
4 389
4 390
4 391
4 394
4 396
4 397
4 398
