0 8
0 19
0 30
0 42
0 52
0 62
0 64
0 72
0 74
0 90
0 93
0 94
0 112
0 118
0 153
0 158
0 165
0 170
0 175
0 176
0 199
1 0
1 9
1 13
1 18
1 21
1 31
1 36
1 39
1 44
1 49
1 56
1 60
1 63
1 65
1 68
1 76
1 77
1 114
1 124
1 137
1 146
1 151
1 159
1 171
1 186
1 197
2 4
2 24
2 51
2 88
2 92
2 105
2 106
2 110
2 115
2 133
2 135
2 136
2 138
2 145
2 147
2 155
2 162
2 166
2 181
2 185
2 195
3 5
3 11
3 16
3 20
3 32
3 33
3 34
3 35
3 40
3 45
3 46
3 50
3 55
3 59
3 66
3 69
3 78
3 79
3 82
3 83
3 89
3 96
3 97
3 98
3 100
3 108
3 113
3 116
3 120
3 123
3 127
3 130
3 131
3 132
3 134
3 141
3 142
3 143
3 149
3 156
3 157
3 161
3 167
3 179
3 182
3 183
3 193
3 194
3 196
4 1
4 2
4 6
4 10
4 14
4 15
4 17
4 22
4 23
4 25
4 26
4 27
4 29
4 37
4 38
4 41
4 43
4 47
4 48
4 53
4 54
4 57
4 61
4 67
4 70
4 71
4 73
4 81
4 84
4 86
4 87
4 91
4 95
4 101
4 102
4 104
4 107
4 109
4 111
4 117
4 119
4 122
4 125
4 126
4 128
4 139
4 140
4 144
4 148
4 150
4 160
4 163
4 164
4 168
4 169
4 172
4 173
4 177
4 178
4 180
4 184
4 187
4 188
4 189
4 192
4 198
5 3
5 7
5 12
5 28
5 58
5 75
5 80
5 85
5 99
5 103
5 121
5 129
5 152
5 154
5 174
5 190
5 191
