0 6
0 14
0 16
0 35
0 58
0 62
0 77
0 91
0 100
0 107
0 109
0 113
0 115
0 120
0 122
0 127
0 131
0 134
0 143
0 163
0 166
0 170
0 176
0 177
0 207
0 231
0 235
0 237
0 241
0 249
0 252
0 259
0 263
0 269
0 275
0 276
0 287
0 294
0 297
0 302
0 310
0 321
0 338
0 350
0 358
0 360
0 370
0 380
0 381
0 382
0 385
0 390
0 396
1 1
1 8
1 12
1 21
1 31
1 40
1 50
1 55
1 60
1 71
1 74
1 80
1 84
1 93
1 95
1 96
1 104
1 106
1 108
1 112
1 123
1 132
1 133
1 139
1 141
1 148
1 149
1 154
1 158
1 160
1 180
1 184
1 190
1 193
1 196
1 198
1 202
1 205
1 212
1 220
1 222
1 229
1 234
1 236
1 238
1 239
1 240
1 250
1 264
1 270
1 281
1 284
1 290
1 292
1 293
1 296
1 307
1 308
1 311
1 318
1 344
1 345
1 351
1 359
1 368
1 372
1 377
1 379
1 388
1 389
1 391
1 395
1 397
2 2
2 11
2 18
2 33
2 38
2 43
2 59
2 65
2 66
2 68
2 70
2 88
2 98
2 99
2 103
2 114
2 124
2 125
2 130
2 150
2 157
2 162
2 174
2 175
2 182
2 185
2 203
2 211
2 224
2 233
2 243
2 245
2 254
2 260
2 283
2 312
2 315
2 320
2 324
2 326
2 329
2 335
2 349
2 393
2 398
3 3
3 4
3 22
3 26
3 28
3 32
3 42
3 44
3 49
3 54
3 56
3 57
3 67
3 69
3 72
3 75
3 81
3 82
3 94
3 116
3 118
3 119
3 121
3 144
3 151
3 152
3 155
3 159
3 161
3 164
3 167
3 169
3 178
3 179
3 195
3 199
3 204
3 206
3 209
3 210
3 216
3 225
3 227
3 230
3 232
3 244
3 256
3 261
3 267
3 277
3 278
3 280
3 319
3 330
3 332
3 337
3 347
3 355
3 356
3 357
3 364
3 371
3 376
3 384
3 387
4 10
4 15
4 17
4 23
4 24
4 27
4 39
4 52
4 78
4 83
4 89
4 97
4 137
4 140
4 146
4 153
4 181
4 188
4 194
4 214
4 217
4 258
4 262
4 265
4 266
4 268
4 273
4 286
4 288
4 299
4 300
4 304
4 305
4 313
4 317
4 322
4 325
4 334
4 339
4 342
4 348
4 383
5 5
5 13
5 20
5 25
5 29
5 37
5 45
5 47
5 53
5 79
5 85
5 87
5 92
5 111
5 126
5 128
5 129
5 135
5 136
5 142
5 145
5 147
5 172
5 189
5 191
5 197
5 208
5 213
5 218
5 221
5 226
5 246
5 247
5 251
5 253
5 255
5 274
5 303
5 306
5 331
5 333
5 336
5 340
5 352
5 361
5 363
5 367
5 375
5 378
5 386
5 399
6 0
6 7
6 19
6 30
6 36
6 51
6 117
6 156
6 168
6 183
6 187
6 192
6 200
6 201
6 215
6 223
6 228
6 242
6 271
6 272
6 279
6 282
6 289
6 291
6 295
6 298
6 314
6 346
6 354
6 362
6 365
6 366
6 374
7 9
7 34
7 41
7 46
7 48
7 61
7 63
7 64
7 73
7 76
7 86
7 90
7 101
7 102
7 105
7 110
7 138
7 165
7 171
7 173
7 186
7 219
7 248
7 257
7 285
7 301
7 309
7 316
7 323
7 327
7 328
7 341
7 343
7 353
7 369
7 373
7 392
7 394
