0 17
0 21
0 22
0 26
0 32
0 43
0 44
0 45
0 48
0 49
0 64
0 67
0 96
0 98
0 106
0 113
0 117
0 124
0 131
0 136
0 148
0 151
0 154
0 158
0 159
0 160
0 165
0 171
0 178
0 190
0 191
0 198
0 199
0 200
0 204
0 206
0 209
0 213
0 220
0 235
0 239
0 242
0 252
0 255
0 264
0 266
0 267
0 271
0 272
0 279
0 291
0 293
0 305
0 312
0 320
0 321
0 331
0 334
0 347
0 355
0 360
0 361
0 363
0 366
0 372
0 387
0 389
0 391
1 0
1 9
1 36
1 46
1 62
1 72
1 77
1 79
1 83
1 99
1 123
1 141
1 146
1 170
1 176
1 182
1 216
1 221
1 238
1 240
1 250
1 268
1 296
1 316
1 317
1 332
1 338
1 339
1 354
1 375
1 388
1 394
2 8
2 16
2 55
2 59
2 81
2 85
2 103
2 115
2 127
2 129
2 142
2 145
2 181
2 201
2 207
2 208
2 253
2 307
2 319
2 336
2 368
3 25
3 33
3 35
3 38
3 39
3 47
3 50
3 51
3 73
3 88
3 92
3 95
3 118
3 120
3 128
3 133
3 140
3 147
3 149
3 162
3 177
3 183
3 186
3 192
3 196
3 203
3 215
3 225
3 233
3 244
3 247
3 248
3 254
3 258
3 259
3 261
3 275
3 277
3 280
3 282
3 285
3 289
3 300
3 318
3 325
3 329
3 343
3 345
3 353
3 357
3 367
3 376
3 385
3 390
4 3
4 11
4 41
4 76
4 80
4 82
4 84
4 109
4 110
4 130
4 132
4 137
4 236
4 249
4 263
4 281
4 286
4 288
4 301
4 302
4 306
4 323
4 333
4 377
4 379
4 383
4 399
5 28
5 40
5 53
5 60
5 61
5 66
5 69
5 87
5 111
5 114
5 153
5 168
5 172
5 180
5 184
5 193
5 194
5 226
5 243
5 257
5 260
5 283
5 295
5 298
5 309
5 313
5 350
5 374
5 378
5 381
5 393
5 398
6 1
6 10
6 19
6 27
6 29
6 30
6 42
6 54
6 57
6 65
6 68
6 70
6 74
6 90
6 94
6 101
6 122
6 125
6 139
6 143
6 163
6 173
6 197
6 205
6 234
6 270
6 297
6 299
6 304
6 315
6 326
6 335
6 337
6 349
7 4
7 6
7 7
7 12
7 13
7 14
7 18
7 31
7 34
7 52
7 56
7 63
7 86
7 89
7 91
7 93
7 97
7 100
7 102
7 104
7 105
7 107
7 119
7 121
7 126
7 144
7 150
7 155
7 156
7 157
7 161
7 164
7 166
7 167
7 169
7 174
7 175
7 179
7 185
7 187
7 188
7 195
7 202
7 211
7 212
7 217
7 219
7 222
7 223
7 224
7 227
7 229
7 230
7 231
7 241
7 246
7 251
7 256
7 262
7 265
7 269
7 273
7 274
7 276
7 278
7 287
7 290
7 292
7 303
7 311
7 314
7 322
7 324
7 327
7 328
7 330
7 340
7 341
7 342
7 344
7 346
7 351
7 352
7 356
7 358
7 359
7 364
7 365
7 369
7 370
7 371
7 373
7 380
7 382
7 386
7 395
7 396
7 397
8 2
8 5
8 15
8 20
8 23
8 24
8 37
8 58
8 71
8 75
8 78
8 108
8 112
8 116
8 134
8 135
8 138
8 152
8 189
8 210
8 214
8 218
8 228
8 232
8 237
8 245
8 284
8 294
8 308
8 310
8 348
8 362
8 384
8 392
