0 2
0 16
0 17
0 18
0 26
0 29
0 30
0 65
0 69
0 94
0 95
0 113
0 120
0 127
0 131
0 133
0 138
0 141
0 151
0 161
0 162
0 170
0 198
1 31
1 37
1 43
1 54
1 66
1 67
1 79
1 84
1 87
1 104
1 105
1 117
1 125
1 134
1 140
1 155
1 174
1 178
1 179
1 182
1 188
1 195
2 1
2 3
2 11
2 33
2 48
2 53
2 55
2 59
2 61
2 68
2 73
2 74
2 75
2 77
2 89
2 97
2 108
2 115
2 121
2 152
2 163
2 175
2 190
2 196
3 14
3 23
3 46
3 51
3 52
3 56
3 58
3 98
3 100
3 111
3 150
3 153
3 154
3 156
3 168
3 172
3 184
3 194
4 9
4 19
4 25
4 41
4 57
4 60
4 72
4 119
4 145
4 157
4 165
4 173
5 0
5 6
5 7
5 21
5 27
5 36
5 44
5 64
5 83
5 90
5 93
5 96
5 103
5 106
5 110
5 116
5 123
5 129
5 132
5 135
5 160
5 166
5 183
5 197
6 5
6 8
6 12
6 13
6 42
6 50
6 62
6 88
6 112
6 122
6 137
6 142
6 167
6 169
6 176
6 177
6 186
6 192
7 4
7 15
7 39
7 47
7 49
7 70
7 71
7 78
7 82
7 85
7 101
7 114
7 130
7 139
7 144
7 159
7 185
7 193
8 10
8 20
8 24
8 28
8 32
8 35
8 38
8 40
8 63
8 76
8 86
8 91
8 99
8 102
8 107
8 124
8 128
8 143
8 149
8 158
8 171
8 180
8 181
8 187
8 189
8 199
9 22
9 34
9 45
9 80
9 81
9 92
9 109
9 118
9 126
9 136
9 146
9 147
9 148
9 164
9 191
