0 1
0 3
0 33
0 43
0 48
0 53
0 55
0 59
0 61
0 68
0 73
0 75
0 89
0 108
0 139
0 163
0 175
0 190
0 196
1 0
1 21
1 23
1 46
1 52
1 58
1 64
1 83
1 95
1 98
1 103
1 110
1 133
1 153
1 160
1 166
1 172
1 194
2 31
2 37
2 54
2 66
2 67
2 79
2 87
2 92
2 105
2 117
2 140
2 155
2 178
2 182
2 188
3 22
3 34
3 80
3 81
3 109
3 118
3 126
3 136
3 145
3 146
3 147
3 164
3 191
4 2
4 16
4 17
4 18
4 26
4 29
4 30
4 65
4 113
4 120
4 127
4 138
4 151
4 161
4 170
5 8
5 45
5 62
5 78
5 88
5 104
5 119
5 142
5 148
5 154
5 167
5 169
5 177
5 180
5 184
6 11
6 27
6 35
6 36
6 38
6 40
6 44
6 63
6 74
6 77
6 93
6 96
6 97
6 99
6 106
6 116
6 121
6 129
6 135
6 143
6 149
6 152
6 158
6 183
6 189
7 6
7 9
7 19
7 25
7 41
7 47
7 57
7 70
7 72
7 115
7 123
7 124
7 144
7 157
7 165
7 173
7 179
7 181
7 185
8 10
8 20
8 24
8 28
8 32
8 51
8 76
8 86
8 91
8 102
8 107
8 128
8 141
8 156
8 187
8 198
8 199
9 5
9 12
9 13
9 42
9 50
9 60
9 69
9 94
9 112
9 122
9 131
9 137
9 162
9 171
9 176
9 186
9 192
10 7
10 14
10 56
10 90
10 100
10 111
10 132
10 150
10 168
10 197
11 4
11 15
11 39
11 49
11 71
11 82
11 84
11 85
11 101
11 114
11 125
11 130
11 134
11 159
11 174
11 193
11 195
