0 76
0 91
0 102
0 171
0 180
1 7
1 21
1 44
1 46
1 58
1 83
1 90
1 98
1 103
1 110
1 133
1 135
1 160
1 166
1 194
2 1
2 3
2 35
2 38
2 40
2 55
2 97
2 99
2 143
2 149
2 152
2 158
2 189
3 31
3 37
3 43
3 54
3 66
3 67
3 79
3 105
3 134
3 155
3 174
3 178
3 182
3 188
3 195
4 17
4 20
4 23
4 30
4 51
4 52
4 65
4 69
4 94
4 95
4 112
4 131
4 138
4 141
4 153
4 162
4 172
4 187
4 198
5 0
5 6
5 64
5 123
5 132
5 139
5 179
5 197
6 2
6 16
6 18
6 26
6 29
6 113
6 120
6 127
6 151
6 161
6 170
7 22
7 34
7 45
7 50
7 80
7 81
7 87
7 92
7 104
7 109
7 117
7 118
7 126
7 136
7 140
7 146
7 147
7 148
7 164
7 168
7 169
7 177
7 191
7 192
8 4
8 15
8 39
8 47
8 49
8 70
8 71
8 78
8 84
8 85
8 101
8 114
8 124
8 125
8 130
8 144
8 159
8 185
8 193
9 10
9 24
9 28
9 32
9 63
9 86
9 107
9 115
9 121
9 128
9 156
9 181
9 199
10 5
10 8
10 12
10 13
10 14
10 42
10 56
10 62
10 88
10 100
10 111
10 122
10 137
10 142
10 150
10 154
10 167
10 176
10 184
10 186
11 9
11 19
11 25
11 41
11 57
11 60
11 72
11 119
11 145
11 157
11 165
11 173
12 11
12 27
12 36
12 74
12 77
12 93
12 96
12 106
12 116
12 129
12 183
13 33
13 48
13 53
13 59
13 61
13 68
13 73
13 75
13 82
13 89
13 108
13 163
13 175
13 190
13 196
