0 45
0 80
0 136
0 148
0 169
0 177
0 192
1 17
1 69
1 94
1 112
1 126
1 131
1 137
1 141
1 162
1 171
1 191
2 31
2 37
2 54
2 66
2 67
2 79
2 81
2 87
2 92
2 109
2 117
2 140
2 155
2 178
3 11
3 27
3 36
3 44
3 59
3 73
3 74
3 77
3 93
3 96
3 106
3 129
3 175
3 183
3 196
4 3
4 4
4 33
4 61
4 71
4 82
4 85
4 89
4 101
4 108
4 114
4 115
4 130
4 139
4 159
4 163
4 190
4 193
4 195
5 9
5 41
5 47
5 57
5 70
5 72
5 124
5 144
5 157
5 165
5 173
5 181
5 185
6 0
6 7
6 21
6 25
6 64
6 83
6 90
6 98
6 110
6 116
6 123
6 132
6 135
6 160
6 166
6 197
7 8
7 14
7 42
7 56
7 76
7 78
7 91
7 100
7 111
7 122
7 150
7 154
7 168
7 180
7 184
8 10
8 19
8 24
8 28
8 32
8 53
8 68
8 86
8 107
8 121
8 128
8 156
8 179
8 199
9 20
9 23
9 46
9 51
9 52
9 58
9 65
9 102
9 103
9 138
9 153
9 172
9 187
9 194
9 198
10 2
10 12
10 16
10 18
10 26
10 29
10 30
10 95
10 113
10 120
10 127
10 133
10 151
10 161
10 170
11 5
11 13
11 22
11 60
11 62
11 88
11 118
11 119
11 142
11 145
11 147
11 164
11 167
11 176
11 186
12 35
12 38
12 40
12 63
12 97
12 99
12 143
12 149
12 152
12 158
12 189
13 1
13 15
13 39
13 48
13 49
13 55
13 75
13 84
13 125
13 134
13 174
14 6
14 34
14 43
14 50
14 104
14 105
14 146
14 182
14 188
