0 0
0 2
0 4
0 10
0 15
0 16
0 17
0 18
0 19
0 20
0 23
0 26
0 28
0 29
0 30
0 32
0 37
0 39
0 43
0 46
0 47
0 49
0 51
0 52
0 53
0 58
0 65
0 66
0 69
0 70
0 71
0 82
0 84
0 85
0 89
0 94
0 95
0 101
0 102
0 103
0 107
0 113
0 114
0 115
0 120
0 124
0 125
0 127
0 128
0 130
0 131
0 133
0 134
0 138
0 139
0 141
0 144
0 151
0 153
0 155
0 156
0 157
0 159
0 161
0 162
0 165
0 170
0 172
0 174
0 178
0 179
0 181
0 185
0 187
0 193
0 194
0 195
0 198
1 1
1 3
1 11
1 21
1 24
1 27
1 31
1 33
1 35
1 36
1 38
1 40
1 44
1 48
1 55
1 59
1 61
1 63
1 64
1 68
1 73
1 74
1 75
1 77
1 86
1 90
1 93
1 96
1 97
1 99
1 105
1 106
1 108
1 116
1 121
1 129
1 132
1 135
1 143
1 149
1 152
1 158
1 160
1 163
1 175
1 183
1 189
1 190
1 196
1 199
2 5
2 6
2 7
2 8
2 9
2 12
2 13
2 14
2 22
2 25
2 34
2 41
2 42
2 45
2 50
2 54
2 56
2 57
2 60
2 62
2 67
2 72
2 76
2 78
2 79
2 80
2 81
2 83
2 87
2 88
2 91
2 92
2 98
2 100
2 104
2 109
2 110
2 111
2 112
2 117
2 118
2 119
2 122
2 123
2 126
2 136
2 137
2 140
2 142
2 145
2 146
2 147
2 148
2 150
2 154
2 164
2 166
2 167
2 168
2 169
2 171
2 173
2 176
2 177
2 180
2 182
2 184
2 186
2 188
2 191
2 192
2 197
