0 0
0 7
0 11
0 21
0 27
0 33
0 35
0 36
0 38
0 40
0 44
0 46
0 56
0 59
0 61
0 63
0 64
0 68
0 73
0 74
0 77
0 83
0 90
0 93
0 96
0 97
0 98
0 99
0 103
0 106
0 110
0 111
0 116
0 121
0 129
0 132
0 135
0 143
0 149
0 152
0 158
0 160
0 166
0 175
0 183
0 189
0 194
0 196
0 197
0 199
1 2
1 10
1 14
1 16
1 17
1 18
1 20
1 23
1 26
1 28
1 29
1 30
1 32
1 51
1 52
1 58
1 65
1 76
1 86
1 91
1 94
1 95
1 100
1 102
1 107
1 113
1 120
1 127
1 128
1 131
1 133
1 138
1 141
1 147
1 150
1 151
1 153
1 156
1 161
1 162
1 170
1 172
1 180
1 187
1 198
2 5
2 8
2 9
2 12
2 13
2 22
2 25
2 34
2 41
2 42
2 45
2 50
2 54
2 57
2 60
2 62
2 69
2 80
2 81
2 88
2 92
2 104
2 109
2 112
2 118
2 119
2 122
2 123
2 126
2 136
2 137
2 142
2 145
2 146
2 148
2 154
2 164
2 167
2 168
2 169
2 171
2 173
2 176
2 177
2 184
2 186
2 191
2 192
3 1
3 3
3 4
3 6
3 15
3 19
3 24
3 31
3 37
3 39
3 43
3 47
3 48
3 49
3 53
3 55
3 66
3 67
3 70
3 71
3 72
3 75
3 78
3 79
3 82
3 84
3 85
3 87
3 89
3 101
3 105
3 108
3 114
3 115
3 117
3 124
3 125
3 130
3 134
3 139
3 140
3 144
3 155
3 157
3 159
3 163
3 165
3 174
3 178
3 179
3 181
3 182
3 185
3 188
3 190
3 193
3 195
