0 8
0 9
0 14
0 22
0 41
0 57
0 60
0 62
0 72
0 76
0 80
0 81
0 88
0 91
0 100
0 109
0 118
0 119
0 128
0 142
0 145
0 147
0 150
0 154
0 156
0 157
0 164
0 165
0 167
0 168
0 173
0 184
1 0
1 7
1 11
1 21
1 25
1 27
1 36
1 44
1 46
1 56
1 58
1 64
1 74
1 83
1 90
1 93
1 96
1 98
1 103
1 106
1 110
1 111
1 116
1 129
1 132
1 135
1 160
1 166
1 183
1 194
1 197
2 5
2 6
2 12
2 13
2 34
2 42
2 45
2 50
2 54
2 67
2 69
2 79
2 87
2 92
2 104
2 112
2 117
2 122
2 123
2 126
2 136
2 137
2 140
2 146
2 148
2 169
2 171
2 176
2 177
2 178
2 182
2 186
2 188
2 191
2 192
3 1
3 3
3 4
3 15
3 19
3 37
3 39
3 43
3 47
3 48
3 49
3 53
3 55
3 66
3 70
3 71
3 75
3 78
3 82
3 84
3 85
3 89
3 101
3 108
3 114
3 115
3 124
3 125
3 130
3 134
3 139
3 144
3 155
3 159
3 163
3 174
3 179
3 181
3 185
3 190
3 193
3 195
4 24
4 31
4 33
4 35
4 38
4 40
4 59
4 61
4 63
4 68
4 73
4 77
4 86
4 97
4 99
4 105
4 121
4 143
4 149
4 152
4 158
4 175
4 180
4 189
4 196
4 199
5 2
5 10
5 16
5 17
5 18
5 20
5 23
5 26
5 28
5 29
5 30
5 32
5 51
5 52
5 65
5 94
5 95
5 102
5 107
5 113
5 120
5 127
5 131
5 133
5 138
5 141
5 151
5 153
5 161
5 162
5 170
5 172
5 187
5 198
