0 4
0 15
0 39
0 47
0 49
0 57
0 70
0 71
0 78
0 82
0 84
0 85
0 101
0 114
0 124
0 125
0 128
0 130
0 134
0 144
0 157
0 159
0 165
0 173
0 174
0 181
0 185
0 193
0 195
1 0
1 1
1 6
1 7
1 9
1 19
1 25
1 55
1 58
1 64
1 72
1 98
1 103
1 123
1 132
1 139
1 166
1 179
2 8
2 12
2 13
2 14
2 37
2 42
2 56
2 66
2 67
2 69
2 76
2 79
2 87
2 91
2 100
2 111
2 112
2 117
2 122
2 137
2 140
2 150
2 154
2 155
2 156
2 168
2 178
2 182
2 184
2 188
3 5
3 22
3 34
3 41
3 45
3 50
3 54
3 60
3 62
3 80
3 81
3 88
3 92
3 104
3 109
3 118
3 119
3 126
3 136
3 142
3 145
3 146
3 147
3 148
3 164
3 167
3 169
3 171
3 176
3 177
3 186
3 191
3 192
4 10
4 24
4 31
4 32
4 33
4 35
4 38
4 40
4 43
4 48
4 53
4 59
4 61
4 63
4 68
4 73
4 75
4 86
4 89
4 97
4 99
4 105
4 108
4 115
4 121
4 143
4 149
4 152
4 158
4 163
4 175
4 180
4 189
4 190
4 196
4 199
5 2
5 16
5 17
5 18
5 20
5 23
5 26
5 28
5 29
5 30
5 51
5 52
5 65
5 94
5 95
5 102
5 107
5 113
5 120
5 127
5 131
5 133
5 138
5 141
5 151
5 153
5 161
5 162
5 170
5 172
5 187
5 198
6 3
6 11
6 21
6 27
6 36
6 44
6 46
6 74
6 77
6 83
6 90
6 93
6 96
6 106
6 110
6 116
6 129
6 135
6 160
6 183
6 194
6 197
