0 5
0 9
0 12
0 13
0 22
0 25
0 41
0 42
0 57
0 60
0 88
0 112
0 119
0 122
0 137
0 145
0 171
0 173
0 176
0 186
0 192
1 2
1 16
1 17
1 18
1 26
1 29
1 30
1 69
1 94
1 95
1 113
1 120
1 127
1 131
1 133
1 141
1 151
1 161
1 162
1 170
2 4
2 33
2 43
2 53
2 59
2 61
2 71
2 73
2 82
2 89
2 101
2 105
2 108
2 114
2 115
2 130
2 139
2 163
2 175
2 179
2 190
2 193
2 195
3 1
3 3
3 15
3 37
3 39
3 47
3 48
3 49
3 55
3 66
3 67
3 70
3 75
3 78
3 79
3 84
3 85
3 87
3 124
3 125
3 134
3 140
3 144
3 155
3 157
3 159
3 165
3 174
3 178
3 181
3 185
3 196
4 10
4 19
4 24
4 28
4 31
4 32
4 68
4 72
4 86
4 99
4 107
4 128
4 149
4 156
4 158
4 180
4 189
4 199
5 0
5 7
5 11
5 21
5 27
5 36
5 44
5 46
5 63
5 64
5 74
5 77
5 83
5 90
5 93
5 96
5 97
5 98
5 103
5 106
5 110
5 116
5 121
5 129
5 132
5 135
5 143
5 152
5 160
5 166
5 183
5 194
5 197
6 8
6 14
6 20
6 23
6 51
6 52
6 56
6 58
6 62
6 65
6 76
6 91
6 100
6 102
6 111
6 138
6 142
6 147
6 150
6 153
6 154
6 167
6 172
6 184
6 187
6 198
7 6
7 34
7 35
7 38
7 40
7 45
7 50
7 54
7 80
7 81
7 92
7 104
7 109
7 117
7 118
7 123
7 126
7 136
7 146
7 148
7 164
7 168
7 169
7 177
7 182
7 188
7 191
