0 0
0 9
0 14
0 20
0 23
0 25
0 27
0 36
0 51
0 52
0 56
0 57
0 83
0 96
0 107
0 110
0 119
0 129
0 153
0 156
0 160
0 172
0 173
0 187
0 197
1 31
1 37
1 67
1 70
1 78
1 79
1 104
1 105
1 125
1 134
1 155
1 159
1 174
1 185
1 188
1 195
2 5
2 13
2 42
2 50
2 60
2 62
2 69
2 88
2 91
2 94
2 95
2 100
2 113
2 118
2 122
2 126
2 137
2 142
2 145
2 150
2 162
2 167
2 176
2 186
3 1
3 3
3 4
3 15
3 39
3 43
3 47
3 48
3 49
3 55
3 71
3 75
3 82
3 84
3 85
3 89
3 108
3 114
3 124
3 130
3 139
3 144
3 163
3 178
3 179
3 181
3 190
3 196
4 7
4 10
4 19
4 21
4 46
4 58
4 72
4 90
4 98
4 103
4 111
4 132
4 133
4 157
4 165
4 166
4 194
5 2
5 16
5 17
5 18
5 26
5 29
5 30
5 41
5 65
5 102
5 112
5 120
5 127
5 131
5 138
5 141
5 151
5 161
5 170
5 171
5 198
6 6
6 11
6 24
6 28
6 32
6 35
6 38
6 40
6 44
6 61
6 64
6 73
6 74
6 116
6 123
6 128
6 135
6 143
6 149
6 183
6 199
7 22
7 45
7 76
7 80
7 81
7 109
7 136
7 147
7 154
7 164
7 168
7 169
7 177
7 180
7 184
7 191
8 8
8 12
8 34
8 54
8 66
8 87
8 92
8 117
8 140
8 146
8 148
8 182
8 192
9 33
9 53
9 59
9 63
9 68
9 77
9 86
9 93
9 97
9 99
9 101
9 106
9 115
9 121
9 152
9 158
9 175
9 189
9 193
