0 0
0 24
0 27
0 36
0 40
0 63
0 77
0 86
0 93
0 96
0 99
0 106
0 107
0 116
0 121
0 129
0 143
0 149
0 152
0 158
0 160
0 189
1 5
1 13
1 22
1 42
1 60
1 62
1 69
1 88
1 91
1 94
1 95
1 100
1 113
1 118
1 122
1 126
1 137
1 142
1 145
1 147
1 150
1 162
1 167
1 176
1 184
2 31
2 37
2 43
2 47
2 67
2 82
2 84
2 85
2 114
2 124
2 125
2 134
2 144
2 155
2 159
2 163
2 174
2 178
2 181
2 188
2 195
3 6
3 10
3 11
3 28
3 32
3 35
3 38
3 44
3 64
3 70
3 78
3 123
3 128
3 135
3 185
3 199
4 15
4 33
4 39
4 48
4 49
4 53
4 59
4 68
4 71
4 89
4 97
4 101
4 108
4 115
4 130
4 175
4 190
4 193
5 8
5 9
5 14
5 20
5 23
5 25
5 51
5 52
5 56
5 58
5 83
5 110
5 119
5 153
5 156
5 172
5 173
5 187
5 194
5 197
6 1
6 3
6 4
6 55
6 61
6 73
6 74
6 75
6 105
6 139
6 179
6 183
6 196
7 45
7 50
7 80
7 81
7 104
7 109
7 136
7 154
7 164
7 168
7 169
7 177
7 191
8 7
8 19
8 21
8 46
8 72
8 76
8 90
8 98
8 103
8 111
8 132
8 133
8 157
8 165
8 166
8 180
9 12
9 34
9 54
9 66
9 79
9 87
9 92
9 117
9 140
9 146
9 148
9 182
9 186
9 192
10 2
10 16
10 17
10 18
10 26
10 29
10 30
10 41
10 57
10 65
10 102
10 112
10 120
10 127
10 131
10 138
10 141
10 151
10 161
10 170
10 171
10 198
