0 43
0 47
0 82
0 84
0 85
0 124
0 125
0 174
0 178
0 188
0 195
1 2
1 16
1 26
1 94
1 112
1 120
1 127
1 141
1 151
1 162
1 170
2 34
2 54
2 66
2 79
2 87
2 92
2 117
2 140
2 146
2 148
2 182
3 7
3 11
3 21
3 36
3 44
3 74
3 90
3 132
3 135
3 166
3 183
4 0
4 20
4 27
4 51
4 83
4 96
4 110
4 129
4 153
4 156
4 160
4 172
4 187
5 22
5 76
5 80
5 91
5 136
5 147
5 180
5 184
6 5
6 13
6 42
6 62
6 69
6 88
6 113
6 118
6 122
6 137
6 142
6 150
6 167
6 176
6 186
7 33
7 53
7 59
7 68
7 77
7 93
7 97
7 99
7 101
7 106
7 115
7 152
7 175
7 189
8 1
8 3
8 4
8 55
8 64
8 75
8 105
8 139
8 196
9 31
9 37
9 67
9 70
9 78
9 104
9 134
9 155
9 159
9 185
10 24
10 38
10 40
10 61
10 63
10 73
10 86
10 107
10 116
10 121
10 123
10 128
10 143
10 149
10 158
11 45
11 50
11 81
11 109
11 126
11 164
11 168
11 169
11 177
11 191
12 15
12 39
12 48
12 49
12 71
12 89
12 108
12 114
12 130
12 144
12 163
12 179
12 181
12 190
12 193
13 6
13 10
13 19
13 28
13 32
13 35
13 72
13 157
13 165
13 199
14 12
14 17
14 18
14 23
14 29
14 30
14 41
14 57
14 65
14 131
14 138
14 161
14 171
14 192
14 198
15 46
15 95
15 98
15 103
15 133
16 8
16 9
16 14
16 25
16 52
16 56
16 58
16 60
16 100
16 102
16 111
16 119
16 145
16 154
16 173
16 194
16 197
