0 2
0 5
0 7
0 8
0 9
0 12
0 13
0 14
0 16
0 17
0 18
0 20
0 21
0 22
0 23
0 25
0 26
0 29
0 30
0 34
0 41
0 42
0 45
0 46
0 50
0 51
0 52
0 54
0 56
0 57
0 58
0 60
0 62
0 65
0 69
0 72
0 76
0 80
0 81
0 83
0 87
0 88
0 90
0 91
0 92
0 94
0 95
0 98
0 100
0 102
0 103
0 109
0 110
0 111
0 112
0 113
0 117
0 118
0 119
0 120
0 122
0 126
0 127
0 131
0 133
0 136
0 137
0 138
0 140
0 141
0 142
0 145
0 146
0 147
0 148
0 150
0 151
0 153
0 154
0 156
0 157
0 161
0 162
0 164
0 165
0 166
0 167
0 168
0 169
0 170
0 171
0 172
0 173
0 176
0 177
0 180
0 184
0 186
0 187
0 191
0 192
0 194
0 197
0 198
1 0
1 1
1 3
1 4
1 6
1 10
1 11
1 15
1 19
1 24
1 27
1 28
1 31
1 32
1 33
1 35
1 36
1 37
1 38
1 39
1 40
1 43
1 44
1 47
1 48
1 49
1 53
1 55
1 59
1 61
1 63
1 64
1 66
1 67
1 68
1 70
1 71
1 73
1 74
1 75
1 77
1 78
1 79
1 82
1 84
1 85
1 86
1 89
1 93
1 96
1 97
1 99
1 101
1 104
1 105
1 106
1 107
1 108
1 114
1 115
1 116
1 121
1 123
1 124
1 125
1 128
1 129
1 130
1 132
1 134
1 135
1 139
1 143
1 144
1 149
1 152
1 155
1 158
1 159
1 160
1 163
1 174
1 175
1 178
1 179
1 181
1 182
1 183
1 185
1 188
1 189
1 190
1 193
1 195
1 196
1 199
