0 13
0 69
0 94
0 95
0 112
0 122
0 137
0 150
0 162
1 24
1 40
1 61
1 63
1 73
1 86
1 116
1 121
1 123
1 143
1 149
1 158
1 181
1 189
2 34
2 54
2 66
2 79
2 87
2 92
2 117
2 140
2 146
2 148
2 182
3 7
3 21
3 25
3 46
3 56
3 58
3 90
3 111
3 166
3 194
3 197
4 4
4 48
4 71
4 75
4 82
4 89
4 108
4 114
4 130
4 163
4 179
4 190
5 45
5 80
5 81
5 104
5 136
5 168
5 169
5 177
6 2
6 16
6 26
6 120
6 127
6 141
6 151
6 170
7 8
7 9
7 14
7 52
7 60
7 100
7 102
7 119
7 145
7 172
7 173
8 6
8 10
8 28
8 32
8 35
8 38
8 70
8 78
8 128
8 185
9 22
9 76
9 91
9 118
9 133
9 147
9 154
9 167
9 184
10 11
10 44
10 64
10 74
10 135
10 183
10 199
11 12
11 17
11 18
11 23
11 29
11 30
11 41
11 57
11 65
11 131
11 138
11 161
11 171
11 192
11 198
12 5
12 42
12 50
12 109
12 126
12 142
12 186
13 15
13 33
13 39
13 49
13 53
13 59
13 68
13 77
13 93
13 97
13 99
13 101
13 106
13 115
13 152
13 175
13 193
14 1
14 3
14 55
14 139
14 196
15 19
15 72
15 98
15 103
15 132
15 157
15 165
15 180
16 31
16 105
16 134
16 159
17 0
17 20
17 27
17 36
17 51
17 83
17 96
17 107
17 110
17 129
17 153
17 156
17 160
17 187
18 37
18 43
18 47
18 67
18 84
18 85
18 124
18 125
18 144
18 155
18 174
18 178
18 188
18 195
19 62
19 88
19 113
19 164
19 176
19 191
