0 5
0 13
0 19
0 22
0 25
0 42
0 45
0 46
0 50
0 56
0 58
0 60
0 62
0 69
0 72
0 76
0 80
0 81
0 88
0 91
0 94
0 95
0 98
0 100
0 103
0 109
0 111
0 113
0 118
0 122
0 126
0 133
0 136
0 137
0 142
0 145
0 147
0 148
0 150
0 154
0 157
0 162
0 164
0 165
0 167
0 168
0 169
0 176
0 177
0 180
0 184
0 186
0 191
1 0
1 7
1 10
1 11
1 21
1 24
1 27
1 28
1 32
1 33
1 35
1 36
1 38
1 39
1 40
1 44
1 53
1 59
1 63
1 68
1 73
1 74
1 77
1 83
1 86
1 90
1 93
1 96
1 97
1 99
1 106
1 107
1 110
1 115
1 116
1 121
1 123
1 128
1 129
1 132
1 135
1 143
1 149
1 152
1 158
1 160
1 166
1 175
1 183
1 187
1 189
1 194
1 197
1 199
2 2
2 8
2 9
2 12
2 14
2 16
2 17
2 18
2 20
2 23
2 26
2 29
2 30
2 34
2 41
2 51
2 52
2 54
2 57
2 65
2 87
2 92
2 101
2 102
2 112
2 117
2 119
2 120
2 127
2 131
2 138
2 140
2 141
2 146
2 151
2 153
2 156
2 161
2 170
2 171
2 172
2 173
2 192
2 198
3 1
3 3
3 4
3 6
3 15
3 31
3 37
3 43
3 47
3 48
3 49
3 55
3 61
3 64
3 66
3 67
3 70
3 71
3 75
3 78
3 79
3 82
3 84
3 85
3 89
3 104
3 105
3 108
3 114
3 124
3 125
3 130
3 134
3 139
3 144
3 155
3 159
3 163
3 174
3 178
3 179
3 181
3 182
3 185
3 188
3 190
3 193
3 195
3 196
