0 7
0 10
0 11
0 19
0 21
0 25
0 32
0 44
0 46
0 56
0 58
0 72
0 76
0 80
0 90
0 98
0 103
0 111
0 132
0 133
0 136
0 157
0 165
0 166
0 180
0 194
0 197
1 0
1 24
1 27
1 33
1 36
1 51
1 53
1 59
1 63
1 68
1 77
1 83
1 86
1 93
1 96
1 97
1 99
1 101
1 106
1 107
1 110
1 115
1 116
1 121
1 123
1 129
1 149
1 152
1 153
1 156
1 158
1 160
1 175
1 187
1 189
2 2
2 8
2 9
2 12
2 14
2 16
2 17
2 18
2 20
2 23
2 26
2 29
2 30
2 34
2 41
2 52
2 54
2 57
2 65
2 87
2 92
2 102
2 112
2 117
2 119
2 120
2 127
2 131
2 138
2 140
2 141
2 146
2 148
2 151
2 161
2 170
2 171
2 172
2 173
2 192
2 198
3 4
3 15
3 37
3 39
3 43
3 47
3 48
3 49
3 66
3 67
3 71
3 79
3 82
3 84
3 85
3 89
3 108
3 114
3 124
3 125
3 130
3 134
3 144
3 155
3 163
3 174
3 178
3 181
3 182
3 188
3 190
3 193
3 195
4 5
4 13
4 22
4 42
4 45
4 50
4 60
4 62
4 69
4 81
4 88
4 91
4 94
4 95
4 100
4 109
4 113
4 118
4 122
4 126
4 137
4 142
4 145
4 147
4 150
4 154
4 162
4 164
4 167
4 168
4 169
4 176
4 177
4 184
4 186
4 191
5 1
5 3
5 6
5 28
5 31
5 35
5 38
5 40
5 55
5 61
5 64
5 70
5 73
5 74
5 75
5 78
5 104
5 105
5 128
5 135
5 139
5 143
5 159
5 179
5 183
5 185
5 196
5 199
