0 9
0 14
0 20
0 23
0 25
0 36
0 51
0 52
0 56
0 57
0 58
0 83
0 87
0 107
0 110
0 111
0 117
0 119
0 129
0 140
0 153
0 156
0 172
0 173
0 187
0 194
0 197
1 34
1 54
1 66
1 76
1 79
1 92
1 109
1 136
1 145
1 146
1 148
1 154
1 168
1 169
1 182
1 186
2 6
2 31
2 37
2 67
2 70
2 78
2 84
2 104
2 105
2 125
2 134
2 155
2 159
2 174
2 185
2 188
2 195
2 196
3 7
3 10
3 11
3 19
3 21
3 32
3 35
3 38
3 44
3 46
3 64
3 72
3 73
3 74
3 90
3 98
3 103
3 123
3 132
3 135
3 157
3 165
3 166
3 183
3 199
4 5
4 13
4 22
4 42
4 45
4 50
4 60
4 62
4 69
4 80
4 81
4 88
4 91
4 95
4 100
4 113
4 118
4 122
4 126
4 133
4 137
4 142
4 147
4 150
4 162
4 164
4 167
4 176
4 177
4 180
4 184
4 191
5 1
5 3
5 4
5 15
5 24
5 28
5 39
5 43
5 47
5 48
5 49
5 55
5 61
5 71
5 75
5 82
5 85
5 89
5 108
5 114
5 124
5 128
5 130
5 139
5 144
5 163
5 178
5 179
5 181
5 190
5 193
6 2
6 8
6 12
6 16
6 17
6 18
6 26
6 29
6 30
6 41
6 65
6 94
6 102
6 112
6 120
6 127
6 131
6 138
6 141
6 151
6 161
6 170
6 171
6 192
6 198
7 0
7 27
7 33
7 40
7 53
7 59
7 63
7 68
7 77
7 86
7 93
7 96
7 97
7 99
7 101
7 106
7 115
7 116
7 121
7 143
7 149
7 152
7 158
7 160
7 175
7 189
