0 4
0 15
0 24
0 39
0 47
0 48
0 49
0 71
0 75
0 82
0 85
0 89
0 108
0 114
0 124
0 130
0 144
0 163
0 179
0 181
0 190
0 193
1 22
1 45
1 62
1 80
1 81
1 88
1 109
1 113
1 118
1 136
1 147
1 164
1 168
1 169
1 176
1 177
1 184
1 191
2 0
2 20
2 27
2 33
2 51
2 53
2 59
2 63
2 68
2 77
2 83
2 86
2 93
2 96
2 97
2 99
2 101
2 106
2 107
2 110
2 115
2 129
2 152
2 153
2 156
2 158
2 160
2 175
2 187
2 189
3 1
3 3
3 6
3 31
3 37
3 43
3 55
3 64
3 67
3 70
3 78
3 84
3 104
3 105
3 125
3 134
3 139
3 155
3 159
3 174
3 185
3 195
3 196
4 7
4 10
4 19
4 21
4 25
4 46
4 56
4 58
4 72
4 76
4 90
4 98
4 103
4 111
4 132
4 133
4 157
4 165
4 166
4 180
4 194
4 197
5 34
5 54
5 66
5 79
5 87
5 92
5 117
5 140
5 146
5 148
5 154
5 178
5 182
5 188
6 5
6 13
6 42
6 50
6 60
6 69
6 91
6 94
6 95
6 100
6 112
6 122
6 126
6 137
6 141
6 142
6 145
6 150
6 162
6 167
6 186
7 2
7 8
7 9
7 12
7 14
7 16
7 17
7 18
7 23
7 26
7 29
7 30
7 41
7 52
7 57
7 65
7 102
7 119
7 120
7 127
7 131
7 138
7 151
7 161
7 170
7 171
7 172
7 173
7 192
7 198
8 11
8 28
8 32
8 35
8 36
8 38
8 40
8 44
8 61
8 73
8 74
8 116
8 121
8 123
8 128
8 135
8 143
8 149
8 183
8 199
