0 13
0 22
0 34
0 36
0 42
0 46
0 53
0 57
0 70
0 83
0 94
0 120
0 122
0 124
0 141
0 151
0 153
0 158
0 159
0 168
0 174
0 184
0 198
0 220
0 222
0 226
0 242
0 246
0 255
0 270
0 283
0 289
0 291
0 293
0 306
0 315
0 321
0 328
0 349
0 350
0 354
0 364
0 381
0 391
1 20
1 24
1 43
1 47
1 51
1 71
1 78
1 87
1 105
1 107
1 112
1 135
1 138
1 143
1 147
1 148
1 160
1 161
1 162
1 171
1 172
1 177
1 180
1 187
1 208
1 218
1 247
1 256
1 298
1 300
1 310
1 334
1 386
1 390
2 2
2 4
2 7
2 16
2 17
2 18
2 21
2 35
2 37
2 44
2 48
2 62
2 64
2 66
2 69
2 72
2 80
2 81
2 88
2 89
2 91
2 95
2 97
2 102
2 104
2 117
2 125
2 126
2 128
2 132
2 133
2 137
2 146
2 152
2 155
2 156
2 157
2 164
2 166
2 178
2 182
2 183
2 185
2 186
2 189
2 192
2 195
2 196
2 199
2 200
2 201
2 203
2 206
2 209
2 212
2 213
2 224
2 225
2 227
2 228
2 232
2 233
2 234
2 235
2 236
2 238
2 241
2 244
2 252
2 259
2 264
2 266
2 269
2 277
2 278
2 285
2 295
2 305
2 308
2 317
2 318
2 320
2 325
2 326
2 343
2 345
2 346
2 347
2 348
2 355
2 356
2 357
2 358
2 359
2 363
2 366
2 370
2 372
2 373
2 375
2 376
2 377
2 378
2 380
2 388
2 392
2 395
2 399
3 3
3 8
3 11
3 32
3 49
3 76
3 79
3 82
3 93
3 96
3 100
3 108
3 109
3 110
3 131
3 176
3 190
3 204
3 216
3 217
3 265
3 273
3 281
3 286
3 288
3 294
3 296
3 302
3 312
3 324
3 339
3 341
3 383
3 387
4 5
4 25
4 26
4 40
4 45
4 55
4 98
4 103
4 116
4 136
4 145
4 167
4 181
4 194
4 210
4 214
4 230
4 239
4 245
4 253
4 267
4 268
4 284
4 307
4 331
4 360
4 362
4 368
5 12
5 23
5 41
5 58
5 75
5 85
5 115
5 129
5 130
5 134
5 142
5 154
5 191
5 207
5 279
5 301
5 319
5 384
5 389
6 0
6 33
6 38
6 50
6 63
6 86
6 92
6 111
6 121
6 123
6 140
6 169
6 170
6 179
6 193
6 215
6 221
6 240
6 243
6 248
6 254
6 257
6 261
6 274
6 275
6 280
6 309
6 311
6 313
6 314
6 322
6 329
6 336
6 337
6 342
6 351
6 353
6 367
6 374
6 382
6 385
6 394
6 398
7 15
7 28
7 39
7 59
7 113
7 127
7 149
7 202
7 249
7 263
7 272
7 323
7 333
7 379
8 9
8 67
8 77
8 84
8 99
8 106
8 119
8 165
8 229
8 231
8 250
8 258
8 271
8 330
8 332
8 338
8 361
8 371
8 393
9 1
9 6
9 10
9 14
9 19
9 27
9 29
9 30
9 31
9 52
9 54
9 56
9 60
9 61
9 65
9 68
9 73
9 74
9 90
9 101
9 114
9 118
9 139
9 144
9 150
9 163
9 173
9 175
9 188
9 197
9 205
9 211
9 219
9 223
9 237
9 251
9 260
9 262
9 276
9 282
9 287
9 290
9 292
9 297
9 299
9 303
9 304
9 316
9 327
9 335
9 340
9 344
9 352
9 365
9 369
9 396
9 397
