0 1
0 6
0 10
0 13
0 14
0 19
0 27
0 29
0 30
0 52
0 54
0 56
0 60
0 61
0 65
0 68
0 73
0 74
0 90
0 101
0 114
0 118
0 139
0 144
0 150
0 163
0 173
0 175
0 188
0 197
0 205
0 219
0 223
0 251
0 255
0 260
0 262
0 282
0 287
0 290
0 292
0 297
0 299
0 304
0 316
0 327
0 335
0 340
0 344
0 365
0 369
0 396
0 397
1 3
1 11
1 32
1 49
1 76
1 80
1 82
1 93
1 96
1 97
1 108
1 109
1 110
1 131
1 157
1 176
1 190
1 204
1 216
1 217
1 264
1 265
1 269
1 273
1 281
1 286
1 288
1 296
1 302
1 312
1 339
1 341
1 380
1 383
1 387
1 395
2 0
2 33
2 50
2 121
2 140
2 170
2 179
2 193
2 208
2 221
2 240
2 274
2 280
2 311
2 313
2 314
2 342
2 353
2 361
2 374
2 385
2 394
2 398
3 5
3 17
3 20
3 25
3 40
3 55
3 100
3 103
3 112
3 116
3 136
3 145
3 167
3 171
3 181
3 189
3 194
3 203
3 214
3 227
3 267
3 284
3 307
3 310
3 331
3 347
3 360
3 362
3 368
4 8
4 15
4 28
4 39
4 59
4 79
4 113
4 127
4 149
4 202
4 245
4 249
4 263
4 268
4 272
4 294
4 319
4 323
4 333
4 379
5 18
5 35
5 38
5 48
5 51
5 63
5 66
5 78
5 81
5 86
5 87
5 88
5 89
5 92
5 123
5 125
5 126
5 128
5 143
5 147
5 148
5 156
5 162
5 169
5 172
5 177
5 180
5 192
5 211
5 215
5 233
5 234
5 243
5 244
5 246
5 248
5 254
5 256
5 257
5 261
5 275
5 285
5 309
5 318
5 322
5 325
5 329
5 336
5 337
5 343
5 351
5 357
5 367
5 386
5 390
6 12
6 23
6 26
6 41
6 45
6 58
6 75
6 85
6 98
6 115
6 129
6 130
6 134
6 142
6 154
6 191
6 207
6 210
6 230
6 239
6 253
6 279
6 301
6 384
6 389
7 34
7 36
7 46
7 83
7 94
7 119
7 120
7 124
7 141
7 151
7 153
7 158
7 174
7 182
7 198
7 222
7 242
7 270
7 291
7 293
7 306
7 317
7 321
7 328
7 354
7 364
7 391
8 24
8 47
8 71
8 105
8 107
8 135
8 138
8 160
8 161
8 187
8 218
8 247
8 300
8 334
9 2
9 4
9 7
9 16
9 21
9 37
9 43
9 44
9 62
9 64
9 69
9 72
9 91
9 95
9 102
9 104
9 117
9 132
9 133
9 137
9 146
9 152
9 155
9 164
9 166
9 178
9 183
9 185
9 186
9 195
9 196
9 199
9 200
9 201
9 206
9 209
9 212
9 213
9 224
9 225
9 228
9 232
9 235
9 236
9 237
9 238
9 241
9 252
9 259
9 266
9 277
9 278
9 295
9 298
9 303
9 305
9 308
9 320
9 326
9 345
9 346
9 348
9 355
9 356
9 358
9 359
9 363
9 366
9 370
9 372
9 373
9 375
9 376
9 377
9 378
9 388
9 392
9 399
10 9
10 67
10 77
10 84
10 99
10 106
10 165
10 229
10 231
10 250
10 258
10 271
10 324
10 330
10 332
10 338
10 371
10 393
11 22
11 31
11 42
11 53
11 57
11 70
11 111
11 122
11 159
11 168
11 184
11 220
11 226
11 276
11 283
11 289
11 315
11 349
11 350
11 352
11 381
11 382
