0 10
0 20
0 35
0 37
0 50
0 81
0 86
0 88
0 114
0 162
0 172
0 205
0 209
0 225
0 247
0 259
0 280
0 284
0 297
0 324
0 346
0 356
0 378
0 390
1 2
1 12
1 15
1 43
1 95
1 108
1 125
1 132
1 134
1 136
1 140
1 145
1 154
1 160
1 171
1 224
1 249
1 258
1 265
1 292
1 294
1 322
1 343
1 347
1 351
1 362
1 377
1 389
2 49
2 71
2 91
2 100
2 103
2 104
2 135
2 138
2 196
2 208
2 239
2 272
2 279
2 331
2 379
2 383
3 0
3 3
3 9
3 13
3 34
3 59
3 62
3 67
3 72
3 83
3 97
3 109
3 119
3 123
3 130
3 131
3 144
3 156
3 158
3 159
3 164
3 188
3 200
3 217
3 231
3 242
3 264
3 266
3 268
3 269
3 305
3 341
3 354
3 361
3 363
3 364
3 367
3 371
3 381
3 382
3 387
3 394
4 8
4 38
4 41
4 46
4 80
4 84
4 98
4 105
4 149
4 153
4 189
4 193
4 194
4 214
4 235
4 302
4 317
4 355
4 392
5 5
5 11
5 16
5 17
5 64
5 76
5 85
5 93
5 99
5 115
5 126
5 142
5 157
5 165
5 170
5 174
5 191
5 199
5 204
5 207
5 220
5 252
5 281
5 291
5 301
5 323
5 328
5 333
5 358
5 360
5 368
5 376
5 398
6 1
6 14
6 18
6 27
6 47
6 56
6 57
6 94
6 112
6 120
6 133
6 143
6 148
6 150
6 151
6 155
6 163
6 181
6 184
6 215
6 221
6 223
6 236
6 240
6 251
6 254
6 256
6 262
6 270
6 276
6 278
6 293
6 303
6 306
6 325
6 342
6 344
6 370
6 388
6 396
6 397
7 22
7 30
7 51
7 79
7 92
7 96
7 110
7 147
7 166
7 213
7 228
7 237
7 271
7 273
7 274
7 287
7 288
7 304
7 316
7 326
7 336
7 352
7 359
7 380
7 386
7 395
7 399
8 26
8 32
8 33
8 45
8 48
8 58
8 61
8 77
8 78
8 116
8 121
8 129
8 179
8 216
8 226
8 230
8 232
8 260
8 263
8 285
8 295
8 309
8 313
8 314
8 320
8 329
8 353
8 357
8 372
8 373
8 374
8 384
9 4
9 19
9 31
9 60
9 66
9 68
9 70
9 74
9 113
9 139
9 161
9 185
9 186
9 203
9 212
9 227
9 233
9 241
9 243
9 245
9 261
9 267
9 275
9 277
9 290
9 298
9 300
9 308
9 310
9 318
9 340
9 349
9 350
9 366
9 369
9 385
10 23
10 24
10 55
10 73
10 102
10 117
10 127
10 177
10 178
10 195
10 234
10 289
10 307
10 345
10 348
11 7
11 52
11 89
11 90
11 107
11 111
11 122
11 168
11 182
11 202
11 210
11 218
11 248
11 257
11 283
11 311
11 312
11 330
11 332
11 334
12 6
12 21
12 25
12 28
12 29
12 40
12 65
12 75
12 118
12 124
12 128
12 152
12 167
12 173
12 176
12 180
12 183
12 192
12 197
12 201
12 211
12 219
12 238
12 244
12 246
12 250
12 253
12 299
12 319
12 327
12 335
12 337
12 393
13 36
13 39
13 42
13 44
13 53
13 54
13 63
13 69
13 82
13 87
13 101
13 106
13 137
13 141
13 146
13 169
13 175
13 187
13 190
13 198
13 206
13 222
13 229
13 255
13 282
13 286
13 296
13 315
13 321
13 338
13 339
13 365
13 375
13 391
