0 0
0 32
0 126
0 129
0 137
0 170
0 220
0 237
0 273
0 274
0 281
0 316
0 321
0 326
0 336
0 359
0 368
0 395
0 399
1 2
1 12
1 15
1 43
1 95
1 103
1 108
1 125
1 132
1 134
1 136
1 140
1 145
1 154
1 160
1 161
1 171
1 179
1 224
1 249
1 258
1 265
1 292
1 294
1 320
1 322
1 343
1 347
1 351
1 362
1 377
1 389
2 6
2 21
2 25
2 28
2 40
2 50
2 118
2 124
2 128
2 152
2 167
2 173
2 175
2 176
2 183
2 192
2 197
2 211
2 219
2 244
2 246
2 250
2 280
2 282
2 299
2 319
2 327
2 335
2 337
3 8
3 26
3 38
3 41
3 45
3 46
3 48
3 58
3 77
3 80
3 84
3 98
3 105
3 121
3 149
3 153
3 189
3 193
3 194
3 230
3 235
3 260
3 263
3 309
3 314
3 317
3 329
3 353
3 355
3 372
3 373
3 374
3 384
3 392
4 5
4 11
4 16
4 17
4 64
4 76
4 85
4 93
4 99
4 115
4 142
4 174
4 191
4 199
4 207
4 252
4 279
4 291
4 301
4 302
4 323
4 333
4 358
4 360
4 376
4 379
4 383
4 398
5 1
5 14
5 18
5 27
5 47
5 56
5 57
5 94
5 112
5 120
5 133
5 143
5 148
5 150
5 151
5 155
5 163
5 181
5 184
5 215
5 221
5 223
5 236
5 240
5 251
5 254
5 256
5 262
5 270
5 276
5 278
5 293
5 303
5 306
5 325
5 338
5 342
5 344
5 370
5 388
5 396
5 397
6 23
6 24
6 55
6 73
6 102
6 127
6 177
6 178
6 195
6 234
6 261
6 267
6 289
6 307
6 345
6 348
7 7
7 52
7 107
7 111
7 122
7 168
7 182
7 202
7 210
7 218
7 248
7 257
7 283
7 311
7 312
7 334
8 13
8 59
8 67
8 83
8 109
8 119
8 130
8 157
8 159
8 165
8 200
8 204
8 217
8 242
8 266
8 328
8 354
8 363
8 364
8 367
8 381
8 382
8 394
9 4
9 19
9 31
9 60
9 66
9 68
9 70
9 74
9 113
9 114
9 139
9 185
9 212
9 227
9 233
9 241
9 243
9 245
9 277
9 290
9 298
9 300
9 308
9 310
9 318
9 340
9 349
9 350
9 366
9 369
9 385
10 3
10 9
10 34
10 42
10 53
10 54
10 62
10 69
10 72
10 82
10 97
10 101
10 106
10 123
10 131
10 141
10 144
10 146
10 156
10 158
10 164
10 169
10 188
10 190
10 222
10 231
10 255
10 264
10 268
10 269
10 286
10 305
10 341
10 361
10 365
10 371
10 375
10 387
11 49
11 71
11 91
11 100
11 104
11 117
11 135
11 138
11 196
11 208
11 214
11 239
11 272
11 331
12 10
12 20
12 35
12 81
12 86
12 88
12 89
12 90
12 162
12 172
12 186
12 203
12 205
12 209
12 225
12 247
12 259
12 275
12 284
12 297
12 324
12 330
12 332
12 356
12 390
13 22
13 30
13 51
13 79
13 92
13 96
13 110
13 147
13 166
13 180
13 198
13 213
13 238
13 287
13 288
13 304
13 315
13 339
13 386
14 29
14 33
14 36
14 37
14 39
14 44
14 61
14 63
14 65
14 75
14 78
14 87
14 116
14 187
14 201
14 206
14 216
14 226
14 228
14 229
14 232
14 253
14 271
14 285
14 295
14 296
14 313
14 346
14 352
14 357
14 378
14 380
14 391
14 393
