0 0
0 13
0 59
0 64
0 109
0 115
0 119
0 126
0 130
0 142
0 157
0 165
0 170
0 191
0 200
0 204
0 220
0 266
0 301
0 328
0 333
0 354
0 367
0 394
1 1
1 14
1 18
1 27
1 47
1 56
1 57
1 94
1 112
1 120
1 133
1 143
1 148
1 150
1 151
1 155
1 163
1 184
1 215
1 221
1 223
1 236
1 240
1 251
1 254
1 256
1 262
1 270
1 276
1 293
1 306
1 325
1 342
1 370
1 388
1 396
2 10
2 35
2 36
2 37
2 39
2 44
2 50
2 63
2 65
2 81
2 86
2 87
2 88
2 162
2 172
2 187
2 192
2 205
2 225
2 229
2 247
2 259
2 280
2 296
2 297
2 324
2 346
2 356
2 378
2 390
2 391
3 22
3 30
3 51
3 92
3 96
3 110
3 137
3 147
3 166
3 198
3 213
3 228
3 237
3 273
3 274
3 281
3 286
3 288
3 304
3 316
3 326
3 336
3 352
3 359
3 380
3 386
3 395
3 399
4 4
4 60
4 66
4 161
4 186
4 203
4 212
4 243
4 245
4 261
4 267
4 275
4 290
4 298
4 308
4 310
4 318
4 351
4 366
5 5
5 11
5 16
5 17
5 41
5 49
5 76
5 85
5 93
5 99
5 174
5 196
5 199
5 207
5 235
5 291
5 302
5 323
5 358
5 360
5 368
5 376
5 379
5 383
5 384
5 392
5 398
6 32
6 33
6 48
6 61
6 78
6 116
6 121
6 129
6 179
6 206
6 216
6 226
6 232
6 285
6 295
6 309
6 313
6 320
6 357
6 372
6 374
7 3
7 9
7 34
7 42
7 53
7 54
7 62
7 67
7 69
7 72
7 82
7 83
7 97
7 106
7 123
7 131
7 141
7 144
7 146
7 156
7 158
7 159
7 164
7 188
7 190
7 217
7 222
7 231
7 242
7 255
7 264
7 268
7 269
7 305
7 321
7 338
7 341
7 361
7 363
7 364
7 365
7 371
7 375
7 381
7 382
7 387
8 2
8 12
8 43
8 95
8 103
8 108
8 125
8 132
8 134
8 136
8 140
8 145
8 154
8 160
8 171
8 224
8 249
8 252
8 258
8 279
8 292
8 294
8 322
8 343
8 347
8 362
8 377
8 389
9 7
9 52
9 89
9 90
9 107
9 111
9 122
9 168
9 182
9 202
9 210
9 218
9 248
9 257
9 283
9 311
9 312
9 330
9 332
9 334
10 25
10 79
10 101
10 118
10 152
10 169
10 175
10 176
10 180
10 183
10 219
10 238
10 244
10 250
10 282
10 287
10 315
10 319
10 327
10 339
11 19
11 31
11 68
11 70
11 74
11 113
11 114
11 139
11 181
11 185
11 209
11 227
11 233
11 241
11 277
11 278
11 284
11 300
11 303
11 340
11 344
11 349
11 350
11 369
11 385
11 397
12 6
12 20
12 21
12 28
12 29
12 40
12 75
12 124
12 128
12 167
12 173
12 197
12 201
12 211
12 246
12 253
12 271
12 299
12 335
12 337
12 393
13 71
13 91
13 100
13 104
13 117
13 135
13 138
13 208
13 214
13 239
13 272
13 331
14 15
14 23
14 24
14 55
14 73
14 102
14 127
14 177
14 178
14 195
14 234
14 265
14 289
14 307
14 345
14 348
15 8
15 26
15 38
15 45
15 46
15 58
15 77
15 80
15 84
15 98
15 105
15 149
15 153
15 189
15 193
15 194
15 230
15 260
15 263
15 314
15 317
15 329
15 353
15 355
15 373
