0 7
0 16
0 21
0 37
0 62
0 64
0 72
0 95
0 102
0 104
0 132
0 137
0 146
0 152
0 155
0 157
0 164
0 166
0 183
0 185
0 186
0 195
0 196
0 199
0 200
0 206
0 212
0 224
0 225
0 228
0 235
0 236
0 238
0 241
0 252
0 259
0 266
0 278
0 295
0 305
0 320
0 326
0 343
0 345
0 346
0 348
0 358
0 359
0 363
0 370
0 372
0 375
0 376
0 377
0 388
0 392
0 395
0 399
1 48
1 50
1 66
1 69
1 81
1 86
1 110
1 121
1 123
1 128
1 156
1 170
1 172
1 179
1 240
1 244
1 246
1 248
1 254
1 257
1 261
1 275
1 309
1 318
1 322
1 324
1 329
1 336
1 351
1 367
1 385
1 398
2 12
2 41
2 58
2 75
2 85
2 115
2 130
2 134
2 142
2 154
2 191
2 207
2 279
2 384
2 389
3 3
3 8
3 11
3 32
3 49
3 76
3 79
3 80
3 82
3 93
3 96
3 97
3 100
3 108
3 109
3 131
3 176
3 190
3 204
3 216
3 217
3 264
3 265
3 269
3 273
3 281
3 286
3 288
3 294
3 296
3 302
3 312
3 339
3 341
3 380
3 383
3 387
4 15
4 28
4 39
4 113
4 127
4 149
4 245
4 263
4 323
4 333
5 22
5 42
5 53
5 57
5 122
5 159
5 168
5 220
5 315
5 350
5 382
6 17
6 25
6 40
6 55
6 103
6 112
6 116
6 136
6 145
6 171
6 181
6 189
6 194
6 203
6 214
6 227
6 232
6 233
6 284
6 307
6 310
6 331
6 347
6 360
6 362
6 368
7 34
7 36
7 46
7 83
7 94
7 119
7 120
7 124
7 141
7 151
7 153
7 174
7 182
7 198
7 222
7 231
7 242
7 270
7 291
7 293
7 306
7 317
7 328
7 338
7 354
7 364
7 391
7 393
8 13
8 27
8 31
8 65
8 70
8 114
8 158
8 175
8 184
8 197
8 226
8 255
8 276
8 282
8 283
8 289
8 292
8 321
8 335
8 349
8 352
8 365
8 381
9 20
9 71
9 78
9 105
9 107
9 135
9 138
9 147
9 160
9 161
9 177
9 180
9 187
9 208
9 218
9 247
9 334
10 9
10 67
10 77
10 84
10 99
10 106
10 165
10 229
10 250
10 258
10 271
10 330
10 332
10 371
11 0
11 33
11 111
11 140
11 193
11 221
11 274
11 280
11 311
11 313
11 314
11 342
11 353
11 361
11 374
11 394
12 59
12 129
12 202
12 249
12 272
12 301
12 319
12 379
13 2
13 4
13 24
13 35
13 43
13 44
13 47
13 87
13 91
13 117
13 126
13 133
13 148
13 178
13 201
13 209
13 213
13 277
13 298
13 300
13 308
13 355
13 356
13 366
13 373
13 378
13 390
14 5
14 23
14 26
14 45
14 98
14 167
14 210
14 230
14 239
14 253
14 267
14 268
15 18
15 38
15 51
15 63
15 88
15 89
15 92
15 125
15 143
15 162
15 169
15 192
15 211
15 215
15 234
15 243
15 256
15 285
15 325
15 337
15 340
15 357
15 386
16 1
16 6
16 10
16 14
16 19
16 29
16 30
16 52
16 54
16 56
16 60
16 61
16 68
16 73
16 74
16 90
16 101
16 118
16 139
16 144
16 150
16 163
16 173
16 188
16 205
16 219
16 223
16 237
16 251
16 260
16 262
16 287
16 290
16 297
16 299
16 303
16 304
16 316
16 327
16 344
16 369
16 396
16 397
