0 5
0 16
0 17
0 32
0 41
0 76
0 85
0 99
0 115
0 126
0 129
0 174
0 199
0 207
0 291
0 295
0 302
0 309
0 323
0 336
0 360
0 372
0 374
0 376
0 384
0 398
1 42
1 53
1 54
1 69
1 79
1 82
1 101
1 106
1 141
1 158
1 169
1 175
1 188
1 190
1 215
1 222
1 255
1 282
1 286
1 293
1 315
1 339
1 361
1 365
1 375
2 64
2 93
2 125
2 134
2 142
2 157
2 161
2 179
2 191
2 204
2 252
2 292
2 298
2 301
2 322
2 333
2 347
2 351
2 362
2 377
3 8
3 26
3 38
3 45
3 46
3 58
3 77
3 80
3 84
3 149
3 189
3 194
3 230
3 235
3 263
3 314
3 317
3 329
3 353
3 355
3 373
4 3
4 9
4 34
4 59
4 62
4 67
4 83
4 109
4 119
4 123
4 130
4 131
4 156
4 159
4 164
4 217
4 231
4 242
4 268
4 305
4 321
4 341
4 354
4 363
4 367
4 371
4 381
4 387
5 22
5 30
5 51
5 92
5 96
5 110
5 137
5 147
5 166
5 198
5 213
5 228
5 237
5 271
5 273
5 274
5 287
5 288
5 304
5 316
5 352
5 359
5 380
5 386
5 393
5 395
5 399
6 10
6 35
6 36
6 37
6 39
6 44
6 63
6 65
6 81
6 87
6 89
6 114
6 146
6 162
6 172
6 187
6 192
6 205
6 206
6 209
6 225
6 229
6 247
6 259
6 280
6 284
6 296
6 297
6 324
6 356
6 378
6 390
6 391
7 66
7 90
7 107
7 122
7 127
7 186
7 202
7 203
7 210
7 243
7 257
7 275
8 2
8 11
8 12
8 15
8 43
8 95
8 103
8 108
8 132
8 136
8 140
8 145
8 154
8 160
8 171
8 224
8 249
8 258
8 265
8 272
8 279
8 294
8 307
8 343
8 379
8 383
8 389
9 0
9 13
9 165
9 170
9 220
9 266
9 281
9 326
9 328
9 368
9 394
10 4
10 19
10 31
10 60
10 68
10 70
10 74
10 113
10 185
10 212
10 227
10 233
10 241
10 245
10 267
10 290
10 300
10 308
10 310
10 318
10 349
10 350
10 366
11 20
11 29
11 33
11 48
11 61
11 75
11 78
11 116
11 121
11 201
11 216
11 226
11 232
11 253
11 260
11 285
11 313
11 320
11 346
11 357
12 23
12 24
12 55
12 73
12 102
12 177
12 178
12 195
12 234
12 289
12 345
12 348
13 7
13 52
13 86
13 111
13 168
13 182
13 218
13 248
13 261
13 283
13 311
13 312
13 330
13 332
13 334
14 14
14 18
14 56
14 57
14 72
14 97
14 133
14 144
14 148
14 150
14 151
14 163
14 181
14 200
14 221
14 223
14 236
14 240
14 251
14 256
14 264
14 269
14 278
14 306
14 325
14 338
14 342
14 364
14 370
14 382
14 396
14 397
15 49
15 98
15 105
15 153
15 193
15 196
15 214
15 331
15 358
15 392
16 6
16 21
16 25
16 28
16 40
16 118
16 124
16 128
16 152
16 167
16 173
16 176
16 180
16 183
16 197
16 211
16 219
16 238
16 244
16 246
16 250
16 299
16 319
16 335
16 337
17 71
17 91
17 100
17 104
17 117
17 135
17 138
17 208
17 239
18 1
18 27
18 47
18 50
18 88
18 94
18 112
18 120
18 139
18 143
18 155
18 184
18 254
18 262
18 270
18 276
18 277
18 303
18 327
18 340
18 344
18 369
18 385
18 388
