0 1
0 6
0 10
0 14
0 19
0 22
0 27
0 29
0 30
0 38
0 54
0 61
0 68
0 70
0 74
0 90
0 101
0 111
0 118
0 139
0 144
0 148
0 150
0 163
0 168
0 173
0 188
1 93
1 164
1 174
1 176
2 0
2 17
2 18
2 50
2 83
2 112
2 121
2 122
2 171
2 179
3 36
3 42
3 46
3 77
3 89
3 110
3 114
3 140
3 151
3 158
3 159
4 3
4 12
4 16
4 40
4 190
5 92
5 95
5 104
5 105
5 135
5 143
5 147
6 11
6 39
6 76
6 80
6 128
6 146
6 149
7 5
7 55
7 97
7 100
7 113
8 2
8 24
8 47
8 71
8 91
8 102
8 107
8 117
8 133
8 155
8 160
8 172
8 178
8 180
8 185
8 192
9 26
9 45
9 58
9 85
9 98
9 115
9 129
9 134
9 167
9 194
9 195
10 25
10 116
10 130
10 142
11 69
11 106
11 127
11 136
11 152
11 196
12 33
12 51
12 56
12 78
12 86
12 88
12 126
12 162
12 166
12 186
13 62
13 94
13 99
13 119
13 124
13 141
13 153
13 165
13 198
13 199
14 7
14 15
14 28
14 79
14 82
14 96
14 108
14 131
14 132
14 154
14 182
15 13
15 31
15 52
15 53
15 60
15 63
15 65
15 67
15 73
15 170
15 175
15 184
15 197
16 8
16 49
16 137
17 103
17 145
17 156
17 161
17 183
17 187
17 191
18 4
18 9
18 20
18 21
18 23
18 32
18 34
18 37
18 41
18 43
18 48
18 57
18 59
18 64
18 66
18 72
18 75
18 81
18 84
18 87
18 109
18 120
18 125
18 138
18 157
18 169
18 177
18 181
18 189
18 193
19 35
19 44
19 123
