0 32
0 34
0 39
0 58
0 83
0 122
0 128
0 129
0 143
0 162
0 179
0 225
0 312
0 333
0 341
0 345
0 360
0 362
0 386
0 388
0 393
1 11
1 12
1 29
1 30
1 42
1 54
1 63
1 74
1 81
1 87
1 90
1 93
1 104
1 106
1 135
1 147
1 149
1 189
1 195
1 236
1 244
1 261
1 266
1 267
1 274
1 280
1 281
1 294
1 304
1 306
1 309
1 318
1 321
1 328
1 336
1 351
1 354
1 358
1 385
1 392
1 394
2 2
2 110
2 142
2 199
2 228
2 239
2 243
2 316
2 339
2 357
2 359
3 15
3 36
3 41
3 61
3 71
3 77
3 112
3 115
3 126
3 138
3 153
3 171
3 173
3 193
3 197
3 210
3 214
3 215
3 286
3 289
3 291
3 301
3 335
4 7
4 13
4 43
4 82
4 98
4 105
4 119
4 125
4 152
4 157
4 170
4 183
4 242
4 269
4 285
4 290
4 307
4 314
4 323
4 375
4 377
4 383
5 0
5 4
5 5
5 6
5 9
5 18
5 21
5 23
5 25
5 31
5 35
5 37
5 40
5 45
5 48
5 50
5 52
5 55
5 59
5 64
5 66
5 67
5 69
5 76
5 78
5 79
5 80
5 84
5 88
5 89
5 91
5 92
5 94
5 99
5 100
5 102
5 103
5 107
5 113
5 114
5 117
5 134
5 139
5 145
5 146
5 151
5 154
5 156
5 158
5 163
5 172
5 178
5 181
5 182
5 186
5 187
5 192
5 194
5 196
5 200
5 202
5 204
5 207
5 211
5 212
5 213
5 218
5 222
5 223
5 224
5 229
5 234
5 237
5 240
5 246
5 247
5 252
5 253
5 255
5 259
5 260
5 262
5 263
5 264
5 268
5 270
5 271
5 272
5 273
5 275
5 276
5 277
5 278
5 279
5 284
5 287
5 292
5 295
5 297
5 308
5 311
5 313
5 315
5 317
5 319
5 325
5 327
5 329
5 331
5 332
5 334
5 340
5 342
5 344
5 349
5 353
5 361
5 363
5 364
5 365
5 366
5 369
5 370
5 371
5 372
5 373
5 374
5 376
5 384
5 387
5 390
5 397
6 1
6 8
6 16
6 19
6 20
6 22
6 26
6 27
6 33
6 38
6 47
6 53
6 57
6 60
6 65
6 68
6 70
6 85
6 96
6 101
6 109
6 111
6 120
6 121
6 123
6 124
6 136
6 140
6 144
6 155
6 159
6 160
6 165
6 167
6 168
6 169
6 175
6 177
6 190
6 201
6 203
6 206
6 209
6 226
6 230
6 231
6 238
6 245
6 251
6 254
6 282
6 299
6 300
6 302
6 303
6 310
6 320
6 338
6 347
6 348
6 352
6 355
6 379
6 381
6 382
6 389
6 395
6 399
7 17
7 24
7 137
7 141
7 191
7 391
8 3
8 10
8 14
8 28
8 44
8 49
8 51
8 56
8 62
8 72
8 73
8 75
8 95
8 97
8 108
8 118
8 130
8 131
8 132
8 133
8 150
8 161
8 164
8 166
8 174
8 184
8 188
8 198
8 205
8 208
8 217
8 219
8 220
8 221
8 227
8 232
8 233
8 235
8 241
8 248
8 249
8 256
8 258
8 283
8 288
8 293
8 296
8 298
8 305
8 322
8 326
8 330
8 337
8 343
8 356
8 367
8 368
8 378
8 380
8 396
9 46
9 86
9 116
9 127
9 148
9 176
9 180
9 185
9 216
9 250
9 257
9 265
9 324
9 346
9 350
9 398
