0 15
0 16
0 25
0 26
0 31
0 35
0 41
0 58
0 68
0 70
0 73
0 74
0 75
0 80
0 84
0 90
0 94
0 106
0 135
0 157
0 158
0 165
0 166
0 171
0 175
0 185
0 190
0 196
1 2
1 14
1 21
1 23
1 39
1 49
1 57
1 59
1 61
1 71
1 85
1 87
1 88
1 97
1 108
1 124
1 125
1 132
1 136
1 142
1 149
1 160
1 161
1 173
1 174
1 178
1 181
1 184
2 5
2 50
2 79
2 99
2 102
2 103
2 116
2 134
3 0
3 46
3 66
3 81
3 92
3 93
3 105
3 127
3 179
3 195
4 4
4 6
4 8
4 9
4 10
4 11
4 17
4 20
4 22
4 37
4 38
4 44
4 47
4 52
4 53
4 55
4 62
4 63
4 64
4 67
4 82
4 83
4 86
4 95
4 100
4 104
4 113
4 115
4 123
4 126
4 144
4 148
4 152
4 154
4 164
4 170
4 172
4 176
4 180
4 188
4 189
4 198
4 199
5 13
5 32
5 60
5 65
5 77
5 96
5 120
5 141
5 162
5 183
5 192
6 27
6 28
6 30
6 33
6 40
6 42
6 54
6 72
6 109
6 128
6 131
6 138
6 139
6 146
6 163
6 168
6 186
6 187
7 3
7 18
7 19
7 24
7 45
7 51
7 56
7 78
7 101
7 111
7 119
7 121
7 130
7 140
7 143
7 153
7 155
8 7
8 34
8 36
8 48
8 69
8 110
8 129
8 133
8 147
8 151
8 197
9 1
9 12
9 29
9 43
9 98
9 107
9 112
9 137
9 150
9 177
9 191
9 194
10 76
10 89
10 91
10 114
10 117
10 118
10 122
10 145
10 156
10 159
10 167
10 169
10 182
10 193
