0 13
0 105
0 170
0 183
0 285
0 307
0 309
0 323
0 375
0 377
1 1
1 8
1 11
1 12
1 38
1 44
1 47
1 53
1 60
1 65
1 68
1 73
1 74
1 108
1 111
1 136
1 140
1 161
1 167
1 168
1 184
1 205
1 219
1 226
1 232
1 241
1 254
1 258
1 283
1 288
1 290
1 294
1 296
1 299
1 302
1 330
1 336
2 10
2 14
2 28
2 62
2 72
2 75
2 166
2 174
2 221
2 227
2 233
2 256
2 293
2 312
2 356
3 2
3 110
3 142
3 228
3 239
3 357
4 3
4 49
4 51
4 56
4 92
4 95
4 97
4 118
4 122
4 130
4 131
4 132
4 133
4 150
4 164
4 179
4 188
4 198
4 208
4 217
4 220
4 235
4 249
4 298
4 305
4 322
4 326
4 337
4 341
4 343
4 367
4 368
4 380
4 393
4 396
5 17
5 24
5 36
5 137
5 141
5 173
5 191
5 391
6 7
6 43
6 82
6 119
6 199
6 242
6 243
6 316
6 339
6 359
7 15
7 41
7 57
7 61
7 71
7 77
7 112
7 115
7 126
7 138
7 153
7 160
7 171
7 193
7 197
7 210
7 214
7 215
7 286
7 289
7 291
7 301
7 335
8 0
8 4
8 5
8 6
8 9
8 18
8 21
8 23
8 25
8 31
8 35
8 37
8 40
8 45
8 48
8 50
8 52
8 55
8 59
8 64
8 66
8 67
8 69
8 76
8 78
8 79
8 80
8 84
8 88
8 89
8 91
8 94
8 99
8 100
8 102
8 103
8 107
8 113
8 114
8 134
8 135
8 139
8 145
8 146
8 151
8 154
8 156
8 158
8 163
8 172
8 178
8 181
8 182
8 186
8 187
8 192
8 194
8 196
8 200
8 202
8 204
8 207
8 211
8 212
8 213
8 218
8 222
8 223
8 224
8 229
8 234
8 237
8 240
8 246
8 247
8 248
8 252
8 253
8 255
8 260
8 262
8 263
8 264
8 268
8 270
8 271
8 272
8 273
8 275
8 276
8 277
8 278
8 279
8 284
8 287
8 292
8 295
8 297
8 308
8 311
8 313
8 315
8 317
8 319
8 320
8 325
8 327
8 329
8 331
8 332
8 334
8 340
8 342
8 344
8 349
8 353
8 358
8 361
8 363
8 364
8 365
8 366
8 369
8 370
8 371
8 372
8 373
8 374
8 376
8 384
8 387
8 390
8 397
9 32
9 34
9 39
9 58
9 83
9 128
9 129
9 143
9 162
9 225
9 333
9 345
9 360
9 362
9 386
9 388
10 46
10 116
10 127
10 148
10 176
10 180
10 185
10 216
10 250
10 257
10 265
10 346
10 350
10 398
11 29
11 98
11 106
11 152
11 157
11 189
11 195
11 244
11 261
11 267
11 269
11 281
11 304
11 314
11 321
11 351
11 383
11 392
12 16
12 22
12 30
12 42
12 54
12 63
12 70
12 81
12 87
12 90
12 93
12 101
12 104
12 120
12 123
12 125
12 147
12 149
12 165
12 177
12 236
12 259
12 266
12 274
12 280
12 306
12 318
12 328
12 354
12 378
12 379
12 385
12 394
13 19
13 20
13 26
13 27
13 33
13 85
13 86
13 96
13 109
13 117
13 121
13 124
13 144
13 155
13 159
13 169
13 175
13 190
13 201
13 203
13 206
13 209
13 230
13 231
13 238
13 245
13 251
13 282
13 300
13 303
13 310
13 324
13 338
13 347
13 348
13 352
13 355
13 381
13 382
13 389
13 395
13 399
