0 6
0 25
0 35
0 37
0 48
0 52
0 66
0 67
0 69
0 91
0 94
0 107
0 117
0 134
0 135
0 145
0 159
0 165
0 177
0 178
0 192
0 194
0 196
0 207
0 211
0 213
0 223
0 247
0 248
0 259
0 276
0 284
0 287
0 308
0 311
0 313
0 315
0 327
0 332
0 342
0 349
0 358
0 370
0 371
0 372
0 376
0 382
0 384
0 390
1 36
1 41
1 77
1 112
1 173
1 193
1 210
1 215
1 286
1 289
1 335
2 16
2 19
2 22
2 26
2 70
2 101
2 109
2 115
2 120
2 121
2 123
2 125
2 245
2 310
2 379
2 389
3 2
3 110
3 142
3 228
3 239
3 357
4 10
4 14
4 28
4 62
4 72
4 75
4 166
4 174
4 221
4 227
4 233
4 256
4 293
4 312
4 356
5 30
5 42
5 54
5 63
5 81
5 87
5 90
5 92
5 93
5 103
5 147
5 149
5 236
5 266
5 274
5 280
5 306
5 318
5 328
5 354
5 378
5 385
5 394
6 15
6 44
6 57
6 60
6 61
6 68
6 71
6 73
6 126
6 160
6 184
6 197
6 214
6 226
6 288
6 290
6 291
6 301
7 46
7 116
7 127
7 148
7 176
7 180
7 185
7 216
7 250
7 257
7 265
7 346
7 350
7 398
8 0
8 4
8 5
8 9
8 18
8 21
8 23
8 31
8 40
8 45
8 50
8 55
8 59
8 64
8 76
8 78
8 79
8 80
8 84
8 88
8 89
8 99
8 100
8 102
8 113
8 114
8 139
8 146
8 151
8 154
8 156
8 158
8 163
8 172
8 181
8 182
8 186
8 187
8 200
8 202
8 204
8 212
8 218
8 222
8 224
8 229
8 234
8 237
8 240
8 246
8 252
8 253
8 255
8 260
8 262
8 263
8 264
8 268
8 270
8 271
8 272
8 273
8 275
8 277
8 278
8 279
8 292
8 295
8 297
8 317
8 319
8 325
8 329
8 331
8 334
8 340
8 344
8 353
8 361
8 363
8 364
8 365
8 366
8 369
8 373
8 374
8 387
8 397
9 3
9 49
9 51
9 56
9 95
9 97
9 118
9 122
9 130
9 131
9 132
9 133
9 150
9 164
9 179
9 188
9 198
9 208
9 217
9 220
9 230
9 235
9 249
9 298
9 305
9 322
9 326
9 337
9 341
9 343
9 367
9 368
9 380
9 393
9 396
10 17
10 24
10 137
10 141
10 191
10 391
11 13
11 170
11 183
11 285
11 307
11 309
11 323
11 375
11 377
12 1
12 8
12 11
12 12
12 38
12 47
12 53
12 65
12 74
12 108
12 111
12 136
12 140
12 161
12 168
12 205
12 219
12 232
12 241
12 254
12 258
12 283
12 294
12 296
12 299
12 302
12 320
12 330
12 336
13 29
13 98
13 104
13 106
13 157
13 189
13 195
13 244
13 261
13 267
13 281
13 304
13 314
13 321
13 351
13 383
13 392
14 7
14 43
14 82
14 138
14 153
14 171
14 242
14 269
14 339
15 20
15 27
15 33
15 85
15 86
15 96
15 124
15 144
15 155
15 167
15 169
15 175
15 190
15 201
15 203
15 206
15 209
15 231
15 238
15 251
15 282
15 300
15 303
15 324
15 338
15 347
15 348
15 352
15 355
15 381
15 395
15 399
16 32
16 34
16 39
16 58
16 83
16 128
16 129
16 143
16 162
16 225
16 333
16 345
16 360
16 362
16 386
16 388
17 105
17 119
17 152
17 199
17 243
17 316
17 359
