0 4
0 6
0 7
0 8
0 9
0 10
0 11
0 15
0 16
0 17
0 20
0 22
0 25
0 26
0 27
0 28
0 30
0 31
0 33
0 34
0 35
0 36
0 37
0 38
0 40
0 41
0 42
0 43
0 44
0 47
0 52
0 53
0 54
0 55
0 57
0 58
0 62
0 63
0 64
0 67
0 68
0 70
0 72
0 74
0 75
0 80
0 82
0 83
0 84
0 86
0 87
0 90
0 94
0 95
0 100
0 104
0 106
0 108
0 109
0 110
0 113
0 115
0 123
0 126
0 128
0 129
0 131
0 133
0 135
0 138
0 139
0 144
0 146
0 148
0 151
0 152
0 154
0 157
0 161
0 163
0 164
0 165
0 168
0 170
0 171
0 172
0 175
0 176
0 180
0 181
0 185
0 186
0 187
0 188
0 189
0 190
0 192
0 196
0 198
0 199
1 1
1 2
1 5
1 12
1 14
1 21
1 23
1 29
1 39
1 49
1 50
1 59
1 61
1 71
1 79
1 85
1 88
1 97
1 98
1 99
1 102
1 103
1 107
1 112
1 116
1 124
1 125
1 132
1 134
1 136
1 137
1 142
1 145
1 149
1 150
1 160
1 173
1 177
1 178
1 184
1 191
1 194
2 0
2 3
2 13
2 18
2 19
2 24
2 32
2 45
2 46
2 48
2 51
2 56
2 60
2 65
2 66
2 69
2 73
2 76
2 77
2 78
2 81
2 89
2 91
2 92
2 93
2 96
2 101
2 105
2 111
2 114
2 117
2 118
2 119
2 120
2 121
2 122
2 127
2 130
2 140
2 141
2 143
2 147
2 153
2 155
2 156
2 158
2 159
2 162
2 166
2 167
2 169
2 174
2 179
2 182
2 183
2 193
2 195
2 197
