0 10
0 13
0 14
0 16
0 20
0 29
0 30
0 32
0 34
0 39
0 44
0 49
0 51
0 56
0 58
0 60
0 73
0 74
0 75
0 83
0 85
0 97
0 98
0 106
0 118
0 122
0 128
0 129
0 132
0 143
0 149
0 150
0 157
0 167
0 170
0 174
0 179
0 183
0 184
0 188
0 195
0 198
0 205
0 208
0 217
0 219
0 225
0 227
0 233
0 238
0 244
0 256
0 258
0 261
0 266
0 267
0 269
0 280
0 281
0 288
0 290
0 307
0 309
0 312
0 314
0 321
0 322
0 326
0 333
0 341
0 343
0 345
0 351
0 354
0 360
0 362
0 375
0 377
0 380
0 383
0 385
0 386
0 388
0 389
0 392
0 393
0 396
1 0
1 1
1 3
1 4
1 5
1 6
1 8
1 9
1 11
1 12
1 18
1 21
1 22
1 23
1 25
1 27
1 28
1 31
1 33
1 35
1 37
1 38
1 40
1 42
1 45
1 47
1 48
1 50
1 52
1 53
1 54
1 55
1 59
1 62
1 63
1 64
1 65
1 66
1 67
1 69
1 70
1 72
1 76
1 78
1 79
1 80
1 81
1 84
1 87
1 88
1 89
1 90
1 91
1 92
1 93
1 94
1 95
1 96
1 99
1 100
1 102
1 103
1 104
1 107
1 108
1 111
1 113
1 114
1 117
1 121
1 130
1 131
1 133
1 134
1 135
1 136
1 139
1 140
1 144
1 145
1 146
1 147
1 151
1 154
1 156
1 158
1 159
1 161
1 163
1 164
1 165
1 166
1 168
1 169
1 172
1 175
1 177
1 178
1 181
1 182
1 186
1 187
1 189
1 190
1 192
1 194
1 196
1 200
1 201
1 202
1 203
1 204
1 206
1 207
1 209
1 211
1 212
1 213
1 218
1 220
1 221
1 222
1 223
1 224
1 229
1 230
1 231
1 232
1 234
1 235
1 236
1 237
1 240
1 241
1 246
1 247
1 248
1 249
1 251
1 252
1 253
1 254
1 255
1 259
1 260
1 262
1 263
1 264
1 268
1 270
1 271
1 272
1 273
1 274
1 275
1 276
1 277
1 278
1 279
1 282
1 283
1 284
1 287
1 292
1 293
1 294
1 295
1 296
1 297
1 298
1 299
1 300
1 302
1 303
1 304
1 305
1 306
1 308
1 311
1 313
1 315
1 317
1 318
1 319
1 320
1 325
1 327
1 328
1 329
1 330
1 331
1 332
1 334
1 336
1 337
1 338
1 340
1 342
1 344
1 347
1 348
1 349
1 353
1 355
1 356
1 358
1 361
1 363
1 364
1 365
1 366
1 367
1 368
1 369
1 370
1 371
1 372
1 373
1 374
1 376
1 378
1 379
1 381
1 382
1 384
1 387
1 390
1 394
1 395
1 397
1 399
2 15
2 17
2 19
2 24
2 26
2 36
2 41
2 46
2 57
2 61
2 68
2 71
2 77
2 86
2 101
2 109
2 112
2 115
2 116
2 120
2 123
2 124
2 125
2 126
2 127
2 137
2 138
2 141
2 148
2 153
2 155
2 160
2 162
2 171
2 173
2 176
2 180
2 185
2 191
2 193
2 197
2 210
2 214
2 215
2 216
2 226
2 245
2 250
2 257
2 265
2 285
2 286
2 289
2 291
2 301
2 310
2 324
2 335
2 346
2 350
2 352
2 391
2 398
3 2
3 7
3 43
3 82
3 105
3 110
3 119
3 142
3 152
3 199
3 228
3 239
3 242
3 243
3 316
3 323
3 339
3 357
3 359
