0 10
0 12
0 13
0 15
0 28
0 29
0 30
0 42
0 54
0 61
0 62
0 63
0 72
0 74
0 75
0 81
0 90
0 98
0 104
0 106
0 147
0 149
0 153
0 157
0 170
0 174
0 189
0 195
0 214
0 227
0 233
0 236
0 244
0 254
0 256
0 261
0 266
0 267
0 269
0 274
0 280
0 281
0 283
0 291
0 294
0 304
0 306
0 309
0 314
0 318
0 321
0 336
0 351
0 354
0 375
0 377
0 383
0 385
0 392
1 2
1 7
1 43
1 82
1 105
1 110
1 119
1 142
1 152
1 199
1 228
1 239
1 242
1 243
1 316
1 323
1 339
1 357
1 359
2 17
2 24
2 34
2 36
2 41
2 46
2 77
2 112
2 115
2 125
2 128
2 129
2 137
2 138
2 141
2 148
2 162
2 171
2 173
2 183
2 185
2 191
2 193
2 210
2 215
2 250
2 265
2 285
2 286
2 289
2 307
2 333
2 335
2 350
2 362
2 386
2 391
2 398
3 0
3 3
3 4
3 5
3 6
3 8
3 9
3 11
3 18
3 21
3 23
3 25
3 31
3 35
3 37
3 40
3 45
3 47
3 48
3 50
3 52
3 53
3 55
3 59
3 64
3 66
3 67
3 69
3 76
3 78
3 79
3 80
3 84
3 87
3 88
3 89
3 91
3 92
3 93
3 94
3 95
3 99
3 100
3 102
3 103
3 107
3 108
3 111
3 113
3 114
3 117
3 130
3 131
3 133
3 134
3 135
3 136
3 139
3 140
3 145
3 146
3 151
3 154
3 156
3 158
3 159
3 163
3 164
3 166
3 172
3 178
3 181
3 182
3 186
3 187
3 192
3 194
3 196
3 200
3 202
3 204
3 207
3 211
3 212
3 213
3 218
3 220
3 221
3 222
3 223
3 224
3 229
3 234
3 237
3 240
3 241
3 246
3 247
3 248
3 249
3 252
3 253
3 255
3 260
3 262
3 263
3 264
3 268
3 270
3 271
3 272
3 273
3 275
3 276
3 277
3 278
3 279
3 284
3 287
3 292
3 293
3 295
3 296
3 297
3 298
3 302
3 305
3 308
3 311
3 313
3 315
3 317
3 319
3 320
3 325
3 327
3 328
3 329
3 330
3 331
3 332
3 334
3 337
3 340
3 342
3 344
3 349
3 353
3 356
3 358
3 361
3 363
3 364
3 365
3 366
3 367
3 368
3 369
3 370
3 371
3 372
3 373
3 374
3 376
3 382
3 384
3 387
3 390
3 394
3 397
4 1
4 14
4 16
4 19
4 20
4 22
4 26
4 27
4 32
4 33
4 38
4 39
4 44
4 49
4 51
4 56
4 57
4 58
4 60
4 65
4 68
4 70
4 71
4 73
4 83
4 85
4 86
4 96
4 97
4 101
4 109
4 116
4 118
4 120
4 121
4 122
4 123
4 124
4 126
4 127
4 132
4 143
4 144
4 150
4 155
4 160
4 161
4 165
4 167
4 168
4 169
4 175
4 176
4 177
4 179
4 180
4 184
4 188
4 190
4 197
4 198
4 201
4 203
4 205
4 206
4 208
4 209
4 216
4 217
4 219
4 225
4 226
4 230
4 231
4 232
4 235
4 238
4 245
4 251
4 257
4 258
4 259
4 282
4 288
4 290
4 299
4 300
4 301
4 303
4 310
4 312
4 322
4 324
4 326
4 338
4 341
4 343
4 345
4 346
4 347
4 348
4 352
4 355
4 360
4 378
4 379
4 380
4 381
4 388
4 389
4 393
4 395
4 396
4 399
