0 1
0 2
0 9
0 12
0 14
0 21
0 23
0 29
0 39
0 43
0 47
0 49
0 57
0 61
0 71
0 85
0 87
0 88
0 97
0 98
0 107
0 108
0 124
0 125
0 136
0 137
0 142
0 149
0 150
0 160
0 161
0 173
0 174
0 177
0 178
0 184
0 191
1 0
1 46
1 65
1 76
1 77
1 81
1 89
1 91
1 105
1 114
1 117
1 118
1 120
1 122
1 127
1 145
1 156
1 159
1 162
1 167
1 169
1 179
1 182
1 193
2 7
2 13
2 32
2 34
2 36
2 48
2 69
2 110
2 129
2 133
2 141
2 147
2 151
2 183
2 192
2 196
2 197
3 4
3 6
3 8
3 10
3 11
3 15
3 17
3 20
3 22
3 31
3 37
3 38
3 44
3 52
3 53
3 54
3 55
3 62
3 63
3 64
3 67
3 72
3 74
3 82
3 83
3 86
3 94
3 95
3 100
3 104
3 106
3 113
3 115
3 123
3 126
3 144
3 148
3 152
3 154
3 164
3 170
3 172
3 176
3 180
3 188
3 189
3 190
3 198
3 199
4 5
4 50
4 59
4 79
4 99
4 102
4 103
4 112
4 116
4 132
4 134
4 194
5 16
5 25
5 26
5 35
5 41
5 42
5 58
5 60
5 66
5 68
5 70
5 73
5 75
5 80
5 84
5 90
5 92
5 93
5 96
5 131
5 135
5 157
5 158
5 165
5 166
5 168
5 171
5 175
5 181
5 185
5 195
6 3
6 18
6 19
6 24
6 27
6 28
6 30
6 33
6 40
6 45
6 51
6 56
6 78
6 101
6 109
6 111
6 119
6 121
6 128
6 130
6 138
6 139
6 140
6 143
6 146
6 153
6 155
6 163
6 186
6 187
