0 7
0 32
0 36
0 48
0 69
0 110
0 129
0 133
0 141
0 147
0 151
0 183
0 192
0 197
1 1
1 2
1 5
1 14
1 23
1 29
1 39
1 49
1 50
1 59
1 61
1 71
1 79
1 85
1 88
1 97
1 98
1 99
1 102
1 103
1 107
1 112
1 116
1 124
1 132
1 134
1 136
1 137
1 142
1 149
1 150
1 173
1 177
1 178
1 184
1 191
1 194
2 18
2 19
2 21
2 51
2 56
2 101
2 121
2 127
2 130
2 140
2 153
2 174
3 15
3 16
3 25
3 26
3 31
3 35
3 38
3 41
3 53
3 57
3 62
3 63
3 68
3 70
3 72
3 74
3 75
3 80
3 82
3 83
3 84
3 87
3 94
3 100
3 104
3 106
3 108
3 115
3 123
3 125
3 135
3 157
3 158
3 160
3 165
3 171
3 175
3 181
3 185
3 190
3 196
3 198
3 199
4 76
4 89
4 114
4 117
4 118
4 122
4 145
4 156
4 167
4 169
4 182
4 193
5 4
5 6
5 8
5 9
5 10
5 11
5 17
5 20
5 22
5 34
5 37
5 44
5 47
5 52
5 54
5 55
5 64
5 67
5 86
5 95
5 113
5 126
5 144
5 148
5 152
5 154
5 161
5 164
5 170
5 172
5 176
5 180
5 188
5 189
6 3
6 12
6 24
6 27
6 28
6 30
6 33
6 40
6 42
6 43
6 45
6 73
6 78
6 90
6 109
6 111
6 119
6 128
6 131
6 138
6 139
6 143
6 146
6 155
6 163
6 166
6 168
6 186
6 187
7 0
7 13
7 46
7 58
7 60
7 65
7 66
7 77
7 81
7 91
7 92
7 93
7 96
7 105
7 120
7 159
7 162
7 179
7 195
