0 7
0 43
0 82
0 112
0 138
0 153
0 171
0 210
0 242
0 269
0 286
0 339
1 0
1 3
1 4
1 5
1 6
1 9
1 18
1 21
1 23
1 25
1 31
1 35
1 37
1 40
1 45
1 48
1 50
1 52
1 55
1 59
1 64
1 66
1 67
1 69
1 76
1 78
1 79
1 80
1 84
1 87
1 88
1 89
1 91
1 92
1 93
1 94
1 95
1 99
1 100
1 102
1 103
1 107
1 113
1 114
1 117
1 130
1 131
1 133
1 134
1 135
1 139
1 145
1 146
1 151
1 154
1 156
1 158
1 159
1 163
1 164
1 166
1 172
1 178
1 181
1 182
1 186
1 187
1 192
1 194
1 196
1 200
1 202
1 204
1 207
1 211
1 212
1 213
1 218
1 220
1 221
1 222
1 223
1 224
1 229
1 234
1 235
1 237
1 240
1 241
1 246
1 247
1 248
1 249
1 252
1 253
1 255
1 259
1 260
1 262
1 263
1 264
1 268
1 270
1 271
1 272
1 273
1 275
1 276
1 277
1 278
1 279
1 284
1 287
1 292
1 293
1 295
1 296
1 297
1 298
1 305
1 308
1 311
1 313
1 315
1 317
1 319
1 325
1 327
1 328
1 329
1 330
1 331
1 332
1 334
1 337
1 340
1 342
1 344
1 349
1 353
1 356
1 358
1 361
1 363
1 364
1 365
1 366
1 367
1 368
1 369
1 370
1 371
1 372
1 373
1 374
1 376
1 382
1 384
1 387
1 390
1 394
1 397
2 17
2 24
2 36
2 41
2 46
2 137
2 141
2 148
2 173
2 191
2 193
2 215
2 289
2 391
3 10
3 20
3 28
3 44
3 60
3 62
3 68
3 72
3 85
3 86
3 96
3 109
3 116
3 124
3 127
3 144
3 155
3 167
3 169
3 174
3 175
3 176
3 180
3 185
3 190
3 209
3 216
3 227
3 231
3 238
3 250
3 251
3 256
3 257
3 265
3 282
3 288
3 300
3 310
3 324
3 338
3 346
3 348
3 350
3 352
3 389
3 398
3 399
4 105
4 119
4 152
4 170
4 183
4 199
4 243
4 285
4 307
4 316
4 323
4 359
5 13
5 29
5 30
5 42
5 54
5 63
5 73
5 74
5 75
5 81
5 90
5 98
5 104
5 106
5 108
5 147
5 149
5 157
5 161
5 184
5 189
5 195
5 205
5 219
5 233
5 236
5 244
5 258
5 261
5 266
5 267
5 274
5 280
5 281
5 283
5 290
5 294
5 304
5 306
5 309
5 314
5 318
5 321
5 336
5 351
5 354
5 375
5 377
5 383
5 385
5 392
5 396
6 14
6 32
6 34
6 39
6 49
6 51
6 56
6 58
6 83
6 97
6 118
6 122
6 128
6 129
6 132
6 143
6 150
6 162
6 179
6 188
6 198
6 208
6 217
6 225
6 312
6 322
6 326
6 333
6 341
6 343
6 345
6 360
6 362
6 380
6 386
6 388
6 393
7 1
7 8
7 11
7 12
7 15
7 16
7 19
7 22
7 26
7 27
7 33
7 38
7 47
7 53
7 57
7 61
7 65
7 70
7 71
7 77
7 101
7 111
7 115
7 120
7 121
7 123
7 125
7 126
7 136
7 140
7 160
7 165
7 168
7 177
7 197
7 201
7 203
7 206
7 214
7 226
7 230
7 232
7 245
7 254
7 291
7 299
7 301
7 302
7 303
7 320
7 335
7 347
7 355
7 378
7 379
7 381
7 395
8 2
8 110
8 142
8 228
8 239
8 357
