0 6
0 14
0 62
0 83
0 113
0 115
0 137
0 153
0 177
0 214
0 217
0 249
0 252
0 258
0 268
0 269
0 273
0 275
0 286
0 294
0 297
0 300
0 310
0 321
0 322
0 325
0 339
0 348
0 370
0 380
0 382
1 3
1 4
1 22
1 26
1 28
1 42
1 44
1 67
1 69
1 81
1 82
1 116
1 119
1 121
1 134
1 148
1 151
1 155
1 167
1 184
1 195
1 204
1 206
1 209
1 210
1 216
1 227
1 232
1 256
1 277
1 319
1 330
1 332
1 337
1 356
1 384
1 387
2 16
2 19
2 25
2 35
2 53
2 77
2 91
2 100
2 107
2 109
2 122
2 127
2 131
2 136
2 143
2 163
2 166
2 172
2 183
2 201
2 207
2 213
2 231
2 235
2 241
2 242
2 259
2 263
2 272
2 279
2 287
2 302
2 314
2 338
2 340
2 350
2 358
2 360
2 361
2 381
2 385
2 390
2 396
2 399
3 10
3 15
3 32
3 39
3 49
3 54
3 56
3 57
3 58
3 72
3 75
3 78
3 89
3 94
3 97
3 118
3 140
3 152
3 161
3 164
3 169
3 170
3 178
3 179
3 181
3 194
3 199
3 225
3 230
3 237
3 261
3 267
3 278
3 280
3 305
3 313
3 334
3 342
3 347
3 355
3 357
3 371
4 1
4 17
4 23
4 24
4 27
4 40
4 50
4 52
4 60
4 74
4 84
4 112
4 123
4 132
4 133
4 141
4 146
4 160
4 188
4 190
4 198
4 212
4 220
4 222
4 229
4 234
4 240
4 262
4 264
4 265
4 266
4 270
4 281
4 284
4 288
4 292
4 293
4 299
4 304
4 308
4 317
4 344
4 351
4 368
4 383
4 397
5 2
5 9
5 11
5 38
5 46
5 61
5 63
5 64
5 65
5 73
5 76
5 86
5 90
5 98
5 99
5 102
5 105
5 110
5 114
5 125
5 173
5 182
5 186
5 203
5 243
5 245
5 248
5 254
5 283
5 285
5 290
5 301
5 311
5 320
5 323
5 324
5 327
5 328
5 349
5 353
5 369
5 377
5 392
5 394
5 398
6 0
6 29
6 34
6 41
6 48
6 85
6 101
6 117
6 128
6 138
6 145
6 159
6 165
6 171
6 187
6 189
6 192
6 200
6 215
6 228
6 257
6 282
6 295
6 309
6 316
6 336
6 343
6 362
6 373
6 374
7 8
7 12
7 21
7 31
7 55
7 71
7 80
7 93
7 95
7 96
7 104
7 106
7 108
7 139
7 149
7 154
7 158
7 162
7 180
7 185
7 193
7 196
7 202
7 205
7 236
7 238
7 239
7 250
7 296
7 307
7 318
7 345
7 359
7 372
7 379
7 388
7 389
7 391
7 395
8 7
8 18
8 30
8 33
8 36
8 43
8 51
8 59
8 66
8 68
8 70
8 88
8 103
8 120
8 124
8 130
8 150
8 156
8 157
8 168
8 174
8 175
8 176
8 211
8 219
8 223
8 224
8 233
8 260
8 271
8 276
8 289
8 291
8 298
8 312
8 315
8 326
8 329
8 335
8 341
8 346
8 354
8 365
8 366
8 393
9 5
9 13
9 20
9 37
9 45
9 47
9 79
9 87
9 92
9 111
9 126
9 129
9 135
9 142
9 144
9 147
9 191
9 197
9 208
9 218
9 221
9 226
9 244
9 246
9 247
9 251
9 253
9 255
9 274
9 303
9 306
9 331
9 333
9 352
9 363
9 364
9 367
9 375
9 376
9 378
9 386
