0 23
0 24
0 27
0 62
0 113
0 115
0 120
0 124
0 134
0 137
0 146
0 153
0 176
0 177
0 222
0 249
0 265
0 266
0 269
0 275
0 276
0 294
0 297
0 300
0 304
0 310
0 321
0 325
0 348
0 370
0 380
1 0
1 29
1 34
1 41
1 48
1 51
1 69
1 85
1 101
1 117
1 128
1 138
1 145
1 159
1 165
1 171
1 187
1 189
1 192
1 200
1 215
1 228
1 257
1 282
1 295
1 309
1 316
1 336
1 337
1 343
1 354
1 362
1 365
1 373
1 374
2 19
2 25
2 35
2 53
2 77
2 91
2 100
2 107
2 109
2 122
2 131
2 143
2 163
2 166
2 172
2 183
2 201
2 207
2 213
2 231
2 235
2 241
2 242
2 259
2 263
2 272
2 279
2 287
2 302
2 314
2 338
2 340
2 350
2 358
2 360
2 361
2 381
2 385
2 390
2 396
2 399
3 1
3 17
3 40
3 50
3 52
3 60
3 74
3 84
3 112
3 123
3 132
3 133
3 141
3 160
3 188
3 190
3 198
3 212
3 220
3 229
3 234
3 240
3 262
3 264
3 270
3 281
3 284
3 288
3 292
3 293
3 299
3 308
3 317
3 344
3 345
3 351
3 368
3 383
3 397
4 2
4 9
4 11
4 38
4 46
4 61
4 63
4 64
4 65
4 73
4 76
4 86
4 90
4 98
4 99
4 102
4 105
4 110
4 114
4 125
4 173
4 182
4 186
4 203
4 243
4 245
4 248
4 283
4 285
4 290
4 301
4 311
4 320
4 323
4 324
4 327
4 328
4 349
4 353
4 369
4 377
4 392
4 394
4 398
5 14
5 16
5 26
5 32
5 49
5 54
5 56
5 58
5 72
5 75
5 118
5 127
5 144
5 152
5 164
5 167
5 169
5 170
5 178
5 179
5 225
5 230
5 237
5 261
5 267
5 278
5 280
5 347
5 355
5 364
5 376
6 6
6 10
6 15
6 39
6 57
6 78
6 83
6 89
6 94
6 97
6 140
6 161
6 181
6 194
6 199
6 214
6 217
6 252
6 258
6 268
6 273
6 286
6 305
6 313
6 322
6 334
6 339
6 342
6 357
6 382
7 5
7 13
7 20
7 37
7 45
7 47
7 79
7 87
7 92
7 111
7 126
7 129
7 135
7 136
7 142
7 147
7 191
7 197
7 208
7 218
7 221
7 226
7 244
7 246
7 247
7 251
7 253
7 255
7 274
7 303
7 306
7 331
7 333
7 352
7 363
7 367
7 375
7 378
7 386
8 3
8 4
8 22
8 28
8 42
8 44
8 67
8 81
8 82
8 116
8 119
8 121
8 148
8 151
8 155
8 184
8 195
8 204
8 206
8 209
8 210
8 216
8 227
8 232
8 256
8 277
8 319
8 330
8 332
8 356
8 371
8 384
8 387
9 8
9 12
9 21
9 31
9 55
9 71
9 80
9 93
9 95
9 96
9 104
9 106
9 108
9 130
9 139
9 149
9 154
9 158
9 162
9 180
9 185
9 193
9 196
9 202
9 205
9 236
9 238
9 239
9 250
9 254
9 296
9 307
9 318
9 359
9 372
9 379
9 388
9 389
9 391
9 395
10 7
10 18
10 30
10 33
10 36
10 43
10 59
10 66
10 68
10 70
10 88
10 103
10 150
10 156
10 157
10 168
10 174
10 175
10 211
10 219
10 223
10 224
10 233
10 260
10 271
10 289
10 291
10 298
10 312
10 315
10 326
10 329
10 335
10 341
10 346
10 366
10 393
