0 14
0 16
0 22
0 26
0 32
0 49
0 54
0 56
0 58
0 75
0 82
0 118
0 127
0 129
0 144
0 152
0 164
0 167
0 169
0 170
0 178
0 179
0 225
0 230
0 237
0 244
0 256
0 261
0 267
0 280
0 347
0 355
0 364
0 376
1 9
1 11
1 38
1 46
1 61
1 63
1 64
1 65
1 73
1 76
1 86
1 90
1 98
1 99
1 102
1 105
1 110
1 114
1 125
1 173
1 182
1 186
1 203
1 204
1 243
1 245
1 248
1 283
1 285
1 290
1 301
1 311
1 320
1 323
1 324
1 327
1 328
1 349
1 353
1 369
1 377
1 392
1 394
2 0
2 7
2 29
2 30
2 34
2 41
2 48
2 51
2 69
2 85
2 101
2 117
2 128
2 138
2 145
2 159
2 165
2 168
2 171
2 187
2 189
2 192
2 200
2 215
2 219
2 228
2 257
2 282
2 289
2 291
2 295
2 309
2 316
2 336
2 337
2 343
2 346
2 354
2 362
2 365
2 373
2 374
3 8
3 12
3 21
3 31
3 55
3 71
3 80
3 93
3 96
3 104
3 106
3 108
3 139
3 149
3 158
3 162
3 180
3 185
3 193
3 196
3 202
3 205
3 236
3 238
3 239
3 250
3 254
3 296
3 318
3 345
3 359
3 372
3 379
3 388
3 389
3 391
3 395
4 5
4 13
4 20
4 37
4 45
4 47
4 79
4 87
4 92
4 111
4 126
4 135
4 136
4 142
4 147
4 151
4 172
4 191
4 197
4 208
4 218
4 221
4 226
4 246
4 247
4 251
4 253
4 255
4 274
4 303
4 306
4 331
4 333
4 352
4 363
4 367
4 375
4 378
4 386
5 6
5 10
5 15
5 39
5 57
5 78
5 83
5 89
5 94
5 97
5 140
5 161
5 181
5 194
5 214
5 217
5 252
5 258
5 268
5 273
5 286
5 300
5 305
5 313
5 322
5 334
5 339
5 342
5 348
5 382
6 2
6 18
6 33
6 36
6 43
6 59
6 66
6 68
6 70
6 88
6 103
6 130
6 150
6 156
6 157
6 174
6 175
6 211
6 223
6 224
6 233
6 260
6 271
6 298
6 312
6 315
6 326
6 329
6 335
6 341
6 366
6 393
6 398
7 19
7 25
7 35
7 53
7 77
7 91
7 100
7 107
7 109
7 131
7 143
7 163
7 166
7 183
7 201
7 207
7 213
7 235
7 241
7 242
7 259
7 263
7 272
7 279
7 287
7 302
7 314
7 340
7 350
7 360
7 361
7 381
7 385
7 390
7 396
7 399
8 3
8 4
8 28
8 42
8 44
8 67
8 72
8 81
8 116
8 119
8 121
8 195
8 199
8 206
8 216
8 227
8 232
8 277
8 278
8 319
8 332
8 356
8 357
8 371
8 387
9 1
9 40
9 50
9 60
9 74
9 84
9 95
9 112
9 132
9 133
9 141
9 148
9 154
9 155
9 160
9 184
9 190
9 198
9 209
9 210
9 229
9 234
9 240
9 270
9 281
9 284
9 292
9 299
9 330
9 344
9 351
9 384
9 397
10 23
10 62
10 113
10 115
10 120
10 122
10 124
10 134
10 137
10 146
10 153
10 176
10 177
10 222
10 231
10 249
10 269
10 275
10 276
10 294
10 297
10 304
10 310
10 321
10 325
10 338
10 358
10 370
10 380
11 17
11 24
11 27
11 52
11 123
11 188
11 212
11 220
11 262
11 264
11 265
11 266
11 288
11 293
11 307
11 308
11 317
11 368
11 383
