0 5
0 13
0 20
0 37
0 45
0 47
0 79
0 87
0 92
0 126
0 129
0 135
0 136
0 142
0 147
0 151
0 191
0 197
0 218
0 221
0 226
0 244
0 246
0 247
0 251
0 253
0 255
0 274
0 303
0 306
0 331
0 333
0 352
0 363
0 367
0 375
0 386
1 10
1 15
1 39
1 57
1 78
1 83
1 89
1 94
1 97
1 140
1 161
1 181
1 194
1 199
1 214
1 217
1 252
1 258
1 268
1 273
1 286
1 300
1 305
1 313
1 322
1 334
1 339
1 342
1 348
1 357
2 1
2 40
2 50
2 74
2 84
2 95
2 112
2 123
2 132
2 133
2 141
2 154
2 160
2 184
2 190
2 220
2 229
2 240
2 262
2 270
2 281
2 284
2 292
2 299
2 308
2 317
2 344
2 345
2 351
2 368
2 397
3 7
3 30
3 34
3 36
3 41
3 48
3 101
3 138
3 165
3 168
3 171
3 219
3 223
3 257
3 289
3 291
3 309
3 316
3 341
3 343
3 346
3 373
4 23
4 24
4 27
4 60
4 62
4 113
4 115
4 120
4 134
4 137
4 146
4 153
4 176
4 177
4 188
4 198
4 222
4 234
4 265
4 266
4 269
4 275
4 288
4 293
4 294
4 297
4 304
4 310
4 321
4 325
4 370
4 383
5 9
5 11
5 38
5 46
5 61
5 63
5 64
5 65
5 73
5 76
5 86
5 90
5 98
5 99
5 102
5 105
5 110
5 114
5 125
5 173
5 186
5 203
5 245
5 248
5 285
5 290
5 301
5 311
5 320
5 323
5 324
5 327
5 328
5 349
5 353
5 369
5 377
5 392
5 394
6 8
6 12
6 17
6 21
6 31
6 52
6 55
6 71
6 80
6 93
6 96
6 104
6 106
6 108
6 139
6 149
6 158
6 162
6 180
6 185
6 193
6 196
6 202
6 205
6 212
6 236
6 238
6 239
6 250
6 264
6 296
6 307
6 318
6 359
6 372
6 379
6 388
6 389
6 391
6 395
7 0
7 29
7 51
7 69
7 85
7 107
7 109
7 117
7 128
7 145
7 159
7 172
7 187
7 189
7 192
7 200
7 208
7 213
7 215
7 228
7 282
7 295
7 336
7 337
7 354
7 358
7 361
7 362
7 365
7 374
7 378
8 2
8 18
8 33
8 43
8 59
8 66
8 68
8 70
8 88
8 103
8 124
8 130
8 150
8 157
8 174
8 175
8 182
8 211
8 224
8 233
8 243
8 254
8 260
8 271
8 276
8 283
8 298
8 312
8 315
8 326
8 329
8 335
8 366
8 393
8 398
9 3
9 4
9 22
9 26
9 28
9 42
9 44
9 67
9 81
9 82
9 116
9 119
9 121
9 148
9 155
9 195
9 204
9 206
9 209
9 210
9 216
9 227
9 232
9 256
9 277
9 319
9 330
9 332
9 356
9 371
9 384
9 387
10 32
10 49
10 54
10 56
10 72
10 75
10 118
10 144
10 152
10 164
10 167
10 169
10 170
10 178
10 179
10 225
10 230
10 237
10 261
10 267
10 278
10 280
10 347
10 355
10 364
10 376
11 19
11 25
11 35
11 53
11 77
11 91
11 156
11 183
11 201
11 235
11 241
11 242
11 249
11 259
11 272
11 279
11 302
11 314
11 380
11 381
11 399
12 6
12 14
12 16
12 58
12 100
12 111
12 122
12 127
12 131
12 143
12 163
12 166
12 207
12 231
12 263
12 287
12 338
12 340
12 350
12 360
12 382
12 385
12 390
12 396
