0 6
0 14
0 16
0 32
0 49
0 58
0 75
0 127
0 144
0 152
0 169
0 170
0 178
0 225
0 237
0 261
0 280
0 355
0 382
1 1
1 40
1 50
1 60
1 74
1 84
1 95
1 112
1 123
1 132
1 133
1 141
1 154
1 155
1 160
1 184
1 190
1 198
1 209
1 210
1 229
1 234
1 240
1 262
1 270
1 281
1 284
1 292
1 299
1 317
1 330
1 344
1 345
1 351
1 368
1 384
1 397
2 7
2 18
2 30
2 36
2 51
2 59
2 68
2 103
2 117
2 156
2 168
2 187
2 192
2 200
2 219
2 279
2 289
2 291
2 298
2 346
2 354
2 358
2 365
3 10
3 15
3 39
3 57
3 78
3 83
3 89
3 94
3 97
3 140
3 161
3 181
3 194
3 199
3 217
3 258
3 273
3 286
3 305
3 313
3 334
3 342
3 357
3 371
4 19
4 25
4 35
4 53
4 77
4 91
4 100
4 107
4 109
4 122
4 131
4 136
4 143
4 163
4 166
4 172
4 183
4 201
4 207
4 213
4 231
4 235
4 241
4 259
4 263
4 272
4 287
4 302
4 314
4 338
4 340
4 350
4 360
4 361
4 381
4 385
4 390
4 396
4 399
5 33
5 43
5 66
5 70
5 88
5 150
5 157
5 174
5 175
5 211
5 223
5 224
5 233
5 260
5 271
5 312
5 315
5 326
5 329
5 335
5 366
5 393
6 2
6 9
6 38
6 46
6 61
6 63
6 64
6 65
6 73
6 76
6 90
6 98
6 99
6 102
6 105
6 110
6 114
6 125
6 182
6 186
6 203
6 243
6 245
6 248
6 254
6 283
6 285
6 290
6 311
6 320
6 324
6 327
6 328
6 349
6 353
6 369
6 377
6 392
6 394
6 398
7 8
7 11
7 12
7 31
7 80
7 93
7 96
7 108
7 139
7 148
7 149
7 158
7 185
7 193
7 196
7 202
7 250
7 296
7 318
7 359
7 372
7 379
7 389
7 391
7 395
8 34
8 41
8 48
8 69
8 86
8 101
8 138
8 159
8 165
8 171
8 173
8 204
8 257
8 301
8 309
8 316
8 323
8 336
8 337
8 341
8 343
8 362
8 373
9 23
9 24
9 27
9 62
9 113
9 115
9 120
9 124
9 134
9 137
9 146
9 153
9 176
9 177
9 214
9 222
9 249
9 252
9 266
9 268
9 269
9 275
9 276
9 294
9 297
9 300
9 304
9 310
9 321
9 322
9 325
9 339
9 348
9 370
9 380
9 383
10 5
10 13
10 20
10 37
10 45
10 47
10 79
10 87
10 92
10 111
10 126
10 129
10 135
10 142
10 147
10 151
10 191
10 197
10 218
10 221
10 226
10 244
10 246
10 251
10 274
10 303
10 306
10 331
10 333
10 352
10 363
10 375
10 376
11 17
11 21
11 52
11 55
11 71
11 104
11 106
11 130
11 162
11 180
11 188
11 205
11 212
11 220
11 236
11 238
11 239
11 264
11 265
11 288
11 293
11 307
11 308
11 388
12 0
12 29
12 85
12 128
12 145
12 189
12 208
12 215
12 228
12 242
12 247
12 253
12 255
12 282
12 295
12 367
12 374
12 378
12 386
13 3
13 4
13 22
13 26
13 28
13 42
13 44
13 54
13 56
13 67
13 72
13 81
13 82
13 116
13 118
13 119
13 121
13 164
13 167
13 179
13 195
13 206
13 216
13 227
13 230
13 232
13 256
13 267
13 277
13 278
13 319
13 332
13 347
13 356
13 364
13 387
