0 5
0 13
0 20
0 45
0 47
0 79
0 87
0 92
0 126
0 129
0 135
0 147
0 191
0 197
0 218
0 221
0 226
0 244
0 246
0 251
0 274
0 303
0 306
0 331
0 333
0 352
0 363
0 375
0 376
1 12
1 17
1 21
1 31
1 52
1 55
1 71
1 93
1 104
1 106
1 149
1 158
1 162
1 180
1 185
1 193
1 196
1 202
1 205
1 212
1 236
1 238
1 239
1 264
1 307
1 372
1 379
1 388
1 395
2 37
2 53
2 69
2 107
2 109
2 111
2 117
2 122
2 131
2 134
2 136
2 142
2 145
2 159
2 172
2 187
2 200
2 207
2 208
2 213
2 231
2 235
2 337
2 354
2 358
2 360
2 361
2 390
2 396
3 14
3 16
3 32
3 49
3 54
3 56
3 58
3 72
3 75
3 118
3 127
3 144
3 152
3 164
3 167
3 169
3 170
3 178
3 179
3 225
3 230
3 237
3 261
3 267
3 278
3 280
3 347
3 355
3 364
4 9
4 11
4 46
4 61
4 64
4 65
4 73
4 76
4 90
4 102
4 105
4 110
4 114
4 125
4 186
4 248
4 301
4 320
4 323
4 324
4 327
4 328
4 349
4 369
4 392
4 394
5 7
5 30
5 33
5 36
5 51
5 59
5 70
5 150
5 156
5 168
5 174
5 219
5 223
5 233
5 260
5 271
5 289
5 291
5 298
5 335
5 346
5 365
5 366
5 393
6 3
6 4
6 22
6 26
6 28
6 42
6 44
6 67
6 81
6 82
6 116
6 119
6 121
6 148
6 151
6 155
6 195
6 206
6 209
6 210
6 216
6 227
6 232
6 256
6 277
6 319
6 330
6 332
6 356
6 371
6 384
6 387
7 23
7 24
7 27
7 60
7 112
7 132
7 141
7 146
7 188
7 198
7 220
7 222
7 234
7 240
7 262
7 265
7 266
7 270
7 281
7 288
7 292
7 293
7 299
7 304
7 308
7 317
7 344
7 368
7 383
7 397
8 2
8 18
8 38
8 43
8 63
8 66
8 68
8 86
8 88
8 98
8 99
8 103
8 120
8 124
8 130
8 157
8 175
8 182
8 203
8 211
8 224
8 243
8 245
8 254
8 276
8 283
8 285
8 290
8 311
8 312
8 315
8 326
8 329
8 353
8 377
8 398
9 0
9 29
9 85
9 128
9 189
9 215
9 228
9 247
9 253
9 255
9 282
9 295
9 367
9 374
9 378
9 386
10 6
10 62
10 113
10 115
10 137
10 153
10 176
10 177
10 214
10 249
10 252
10 268
10 269
10 275
10 294
10 297
10 300
10 310
10 321
10 322
10 325
10 338
10 339
10 348
10 370
10 380
11 34
11 41
11 48
11 101
11 138
11 165
11 171
11 173
11 192
11 204
11 257
11 309
11 316
11 336
11 341
11 343
11 362
11 373
12 10
12 15
12 39
12 57
12 78
12 83
12 89
12 94
12 97
12 140
12 161
12 181
12 194
12 199
12 217
12 258
12 273
12 286
12 305
12 313
12 334
12 342
12 357
12 382
13 19
13 25
13 35
13 77
13 91
13 100
13 143
13 163
13 166
13 183
13 201
13 241
13 242
13 259
13 263
13 272
13 279
13 287
13 302
13 314
13 340
13 350
13 381
13 385
13 399
14 1
14 8
14 40
14 50
14 74
14 80
14 84
14 95
14 96
14 108
14 123
14 133
14 139
14 154
14 160
14 184
14 190
14 229
14 250
14 284
14 296
14 318
14 345
14 351
14 359
14 389
14 391
