0 22
0 26
0 32
0 49
0 54
0 56
0 75
0 118
0 144
0 152
0 164
0 167
0 169
0 178
0 179
0 225
0 230
0 261
0 267
0 278
0 347
0 355
0 364
1 64
1 65
1 90
1 110
1 125
1 186
1 248
1 301
1 320
1 324
1 328
1 349
1 369
1 392
1 394
2 1
2 23
2 24
2 27
2 40
2 50
2 60
2 112
2 123
2 132
2 141
2 146
2 160
2 188
2 190
2 198
2 220
2 229
2 234
2 240
2 262
2 266
2 270
2 281
2 284
2 292
2 293
2 299
2 308
2 317
2 344
2 351
2 368
2 383
2 397
3 7
3 30
3 33
3 36
3 43
3 51
3 59
3 70
3 88
3 150
3 156
3 157
3 168
3 174
3 175
3 200
3 211
3 219
3 223
3 233
3 260
3 271
3 289
3 291
3 298
3 312
3 315
3 326
3 335
3 346
3 354
3 365
3 366
3 393
4 0
4 25
4 29
4 37
4 53
4 85
4 107
4 109
4 117
4 128
4 136
4 142
4 145
4 172
4 187
4 189
4 208
4 213
4 215
4 242
4 247
4 253
4 255
4 282
4 337
4 361
4 367
4 378
4 386
4 399
5 10
5 15
5 39
5 57
5 78
5 83
5 89
5 94
5 97
5 137
5 140
5 153
5 161
5 181
5 194
5 214
5 217
5 252
5 258
5 268
5 273
5 286
5 297
5 300
5 305
5 313
5 322
5 334
5 339
5 342
5 348
6 17
6 21
6 52
6 55
6 71
6 104
6 106
6 158
6 162
6 180
6 205
6 212
6 236
6 238
6 239
6 264
6 265
6 288
6 307
6 388
7 5
7 13
7 20
7 45
7 47
7 79
7 87
7 92
7 111
7 126
7 129
7 135
7 147
7 191
7 197
7 218
7 221
7 226
7 244
7 246
7 251
7 274
7 303
7 306
7 331
7 333
7 340
7 352
7 363
7 375
7 376
8 44
8 67
8 69
8 74
8 82
8 84
8 95
8 133
8 148
8 151
8 154
8 155
8 184
8 195
8 206
8 209
8 210
8 232
8 256
8 330
8 384
9 34
9 41
9 48
9 101
9 138
9 159
9 165
9 171
9 192
9 228
9 257
9 295
9 309
9 316
9 336
9 343
9 362
9 373
9 374
10 8
10 11
10 12
10 31
10 80
10 93
10 96
10 108
10 139
10 149
10 185
10 193
10 196
10 202
10 250
10 296
10 318
10 345
10 359
10 372
10 379
10 389
10 391
10 395
11 3
11 4
11 28
11 42
11 72
11 81
11 116
11 119
11 121
11 199
11 216
11 227
11 277
11 319
11 332
11 356
11 357
11 371
11 387
12 19
12 35
12 77
12 91
12 183
12 201
12 235
12 241
12 249
12 259
12 263
12 272
12 279
12 287
12 302
12 314
12 321
12 380
12 381
13 9
13 38
13 46
13 61
13 63
13 68
13 73
13 76
13 86
13 98
13 99
13 102
13 103
13 105
13 114
13 173
13 182
13 203
13 204
13 224
13 243
13 245
13 254
13 283
13 285
13 290
13 311
13 323
13 327
13 329
13 341
13 353
13 377
13 398
14 6
14 14
14 16
14 58
14 100
14 122
14 127
14 131
14 143
14 163
14 166
14 170
14 207
14 231
14 237
14 280
14 338
14 350
14 360
14 382
14 385
14 390
14 396
15 2
15 18
15 62
15 66
15 113
15 115
15 120
15 124
15 130
15 134
15 176
15 177
15 222
15 269
15 275
15 276
15 294
15 304
15 310
15 325
15 358
15 370
