0 23
0 27
0 62
0 113
0 115
0 137
0 146
0 153
0 214
0 217
0 252
0 268
0 269
0 273
0 286
0 297
0 300
0 310
0 321
0 322
0 325
0 339
0 348
1 7
1 30
1 33
1 36
1 43
1 51
1 70
1 88
1 150
1 156
1 157
1 168
1 174
1 175
1 200
1 211
1 219
1 223
1 224
1 233
1 260
1 271
1 289
1 291
1 298
1 312
1 315
1 326
1 329
1 335
1 346
1 354
1 365
1 366
1 393
2 4
2 22
2 26
2 37
2 44
2 61
2 67
2 69
2 82
2 116
2 142
2 148
2 151
2 155
2 159
2 195
2 206
2 210
2 218
2 232
2 256
2 277
2 330
2 337
2 356
2 384
3 2
3 18
3 59
3 66
3 68
3 99
3 103
3 120
3 124
3 130
3 134
3 176
3 177
3 182
3 222
3 243
3 254
3 275
3 276
3 283
3 290
3 294
3 304
3 311
3 358
3 370
3 377
3 398
4 1
4 40
4 50
4 60
4 74
4 84
4 95
4 112
4 123
4 132
4 133
4 141
4 154
4 160
4 184
4 190
4 198
4 209
4 229
4 234
4 240
4 270
4 281
4 284
4 292
4 299
4 344
4 345
4 351
4 368
4 397
5 6
5 14
5 16
5 58
5 127
5 129
5 144
5 152
5 169
5 170
5 179
5 237
5 244
5 280
5 347
5 355
5 364
5 376
6 25
6 35
6 53
6 77
6 91
6 100
6 107
6 109
6 111
6 122
6 131
6 143
6 163
6 166
6 172
6 207
6 213
6 231
6 235
6 263
6 287
6 302
6 338
6 340
6 350
6 360
6 361
6 385
6 390
6 396
7 9
7 38
7 46
7 63
7 64
7 65
7 73
7 76
7 90
7 98
7 102
7 105
7 110
7 114
7 125
7 186
7 203
7 245
7 248
7 285
7 301
7 320
7 324
7 327
7 328
7 349
7 353
7 369
7 392
7 394
8 21
8 55
8 71
8 96
8 104
8 106
8 158
8 162
8 180
8 205
8 236
8 238
8 239
8 307
8 388
8 395
9 3
9 28
9 32
9 42
9 49
9 54
9 56
9 72
9 81
9 118
9 119
9 121
9 164
9 167
9 178
9 216
9 227
9 230
9 261
9 267
9 278
9 319
9 332
9 387
10 34
10 41
10 48
10 86
10 101
10 138
10 165
10 171
10 173
10 204
10 257
10 309
10 316
10 323
10 336
10 341
10 343
10 373
11 17
11 24
11 52
11 188
11 212
11 220
11 262
11 264
11 265
11 266
11 288
11 293
11 308
11 317
11 383
12 8
12 11
12 12
12 31
12 80
12 93
12 108
12 139
12 149
12 185
12 193
12 196
12 202
12 250
12 296
12 318
12 359
12 372
12 379
12 389
12 391
13 5
13 13
13 20
13 45
13 47
13 79
13 87
13 92
13 126
13 135
13 136
13 147
13 191
13 197
13 221
13 226
13 246
13 247
13 251
13 253
13 255
13 274
13 303
13 306
13 331
13 333
13 352
13 363
13 367
13 375
14 0
14 29
14 85
14 117
14 128
14 145
14 187
14 189
14 192
14 208
14 215
14 228
14 282
14 295
14 362
14 374
14 378
14 386
15 19
15 183
15 201
15 241
15 242
15 249
15 259
15 272
15 279
15 314
15 380
15 381
15 399
16 10
16 15
16 39
16 57
16 75
16 78
16 83
16 89
16 94
16 97
16 140
16 161
16 181
16 194
16 199
16 225
16 258
16 305
16 313
16 334
16 342
16 357
16 371
16 382
