0 1
0 40
0 50
0 74
0 84
0 95
0 123
0 133
0 154
0 155
0 160
0 184
0 190
0 209
0 210
0 229
0 240
0 270
0 284
0 299
0 330
0 345
0 351
0 384
1 25
1 35
1 53
1 77
1 91
1 100
1 107
1 109
1 111
1 122
1 131
1 136
1 143
1 163
1 166
1 172
1 207
1 213
1 231
1 235
1 242
1 259
1 287
1 302
1 350
1 360
1 361
1 385
1 390
1 396
1 399
2 3
2 4
2 28
2 42
2 44
2 54
2 56
2 72
2 81
2 116
2 118
2 119
2 121
2 164
2 167
2 195
2 206
2 216
2 227
2 230
2 232
2 267
2 277
2 278
2 319
2 332
2 347
2 356
2 371
2 387
3 2
3 18
3 38
3 61
3 63
3 66
3 68
3 86
3 98
3 99
3 103
3 114
3 120
3 124
3 130
3 134
3 148
3 173
3 182
3 203
3 204
3 243
3 245
3 254
3 276
3 283
3 285
3 290
3 311
3 329
3 341
3 353
3 358
3 377
3 398
4 62
4 113
4 115
4 137
4 153
4 176
4 177
4 214
4 252
4 268
4 269
4 275
4 294
4 297
4 300
4 310
4 321
4 322
4 325
4 338
4 339
4 348
4 370
5 17
5 21
5 52
5 55
5 71
5 104
5 106
5 158
5 162
5 180
5 205
5 212
5 236
5 238
5 239
5 264
5 307
5 308
5 388
6 10
6 15
6 39
6 57
6 78
6 83
6 89
6 94
6 97
6 140
6 161
6 181
6 194
6 199
6 217
6 258
6 273
6 286
6 305
6 313
6 334
6 342
6 357
7 0
7 34
7 41
7 48
7 69
7 101
7 138
7 145
7 159
7 165
7 171
7 187
7 189
7 192
7 215
7 228
7 257
7 282
7 295
7 309
7 316
7 336
7 337
7 343
7 362
7 373
7 374
8 20
8 22
8 26
8 67
8 82
8 126
8 129
8 144
8 179
8 221
8 226
8 244
8 246
8 256
8 274
8 363
8 364
8 376
9 5
9 29
9 37
9 85
9 128
9 142
9 151
9 191
9 208
9 218
9 251
9 255
9 306
9 367
9 378
9 386
10 23
10 24
10 27
10 60
10 112
10 132
10 141
10 146
10 188
10 198
10 220
10 222
10 234
10 262
10 265
10 266
10 281
10 288
10 292
10 293
10 304
10 317
10 344
10 368
10 383
10 397
11 7
11 30
11 36
11 51
11 59
11 70
11 117
11 156
11 168
11 200
11 219
11 223
11 289
11 291
11 298
11 346
11 354
11 365
11 366
12 8
12 11
12 12
12 31
12 80
12 93
12 96
12 108
12 139
12 149
12 185
12 193
12 196
12 202
12 250
12 296
12 318
12 359
12 372
12 379
12 389
12 391
12 395
13 13
13 45
13 47
13 79
13 87
13 92
13 135
13 147
13 197
13 247
13 253
13 303
13 331
13 333
13 340
13 352
13 375
14 9
14 46
14 64
14 65
14 73
14 76
14 90
14 102
14 105
14 110
14 125
14 186
14 248
14 301
14 320
14 323
14 324
14 327
14 328
14 349
14 369
14 392
14 394
15 6
15 14
15 16
15 32
15 49
15 58
15 75
15 127
15 152
15 169
15 170
15 178
15 225
15 237
15 261
15 280
15 355
15 382
16 19
16 183
16 201
16 241
16 249
16 263
16 272
16 279
16 314
16 380
16 381
17 33
17 43
17 88
17 150
17 157
17 174
17 175
17 211
17 224
17 233
17 260
17 271
17 312
17 315
17 326
17 335
17 393
