0 1
0 2
0 7
0 8
0 9
0 11
0 12
0 17
0 18
0 21
0 30
0 31
0 33
0 34
0 36
0 38
0 41
0 43
0 46
0 48
0 52
0 55
0 59
0 61
0 63
0 64
0 65
0 66
0 68
0 70
0 71
0 73
0 76
0 80
0 86
0 88
0 90
0 93
0 95
0 96
0 98
0 99
0 101
0 102
0 103
0 104
0 105
0 106
0 108
0 110
0 114
0 120
0 124
0 125
0 130
0 138
0 139
0 148
0 149
0 150
0 154
0 156
0 157
0 158
0 162
0 165
0 168
0 171
0 173
0 174
0 175
0 176
0 180
0 182
0 185
0 186
0 193
0 196
0 202
0 203
0 204
0 205
0 211
0 212
0 219
0 223
0 224
0 233
0 236
0 238
0 239
0 243
0 245
0 248
0 250
0 254
0 257
0 260
0 264
0 265
0 271
0 276
0 283
0 285
0 289
0 290
0 291
0 296
0 298
0 301
0 307
0 308
0 309
0 311
0 312
0 315
0 316
0 318
0 320
0 323
0 324
0 326
0 327
0 328
0 329
0 335
0 341
0 343
0 345
0 346
0 349
0 353
0 354
0 359
0 366
0 369
0 372
0 373
0 377
0 379
0 388
0 389
0 391
0 392
0 393
0 394
0 395
0 398
1 0
1 5
1 13
1 16
1 19
1 20
1 25
1 29
1 35
1 37
1 45
1 47
1 51
1 53
1 67
1 69
1 77
1 79
1 82
1 85
1 87
1 91
1 92
1 100
1 107
1 109
1 111
1 117
1 122
1 126
1 127
1 128
1 129
1 131
1 135
1 136
1 142
1 143
1 144
1 145
1 147
1 151
1 159
1 163
1 166
1 172
1 183
1 187
1 189
1 191
1 192
1 197
1 200
1 201
1 207
1 208
1 213
1 215
1 218
1 221
1 226
1 228
1 231
1 235
1 241
1 242
1 244
1 246
1 247
1 249
1 251
1 253
1 255
1 256
1 259
1 263
1 272
1 274
1 279
1 282
1 287
1 295
1 302
1 303
1 306
1 314
1 331
1 333
1 336
1 337
1 338
1 340
1 350
1 352
1 358
1 360
1 361
1 362
1 363
1 364
1 365
1 367
1 374
1 375
1 376
1 378
1 381
1 385
1 386
1 390
1 396
1 399
2 3
2 4
2 6
2 10
2 14
2 15
2 22
2 23
2 24
2 26
2 27
2 28
2 32
2 39
2 40
2 42
2 44
2 49
2 50
2 54
2 56
2 57
2 58
2 60
2 62
2 72
2 74
2 75
2 78
2 81
2 83
2 84
2 89
2 94
2 97
2 112
2 113
2 115
2 116
2 118
2 119
2 121
2 123
2 132
2 133
2 134
2 137
2 140
2 141
2 146
2 152
2 153
2 155
2 160
2 161
2 164
2 167
2 169
2 170
2 177
2 178
2 179
2 181
2 184
2 188
2 190
2 194
2 195
2 198
2 199
2 206
2 209
2 210
2 214
2 216
2 217
2 220
2 222
2 225
2 227
2 229
2 230
2 232
2 234
2 237
2 240
2 252
2 258
2 261
2 262
2 266
2 267
2 268
2 269
2 270
2 273
2 275
2 277
2 278
2 280
2 281
2 284
2 286
2 288
2 292
2 293
2 294
2 297
2 299
2 300
2 304
2 305
2 310
2 313
2 317
2 319
2 321
2 322
2 325
2 330
2 332
2 334
2 339
2 342
2 344
2 347
2 348
2 351
2 355
2 356
2 357
2 368
2 370
2 371
2 380
2 382
2 383
2 384
2 387
2 397
