0 2
0 7
0 9
0 11
0 18
0 30
0 33
0 34
0 36
0 38
0 41
0 43
0 46
0 48
0 51
0 59
0 61
0 63
0 64
0 65
0 66
0 68
0 70
0 73
0 76
0 86
0 88
0 90
0 98
0 99
0 101
0 102
0 103
0 105
0 110
0 114
0 120
0 124
0 125
0 130
0 134
0 138
0 150
0 156
0 157
0 165
0 168
0 171
0 173
0 174
0 175
0 176
0 182
0 186
0 192
0 200
0 203
0 204
0 211
0 219
0 223
0 224
0 233
0 243
0 245
0 248
0 254
0 257
0 260
0 271
0 276
0 283
0 285
0 289
0 290
0 291
0 298
0 301
0 309
0 311
0 312
0 315
0 316
0 320
0 323
0 324
0 326
0 327
0 328
0 329
0 335
0 336
0 341
0 343
0 346
0 349
0 353
0 354
0 362
0 365
0 366
0 369
0 370
0 373
0 377
0 392
0 393
0 394
0 398
1 0
1 5
1 13
1 19
1 20
1 25
1 29
1 35
1 37
1 45
1 47
1 53
1 69
1 77
1 79
1 85
1 87
1 91
1 92
1 100
1 107
1 109
1 111
1 117
1 122
1 126
1 128
1 129
1 131
1 135
1 136
1 142
1 143
1 145
1 147
1 151
1 159
1 163
1 166
1 172
1 183
1 187
1 189
1 191
1 197
1 201
1 207
1 208
1 213
1 215
1 218
1 221
1 226
1 228
1 231
1 235
1 241
1 242
1 244
1 246
1 247
1 249
1 251
1 253
1 255
1 259
1 263
1 272
1 274
1 279
1 282
1 287
1 295
1 302
1 303
1 306
1 314
1 331
1 333
1 337
1 338
1 340
1 350
1 352
1 358
1 360
1 361
1 363
1 367
1 374
1 375
1 376
1 378
1 380
1 381
1 385
1 386
1 390
1 396
1 399
2 1
2 8
2 12
2 17
2 21
2 23
2 24
2 27
2 31
2 40
2 50
2 52
2 55
2 60
2 71
2 74
2 80
2 84
2 93
2 95
2 96
2 104
2 106
2 108
2 112
2 115
2 123
2 132
2 133
2 139
2 141
2 146
2 148
2 149
2 154
2 155
2 158
2 160
2 162
2 177
2 180
2 184
2 185
2 188
2 190
2 193
2 196
2 198
2 202
2 205
2 212
2 220
2 222
2 229
2 234
2 236
2 238
2 239
2 240
2 250
2 262
2 264
2 265
2 266
2 270
2 281
2 284
2 288
2 292
2 293
2 294
2 296
2 304
2 307
2 308
2 310
2 317
2 318
2 321
2 330
2 344
2 345
2 351
2 359
2 368
2 372
2 379
2 383
2 388
2 389
2 391
2 395
2 397
3 3
3 4
3 6
3 10
3 14
3 15
3 16
3 22
3 26
3 28
3 32
3 39
3 42
3 44
3 49
3 54
3 56
3 57
3 58
3 62
3 67
3 72
3 75
3 78
3 81
3 82
3 83
3 89
3 94
3 97
3 113
3 116
3 118
3 119
3 121
3 127
3 137
3 140
3 144
3 152
3 153
3 161
3 164
3 167
3 169
3 170
3 178
3 179
3 181
3 194
3 195
3 199
3 206
3 209
3 210
3 214
3 216
3 217
3 225
3 227
3 230
3 232
3 237
3 252
3 256
3 258
3 261
3 267
3 268
3 269
3 273
3 275
3 277
3 278
3 280
3 286
3 297
3 299
3 300
3 305
3 313
3 319
3 322
3 325
3 332
3 334
3 339
3 342
3 347
3 348
3 355
3 356
3 357
3 364
3 371
3 382
3 384
3 387
