0 23
0 24
0 27
0 60
0 62
0 112
0 113
0 115
0 132
0 134
0 137
0 141
0 146
0 153
0 176
0 177
0 188
0 198
0 209
0 210
0 214
0 222
0 234
0 240
0 249
0 252
0 262
0 265
0 266
0 268
0 269
0 270
0 273
0 275
0 281
0 286
0 288
0 292
0 293
0 294
0 297
0 299
0 300
0 304
0 310
0 317
0 321
0 322
0 325
0 339
0 344
0 348
0 368
0 370
0 380
0 383
0 384
0 397
1 2
1 7
1 9
1 18
1 30
1 33
1 34
1 36
1 38
1 41
1 43
1 46
1 48
1 51
1 59
1 61
1 63
1 64
1 65
1 66
1 68
1 70
1 73
1 76
1 86
1 88
1 90
1 98
1 99
1 101
1 102
1 103
1 105
1 110
1 114
1 120
1 124
1 125
1 130
1 138
1 150
1 156
1 157
1 165
1 168
1 171
1 173
1 174
1 175
1 182
1 186
1 192
1 200
1 203
1 204
1 211
1 219
1 223
1 224
1 233
1 243
1 245
1 248
1 254
1 257
1 260
1 271
1 276
1 283
1 285
1 289
1 290
1 291
1 298
1 301
1 309
1 311
1 312
1 315
1 316
1 320
1 323
1 324
1 326
1 327
1 328
1 329
1 335
1 336
1 341
1 343
1 346
1 349
1 353
1 354
1 362
1 365
1 366
1 369
1 373
1 377
1 392
1 393
1 394
1 398
2 3
2 4
2 6
2 10
2 14
2 15
2 16
2 22
2 26
2 28
2 32
2 39
2 42
2 44
2 49
2 54
2 56
2 57
2 58
2 67
2 72
2 75
2 78
2 81
2 82
2 83
2 89
2 94
2 97
2 116
2 118
2 119
2 121
2 127
2 140
2 144
2 152
2 161
2 164
2 167
2 169
2 170
2 178
2 179
2 181
2 194
2 195
2 199
2 206
2 216
2 217
2 225
2 227
2 230
2 232
2 237
2 256
2 258
2 261
2 267
2 277
2 278
2 280
2 305
2 313
2 319
2 332
2 334
2 342
2 347
2 355
2 356
2 357
2 364
2 371
2 376
2 382
2 387
3 1
3 8
3 11
3 12
3 17
3 21
3 31
3 40
3 50
3 52
3 55
3 71
3 74
3 80
3 84
3 93
3 95
3 96
3 104
3 106
3 108
3 123
3 133
3 139
3 148
3 149
3 154
3 155
3 158
3 160
3 162
3 180
3 184
3 185
3 190
3 193
3 196
3 202
3 205
3 212
3 220
3 229
3 236
3 238
3 239
3 250
3 264
3 284
3 296
3 307
3 308
3 318
3 330
3 345
3 351
3 359
3 372
3 379
3 388
3 389
3 391
3 395
4 0
4 5
4 13
4 19
4 20
4 25
4 29
4 35
4 37
4 45
4 47
4 53
4 69
4 77
4 79
4 85
4 87
4 91
4 92
4 100
4 107
4 109
4 111
4 117
4 122
4 126
4 128
4 129
4 131
4 135
4 136
4 142
4 143
4 145
4 147
4 151
4 159
4 163
4 166
4 172
4 183
4 187
4 189
4 191
4 197
4 201
4 207
4 208
4 213
4 215
4 218
4 221
4 226
4 228
4 231
4 235
4 241
4 242
4 244
4 246
4 247
4 251
4 253
4 255
4 259
4 263
4 272
4 274
4 279
4 282
4 287
4 295
4 302
4 303
4 306
4 314
4 331
4 333
4 337
4 338
4 340
4 350
4 352
4 358
4 360
4 361
4 363
4 367
4 374
4 375
4 378
4 381
4 385
4 386
4 390
4 396
4 399
