0 5
0 13
0 20
0 25
0 35
0 37
0 45
0 47
0 53
0 77
0 79
0 87
0 91
0 92
0 100
0 107
0 109
0 111
0 122
0 126
0 128
0 131
0 135
0 136
0 142
0 143
0 147
0 151
0 163
0 166
0 172
0 183
0 191
0 197
0 201
0 207
0 208
0 213
0 218
0 221
0 226
0 235
0 241
0 242
0 246
0 247
0 251
0 253
0 255
0 259
0 263
0 272
0 274
0 287
0 302
0 303
0 306
0 314
0 331
0 333
0 337
0 340
0 350
0 352
0 360
0 361
0 363
0 367
0 375
0 378
0 381
0 385
0 386
0 390
0 396
0 399
1 2
1 9
1 11
1 18
1 38
1 43
1 46
1 61
1 63
1 64
1 65
1 66
1 68
1 73
1 76
1 86
1 88
1 90
1 98
1 99
1 102
1 105
1 110
1 114
1 120
1 124
1 125
1 130
1 134
1 150
1 157
1 173
1 174
1 175
1 182
1 186
1 203
1 204
1 211
1 224
1 233
1 243
1 245
1 248
1 254
1 260
1 276
1 283
1 285
1 290
1 301
1 311
1 312
1 315
1 320
1 323
1 324
1 326
1 327
1 328
1 329
1 349
1 353
1 369
1 377
1 392
1 393
1 394
1 398
2 6
2 10
2 14
2 15
2 23
2 27
2 39
2 62
2 78
2 83
2 89
2 97
2 113
2 115
2 137
2 140
2 153
2 176
2 177
2 181
2 194
2 210
2 214
2 217
2 231
2 249
2 252
2 258
2 266
2 268
2 269
2 273
2 275
2 286
2 294
2 297
2 300
2 305
2 310
2 313
2 321
2 322
2 325
2 334
2 338
2 339
2 342
2 348
2 370
2 380
2 382
3 3
3 4
3 16
3 22
3 26
3 28
3 32
3 42
3 44
3 49
3 54
3 56
3 57
3 58
3 67
3 72
3 75
3 81
3 82
3 94
3 116
3 118
3 119
3 121
3 127
3 129
3 144
3 152
3 161
3 164
3 167
3 169
3 170
3 178
3 179
3 195
3 199
3 206
3 209
3 216
3 225
3 227
3 230
3 232
3 237
3 244
3 256
3 261
3 267
3 277
3 278
3 280
3 319
3 330
3 332
3 347
3 355
3 356
3 357
3 364
3 371
3 376
3 384
3 387
4 0
4 7
4 19
4 29
4 30
4 33
4 34
4 36
4 41
4 48
4 51
4 59
4 69
4 70
4 85
4 101
4 103
4 117
4 138
4 145
4 156
4 159
4 165
4 168
4 171
4 187
4 189
4 192
4 200
4 215
4 219
4 223
4 228
4 257
4 271
4 279
4 282
4 289
4 291
4 295
4 298
4 309
4 316
4 335
4 336
4 341
4 343
4 346
4 354
4 358
4 362
4 365
4 366
4 373
4 374
5 1
5 8
5 12
5 17
5 21
5 24
5 31
5 40
5 50
5 52
5 55
5 60
5 71
5 74
5 80
5 84
5 93
5 95
5 96
5 104
5 106
5 108
5 112
5 123
5 132
5 133
5 139
5 141
5 146
5 148
5 149
5 154
5 155
5 158
5 160
5 162
5 180
5 184
5 185
5 188
5 190
5 193
5 196
5 198
5 202
5 205
5 212
5 220
5 222
5 229
5 234
5 236
5 238
5 239
5 240
5 250
5 262
5 264
5 265
5 270
5 281
5 284
5 288
5 292
5 293
5 296
5 299
5 304
5 307
5 308
5 317
5 318
5 344
5 345
5 351
5 359
5 368
5 372
5 379
5 383
5 388
5 389
5 391
5 395
5 397
