0 16
0 19
0 25
0 35
0 53
0 77
0 91
0 100
0 107
0 109
0 122
0 127
0 131
0 143
0 163
0 166
0 183
0 201
0 207
0 213
0 231
0 235
0 241
0 242
0 249
0 259
0 263
0 272
0 275
0 279
0 287
0 302
0 314
0 338
0 340
0 350
0 358
0 360
0 361
0 380
0 381
0 385
0 390
0 396
0 399
1 1
1 17
1 23
1 24
1 27
1 40
1 50
1 52
1 60
1 62
1 74
1 84
1 112
1 115
1 123
1 132
1 133
1 141
1 146
1 160
1 177
1 184
1 188
1 190
1 198
1 220
1 222
1 229
1 234
1 240
1 262
1 265
1 266
1 269
1 270
1 281
1 284
1 288
1 292
1 293
1 294
1 299
1 304
1 308
1 310
1 317
1 321
1 344
1 351
1 368
1 370
1 383
1 397
2 6
2 10
2 14
2 15
2 39
2 57
2 58
2 75
2 78
2 83
2 89
2 94
2 97
2 113
2 137
2 140
2 153
2 161
2 170
2 181
2 194
2 214
2 217
2 225
2 237
2 252
2 258
2 268
2 273
2 280
2 286
2 297
2 300
2 305
2 313
2 322
2 325
2 334
2 339
2 342
2 348
2 355
2 357
2 382
3 2
3 9
3 11
3 38
3 46
3 61
3 63
3 64
3 65
3 73
3 76
3 86
3 90
3 98
3 99
3 102
3 105
3 110
3 114
3 125
3 173
3 182
3 186
3 203
3 204
3 243
3 245
3 248
3 283
3 285
3 290
3 301
3 311
3 320
3 323
3 324
3 327
3 328
3 349
3 353
3 369
3 377
3 392
3 394
3 398
4 7
4 18
4 30
4 33
4 36
4 43
4 51
4 59
4 66
4 68
4 70
4 88
4 103
4 120
4 124
4 130
4 150
4 156
4 157
4 168
4 174
4 175
4 176
4 211
4 219
4 223
4 224
4 233
4 260
4 271
4 276
4 289
4 291
4 298
4 312
4 315
4 326
4 329
4 335
4 341
4 346
4 354
4 365
4 366
4 393
5 5
5 13
5 20
5 37
5 45
5 47
5 79
5 87
5 92
5 111
5 126
5 129
5 135
5 136
5 142
5 147
5 151
5 172
5 191
5 197
5 208
5 218
5 221
5 226
5 244
5 246
5 247
5 251
5 253
5 255
5 274
5 303
5 306
5 331
5 333
5 352
5 363
5 367
5 375
5 378
5 386
6 8
6 12
6 21
6 31
6 55
6 71
6 80
6 93
6 95
6 96
6 104
6 106
6 108
6 139
6 149
6 154
6 158
6 162
6 180
6 185
6 193
6 196
6 202
6 205
6 212
6 236
6 238
6 239
6 250
6 254
6 264
6 296
6 307
6 318
6 345
6 359
6 372
6 379
6 388
6 389
6 391
6 395
7 0
7 29
7 34
7 41
7 48
7 69
7 85
7 101
7 117
7 128
7 138
7 145
7 159
7 165
7 171
7 187
7 189
7 192
7 200
7 215
7 228
7 257
7 282
7 295
7 309
7 316
7 336
7 337
7 343
7 362
7 373
7 374
8 3
8 4
8 22
8 26
8 28
8 32
8 42
8 44
8 49
8 54
8 56
8 67
8 72
8 81
8 82
8 116
8 118
8 119
8 121
8 134
8 144
8 148
8 152
8 155
8 164
8 167
8 169
8 178
8 179
8 195
8 199
8 206
8 209
8 210
8 216
8 227
8 230
8 232
8 256
8 261
8 267
8 277
8 278
8 319
8 330
8 332
8 347
8 356
8 364
8 371
8 376
8 384
8 387
