0 16
0 38
0 50
0 81
0 83
0 84
0 94
0 98
0 108
0 112
0 118
0 120
0 128
0 138
0 157
0 188
0 199
1 6
1 11
1 21
1 27
1 33
1 41
1 54
1 68
1 71
1 76
1 77
1 90
1 95
1 102
1 109
1 116
1 139
1 140
1 142
1 143
1 148
1 149
1 161
1 174
1 176
1 178
1 182
1 189
1 192
2 2
2 12
2 30
2 40
2 58
2 101
2 106
2 117
2 132
2 141
2 145
2 150
2 170
2 175
2 177
3 8
3 17
3 23
3 59
3 73
3 74
3 79
3 80
3 82
3 87
3 97
3 99
3 105
3 122
3 127
3 131
3 153
3 162
3 165
3 169
3 184
3 187
3 195
4 0
4 1
4 7
4 31
4 36
4 42
4 55
4 75
4 104
4 130
4 134
4 151
4 152
4 158
4 168
5 3
5 13
5 28
5 29
5 39
5 47
5 62
5 63
5 66
5 67
5 70
5 72
5 86
5 91
5 115
5 123
5 135
5 144
5 146
5 155
5 164
5 167
6 45
6 52
6 53
6 57
6 85
6 100
6 111
6 156
6 180
6 185
6 190
7 19
7 26
7 35
7 49
7 60
7 69
7 78
7 88
7 93
7 114
7 119
7 121
7 124
7 133
7 137
7 163
7 172
7 179
7 198
8 5
8 14
8 18
8 44
8 56
8 65
8 92
8 113
8 125
8 147
8 154
8 159
8 186
9 4
9 9
9 10
9 15
9 20
9 24
9 25
9 32
9 37
9 110
9 160
9 166
9 181
9 183
9 193
9 194
10 22
10 34
10 43
10 46
10 48
10 51
10 61
10 64
10 89
10 96
10 103
10 107
10 126
10 129
10 136
10 171
10 173
10 191
10 196
10 197
