0 0
0 27
0 51
0 83
0 96
0 107
0 110
0 129
0 153
0 156
0 160
0 187
1 34
1 54
1 87
1 92
1 117
1 140
1 146
1 148
1 154
1 182
1 192
2 4
2 15
2 39
2 43
2 47
2 48
2 49
2 71
2 82
2 85
2 89
2 101
2 108
2 114
2 124
2 130
2 144
2 163
2 181
2 190
2 193
3 8
3 12
3 17
3 18
3 20
3 23
3 29
3 30
3 41
3 57
3 65
3 119
3 131
3 138
3 161
3 171
3 172
3 198
4 5
4 42
4 45
4 50
4 81
4 88
4 109
4 126
4 142
4 164
4 168
4 169
4 176
4 177
4 186
4 191
5 7
5 11
5 21
5 36
5 44
5 74
5 90
5 98
5 123
5 132
5 135
5 166
5 183
6 6
6 10
6 19
6 28
6 32
6 35
6 70
6 76
6 80
6 128
6 136
6 157
6 165
6 180
6 185
7 9
7 14
7 25
7 46
7 56
7 58
7 72
7 103
7 111
7 133
7 173
7 194
7 197
8 24
8 33
8 38
8 40
8 53
8 59
8 63
8 68
8 77
8 86
8 93
8 97
8 99
8 106
8 115
8 116
8 121
8 143
8 149
8 152
8 158
8 175
8 189
9 1
9 3
9 55
9 61
9 64
9 73
9 75
9 105
9 139
9 179
9 196
9 199
10 13
10 22
10 62
10 69
10 91
10 100
10 112
10 113
10 118
10 122
10 137
10 145
10 147
10 150
10 162
10 167
10 184
11 2
11 16
11 26
11 52
11 60
11 94
11 95
11 102
11 120
11 127
11 141
11 151
11 170
12 31
12 37
12 66
12 67
12 78
12 79
12 84
12 104
12 125
12 134
12 155
12 159
12 174
12 178
12 188
12 195
