0 12
0 25
0 27
0 30
0 32
0 95
0 101
0 102
0 106
0 109
0 161
0 170
1 9
1 13
1 15
1 22
1 39
1 48
1 51
1 54
1 59
1 64
1 100
1 131
1 141
1 152
1 162
1 169
1 173
1 193
2 2
2 11
2 33
2 62
2 111
2 116
2 117
2 149
2 181
2 185
2 189
2 190
3 16
3 24
3 35
3 37
3 70
3 91
3 172
3 178
3 199
4 6
4 7
4 8
4 18
4 65
4 74
4 133
4 137
4 166
4 180
4 186
4 195
5 0
5 1
5 3
5 20
5 36
5 42
5 44
5 55
5 61
5 72
5 93
5 96
5 110
5 125
5 136
5 168
6 29
6 50
6 75
6 86
6 94
6 108
6 120
6 123
6 138
7 5
7 17
7 45
7 52
7 56
7 57
7 60
7 73
7 77
7 79
7 81
7 85
7 97
7 99
7 105
7 112
7 142
7 147
7 155
7 175
7 177
7 194
8 31
8 83
8 84
8 103
8 107
8 114
8 119
8 124
8 130
8 157
8 160
8 167
8 174
8 176
8 188
8 198
9 26
9 40
9 46
9 53
9 78
9 88
9 144
9 150
9 151
9 158
9 163
9 171
10 19
10 34
10 43
10 80
10 89
10 128
10 129
10 134
10 191
10 196
11 38
11 47
11 63
11 66
11 67
11 98
11 115
11 118
11 122
11 126
11 135
11 146
11 164
11 184
12 58
12 76
12 104
12 121
12 127
12 143
12 179
12 182
13 4
13 10
13 21
13 28
13 41
13 49
13 71
13 87
13 90
13 132
13 139
13 140
13 148
13 156
13 183
13 192
14 14
14 23
14 68
14 69
14 82
14 92
14 113
14 145
14 153
14 154
14 159
14 165
14 187
14 197
