0 0
0 1
0 2
0 3
0 4
0 9
0 10
0 11
0 13
0 14
0 15
0 17
0 19
0 20
0 21
0 22
0 23
0 28
0 31
0 33
0 34
0 36
0 38
0 39
0 41
0 42
0 43
0 44
0 47
0 48
0 49
0 51
0 54
0 55
0 56
0 57
0 59
0 61
0 62
0 63
0 64
0 66
0 67
0 68
0 69
0 71
0 72
0 76
0 77
0 80
0 82
0 83
0 87
0 89
0 90
0 92
0 93
0 94
0 96
0 98
0 100
0 103
0 104
0 105
0 110
0 111
0 113
0 115
0 116
0 117
0 118
0 119
0 120
0 122
0 125
0 126
0 127
0 128
0 129
0 130
0 131
0 132
0 134
0 135
0 136
0 139
0 140
0 141
0 143
0 145
0 146
0 148
0 149
0 152
0 153
0 154
0 156
0 157
0 159
0 160
0 162
0 164
0 165
0 168
0 169
0 173
0 176
0 177
0 183
0 184
0 185
0 187
0 188
0 189
0 190
0 191
0 192
0 193
0 196
0 197
1 5
1 6
1 7
1 8
1 12
1 16
1 18
1 24
1 25
1 26
1 27
1 29
1 30
1 32
1 35
1 37
1 40
1 45
1 46
1 50
1 52
1 53
1 58
1 60
1 65
1 70
1 73
1 74
1 75
1 78
1 79
1 81
1 84
1 85
1 86
1 88
1 91
1 95
1 97
1 99
1 101
1 102
1 106
1 107
1 108
1 109
1 112
1 114
1 121
1 123
1 124
1 133
1 137
1 138
1 142
1 144
1 147
1 150
1 151
1 155
1 158
1 161
1 163
1 166
1 167
1 170
1 171
1 172
1 174
1 175
1 178
1 179
1 180
1 181
1 182
1 186
1 194
1 195
1 198
1 199
