0 16
0 35
0 37
0 70
0 91
0 133
0 172
0 199
1 9
1 22
1 36
1 39
1 44
1 48
1 64
1 100
1 141
1 152
1 173
1 176
2 12
2 32
2 40
2 53
2 95
2 102
2 150
2 151
3 8
3 18
3 60
3 74
3 186
3 195
4 5
4 73
4 79
4 81
4 97
4 99
4 155
4 175
4 184
5 50
5 83
5 84
5 94
5 108
5 120
5 130
5 138
5 157
5 188
5 191
6 0
6 1
6 20
6 42
6 71
6 93
6 110
6 125
6 136
6 148
6 156
6 168
7 4
7 10
7 21
7 28
7 33
7 41
7 87
7 90
7 132
7 139
7 140
7 192
8 76
8 104
8 121
8 143
9 25
9 30
9 101
9 106
9 109
9 161
9 170
10 6
10 7
10 65
10 137
10 166
10 180
11 45
11 52
11 77
11 85
11 112
11 142
11 147
11 154
11 177
11 181
11 194
12 26
12 46
12 78
12 88
12 103
12 114
12 119
12 144
12 158
12 160
12 163
12 171
12 198
13 38
13 47
13 63
13 66
13 67
13 98
13 107
13 115
13 118
13 122
13 126
13 135
13 146
13 164
14 17
14 23
14 56
14 57
14 59
14 69
14 82
14 105
14 131
14 145
14 153
14 159
14 162
14 165
14 187
15 29
15 86
15 123
16 3
16 19
16 34
16 43
16 55
16 61
16 72
16 80
16 89
16 96
16 128
16 129
16 134
16 196
17 2
17 27
17 58
17 62
17 127
17 149
17 179
17 182
17 185
17 189
17 190
18 24
18 31
18 75
18 124
18 167
18 174
18 178
19 11
19 13
19 14
19 15
19 49
19 51
19 54
19 68
19 92
19 111
19 113
19 116
19 117
19 169
19 183
19 193
19 197
