0 2
0 5
0 8
0 12
0 13
0 14
0 16
0 17
0 18
0 22
0 26
0 29
0 30
0 34
0 42
0 45
0 50
0 52
0 54
0 60
0 62
0 65
0 69
0 76
0 80
0 81
0 87
0 88
0 91
0 92
0 94
0 95
0 100
0 102
0 109
0 112
0 113
0 117
0 118
0 119
0 120
0 122
0 126
0 127
0 131
0 136
0 137
0 138
0 140
0 141
0 142
0 145
0 146
0 147
0 148
0 150
0 151
0 154
0 161
0 162
0 164
0 167
0 168
0 169
0 170
0 171
0 176
0 177
0 180
0 184
0 186
0 191
0 192
0 198
1 0
1 7
1 9
1 10
1 11
1 19
1 20
1 21
1 23
1 24
1 25
1 27
1 28
1 32
1 33
1 35
1 36
1 38
1 40
1 41
1 44
1 46
1 51
1 53
1 56
1 57
1 58
1 59
1 61
1 63
1 64
1 68
1 72
1 73
1 74
1 77
1 83
1 86
1 90
1 93
1 96
1 97
1 98
1 99
1 101
1 103
1 106
1 107
1 110
1 111
1 115
1 116
1 121
1 123
1 128
1 129
1 132
1 133
1 135
1 143
1 149
1 152
1 153
1 156
1 157
1 158
1 160
1 165
1 166
1 172
1 173
1 175
1 183
1 187
1 189
1 194
1 197
1 199
2 1
2 3
2 4
2 6
2 15
2 31
2 37
2 39
2 43
2 47
2 48
2 49
2 55
2 66
2 67
2 70
2 71
2 75
2 78
2 79
2 82
2 84
2 85
2 89
2 104
2 105
2 108
2 114
2 124
2 125
2 130
2 134
2 139
2 144
2 155
2 159
2 163
2 174
2 178
2 179
2 181
2 182
2 185
2 188
2 190
2 193
2 195
2 196
