0 0
0 1
0 5
0 8
0 10
0 14
0 15
0 17
0 18
0 20
0 23
0 24
0 42
0 56
0 65
0 71
0 74
0 75
0 92
0 97
0 110
0 113
0 125
0 134
0 147
0 153
0 159
0 161
0 165
0 168
0 169
0 181
0 183
0 186
0 187
0 193
0 194
0 195
1 3
1 13
1 28
1 29
1 34
1 36
1 38
1 39
1 43
1 46
1 47
1 48
1 50
1 51
1 55
1 59
1 61
1 62
1 63
1 64
1 66
1 67
1 70
1 72
1 73
1 79
1 80
1 82
1 86
1 87
1 89
1 91
1 96
1 99
1 103
1 105
1 107
1 115
1 122
1 123
1 126
1 127
1 129
1 131
1 135
1 136
1 144
1 146
1 151
1 155
1 158
1 162
1 164
1 167
1 171
1 173
1 184
1 191
1 196
1 197
2 7
2 9
2 16
2 19
2 22
2 26
2 31
2 35
2 37
2 49
2 60
2 69
2 78
2 81
2 83
2 84
2 88
2 93
2 94
2 98
2 104
2 108
2 112
2 114
2 118
2 119
2 120
2 121
2 124
2 128
2 130
2 133
2 137
2 138
2 152
2 157
2 163
2 172
2 179
2 188
2 198
2 199
3 6
3 11
3 21
3 33
3 41
3 44
3 45
3 52
3 53
3 54
3 57
3 68
3 76
3 85
3 90
3 95
3 100
3 102
3 111
3 116
3 139
3 140
3 142
3 143
3 148
3 149
3 154
3 156
3 174
3 178
3 180
3 182
3 185
3 189
3 190
3 192
4 2
4 4
4 12
4 25
4 27
4 30
4 32
4 40
4 58
4 77
4 101
4 106
4 109
4 117
4 132
4 141
4 145
4 150
4 160
4 166
4 170
4 175
4 176
4 177
