0 0
0 1
0 7
0 9
0 19
0 20
0 22
0 26
0 31
0 34
0 36
0 42
0 43
0 46
0 55
0 60
0 61
0 64
0 75
0 88
0 89
0 93
0 96
0 104
0 107
0 114
0 130
0 134
0 136
0 151
0 152
0 158
0 168
0 181
0 191
0 193
0 196
1 6
1 11
1 21
1 33
1 41
1 45
1 52
1 53
1 54
1 57
1 68
1 71
1 76
1 85
1 90
1 95
1 100
1 102
1 111
1 139
1 142
1 143
1 148
1 149
1 156
1 174
1 178
1 180
1 182
1 185
1 189
1 190
1 192
2 5
2 8
2 14
2 15
2 17
2 18
2 23
2 44
2 56
2 65
2 74
2 92
2 97
2 99
2 105
2 113
2 122
2 125
2 147
2 153
2 154
2 159
2 165
2 169
2 186
2 187
2 195
3 16
3 35
3 37
3 49
3 69
3 78
3 81
3 83
3 84
3 98
3 112
3 118
3 119
3 120
3 121
3 124
3 128
3 133
3 137
3 138
3 157
3 163
3 172
3 179
3 198
3 199
4 2
4 4
4 10
4 12
4 24
4 25
4 27
4 30
4 32
4 40
4 58
4 77
4 101
4 106
4 109
4 110
4 116
4 117
4 132
4 140
4 141
4 145
4 150
4 160
4 161
4 166
4 170
4 175
4 176
4 177
4 183
4 194
5 3
5 13
5 28
5 29
5 38
5 39
5 47
5 48
5 50
5 51
5 59
5 62
5 63
5 66
5 67
5 70
5 72
5 73
5 79
5 80
5 82
5 86
5 87
5 91
5 94
5 103
5 108
5 115
5 123
5 126
5 127
5 129
5 131
5 135
5 144
5 146
5 155
5 162
5 164
5 167
5 171
5 173
5 184
5 188
5 197
