0 6
0 11
0 21
0 33
0 41
0 45
0 52
0 53
0 54
0 57
0 68
0 71
0 76
0 85
0 90
0 95
0 100
0 102
0 111
0 116
0 117
0 139
0 140
0 142
0 143
0 148
0 149
0 156
0 160
0 161
0 174
0 178
0 180
0 182
0 185
0 189
0 190
0 192
0 194
1 3
1 13
1 28
1 29
1 39
1 47
1 50
1 62
1 63
1 66
1 67
1 70
1 72
1 86
1 91
1 115
1 123
1 135
1 144
1 146
1 155
1 164
2 16
2 35
2 37
2 69
2 81
2 83
2 84
2 98
2 112
2 118
2 119
2 120
2 121
2 128
2 133
2 137
2 138
2 157
2 163
2 172
2 179
2 199
3 2
3 4
3 12
3 25
3 27
3 30
3 32
3 40
3 58
3 77
3 101
3 106
3 109
3 132
3 141
3 145
3 150
3 166
3 170
3 175
3 176
3 177
4 38
4 48
4 51
4 59
4 64
4 73
4 79
4 80
4 82
4 87
4 94
4 99
4 103
4 105
4 108
4 122
4 126
4 127
4 129
4 131
4 162
4 167
4 169
4 171
4 173
4 184
4 188
4 193
4 197
5 0
5 1
5 10
5 20
5 24
5 34
5 36
5 42
5 43
5 46
5 55
5 61
5 75
5 89
5 96
5 97
5 107
5 110
5 134
5 136
5 151
5 153
5 158
5 168
5 181
5 183
5 187
5 191
5 196
6 5
6 8
6 14
6 15
6 17
6 18
6 23
6 44
6 56
6 65
6 74
6 92
6 113
6 125
6 147
6 154
6 159
6 165
6 186
6 195
7 7
7 9
7 19
7 22
7 26
7 31
7 49
7 60
7 78
7 88
7 93
7 104
7 114
7 124
7 130
7 152
7 198
