0 4
0 10
0 11
0 21
0 24
0 25
0 27
0 58
0 77
0 90
0 102
0 109
0 110
0 116
0 117
0 132
0 140
0 148
0 160
0 161
0 176
0 177
0 183
0 194
1 16
1 37
1 38
1 48
1 50
1 51
1 81
1 83
1 84
1 94
1 98
1 103
1 108
1 112
1 118
1 120
1 128
1 138
1 157
1 188
1 199
2 3
2 13
2 28
2 29
2 39
2 47
2 59
2 62
2 63
2 66
2 67
2 70
2 72
2 73
2 79
2 80
2 82
2 86
2 87
2 91
2 99
2 105
2 115
2 122
2 123
2 127
2 131
2 135
2 144
2 146
2 155
2 162
2 164
2 167
2 171
2 184
2 197
3 6
3 33
3 41
3 45
3 52
3 53
3 54
3 57
3 68
3 71
3 76
3 85
3 95
3 100
3 111
3 139
3 142
3 143
3 149
3 156
3 174
3 178
3 180
3 182
3 185
3 189
3 190
3 192
4 7
4 9
4 19
4 26
4 31
4 32
4 60
4 88
4 93
4 104
4 114
4 130
4 152
4 166
4 193
5 5
5 8
5 14
5 15
5 17
5 18
5 23
5 44
5 56
5 65
5 74
5 92
5 97
5 113
5 125
5 147
5 153
5 154
5 159
5 165
5 169
5 186
5 187
5 195
6 35
6 49
6 69
6 78
6 119
6 121
6 124
6 133
6 137
6 163
6 172
6 179
6 198
7 0
7 1
7 20
7 22
7 34
7 36
7 42
7 43
7 46
7 55
7 61
7 64
7 75
7 89
7 96
7 107
7 126
7 129
7 134
7 136
7 151
7 158
7 168
7 173
7 181
7 191
7 196
8 2
8 12
8 30
8 40
8 101
8 106
8 141
8 145
8 150
8 170
8 175
