0 2
0 25
0 26
0 51
0 57
0 62
0 65
0 71
0 82
0 94
0 104
0 109
0 112
0 143
0 145
0 146
0 152
0 180
0 212
0 234
0 240
0 242
0 254
0 286
0 313
0 336
0 342
0 344
0 397
1 20
1 21
1 33
1 35
1 47
1 58
1 60
1 66
1 102
1 107
1 111
1 131
1 138
1 213
1 214
1 219
1 220
1 235
1 259
1 276
1 285
1 287
1 290
1 300
1 311
1 331
1 332
1 337
1 349
1 354
1 370
1 373
1 398
2 10
2 15
2 22
2 32
2 39
2 42
2 49
2 72
2 84
2 89
2 92
2 118
2 140
2 144
2 164
2 210
2 216
2 225
2 227
2 230
2 277
2 280
2 299
2 322
2 330
2 355
2 356
2 382
3 64
3 73
3 125
3 139
3 156
3 320
3 323
4 1
4 8
4 11
4 38
4 40
4 106
4 188
4 224
4 264
4 296
4 312
4 392
5 16
5 113
5 119
5 126
5 161
5 163
5 191
5 197
5 199
5 207
5 261
5 267
5 272
5 274
5 360
5 376
6 37
6 183
6 189
6 247
6 255
6 257
6 295
6 298
6 309
6 366
6 375
6 380
6 385
6 396
7 24
7 29
7 87
7 117
7 129
7 167
7 194
7 246
7 249
7 251
7 303
7 306
7 340
7 350
7 361
7 374
7 399
8 7
8 34
8 46
8 61
8 68
8 69
8 85
8 86
8 101
8 159
8 168
8 171
8 176
8 182
8 204
8 211
8 223
8 228
8 243
8 343
8 365
9 5
9 6
9 13
9 36
9 53
9 56
9 67
9 91
9 122
9 135
9 142
9 147
9 151
9 172
9 179
9 208
9 218
9 221
9 256
9 352
9 358
9 364
9 390
10 9
10 48
10 88
10 90
10 120
10 136
10 174
10 175
10 186
10 200
10 238
10 241
10 268
10 269
10 273
10 329
10 335
10 341
10 388
11 12
11 14
11 17
11 30
11 31
11 43
11 98
11 99
11 114
11 123
11 124
11 130
11 170
11 222
11 229
11 231
11 236
11 266
11 270
11 281
11 283
11 288
11 293
11 304
11 307
11 326
11 328
11 339
11 353
11 379
11 389
11 391
12 23
12 27
12 45
12 52
12 75
12 77
12 79
12 137
12 162
12 169
12 187
12 192
12 226
12 244
12 253
12 262
12 292
12 302
12 310
12 333
12 338
12 346
12 348
12 363
12 367
12 377
12 378
13 41
13 70
13 165
13 173
13 203
13 233
13 248
13 271
13 301
13 315
13 324
13 369
14 3
14 28
14 55
14 81
14 96
14 121
14 153
14 166
14 178
14 184
14 206
14 252
14 258
14 294
14 297
14 308
14 314
14 319
14 325
14 334
14 384
15 50
15 74
15 80
15 97
15 115
15 116
15 132
15 148
15 158
15 181
15 201
15 263
15 317
15 321
15 381
16 18
16 19
16 76
16 127
16 128
16 215
16 237
16 265
16 275
16 282
16 289
16 291
16 362
16 386
17 0
17 54
17 59
17 83
17 100
17 134
17 177
17 239
17 260
17 278
17 347
17 357
17 371
17 393
18 4
18 44
18 78
18 93
18 95
18 108
18 133
18 141
18 149
18 154
18 155
18 160
18 190
18 193
18 195
18 196
18 198
18 205
18 209
18 217
18 232
18 250
18 284
18 305
18 318
18 345
18 351
18 359
18 368
18 372
18 383
18 387
19 63
19 103
19 105
19 110
19 150
19 157
19 185
19 202
19 245
19 279
19 316
19 327
19 394
19 395
