0 6
0 14
0 16
0 58
0 127
0 152
0 170
0 237
0 280
0 355
0 382
1 23
1 24
1 27
1 60
1 112
1 132
1 141
1 146
1 188
1 198
1 220
1 234
1 262
1 265
1 266
1 281
1 288
1 292
1 293
1 317
1 344
1 368
1 383
1 397
2 41
2 48
2 61
2 69
2 86
2 138
2 159
2 165
2 171
2 173
2 204
2 285
2 301
2 316
2 323
2 336
2 337
2 343
2 362
3 35
3 91
3 100
3 122
3 131
3 143
3 163
3 166
3 207
3 231
3 235
3 241
3 249
3 263
3 272
3 287
3 302
3 338
3 350
3 360
3 380
3 381
3 385
3 390
3 396
4 2
4 38
4 63
4 68
4 98
4 99
4 103
4 114
4 182
4 203
4 224
4 243
4 245
4 254
4 283
4 290
4 311
4 329
4 353
4 377
4 398
5 10
5 15
5 39
5 57
5 78
5 89
5 94
5 97
5 140
5 161
5 181
5 194
5 199
5 305
5 313
5 334
5 342
5 357
5 371
6 19
6 25
6 53
6 77
6 107
6 109
6 136
6 172
6 183
6 187
6 201
6 213
6 242
6 259
6 279
6 314
6 361
6 399
7 7
7 30
7 34
7 36
7 51
7 59
7 101
7 117
7 168
7 192
7 200
7 219
7 257
7 289
7 291
7 298
7 309
7 341
7 346
7 354
7 365
7 373
8 20
8 47
8 79
8 87
8 92
8 111
8 126
8 129
8 135
8 144
8 147
8 197
8 221
8 226
8 244
8 246
8 274
8 303
8 333
8 340
8 363
8 364
8 376
9 5
9 13
9 37
9 45
9 142
9 151
9 191
9 208
9 218
9 247
9 251
9 253
9 255
9 306
9 331
9 352
9 367
9 375
9 378
9 386
10 32
10 49
10 54
10 56
10 72
10 75
10 118
10 164
10 167
10 169
10 178
10 179
10 225
10 230
10 261
10 267
10 278
10 347
11 8
11 11
11 12
11 31
11 80
11 93
11 96
11 108
11 139
11 149
11 185
11 193
11 196
11 202
11 250
11 296
11 318
11 359
11 372
11 379
11 389
11 391
11 395
12 83
12 137
12 153
12 214
12 217
12 252
12 258
12 268
12 273
12 286
12 297
12 300
12 321
12 322
12 325
12 339
12 348
13 1
13 40
13 50
13 74
13 84
13 95
13 123
13 133
13 154
13 160
13 184
13 190
13 229
13 240
13 270
13 284
13 299
13 345
13 351
14 17
14 21
14 52
14 55
14 71
14 104
14 106
14 158
14 162
14 180
14 205
14 212
14 236
14 238
14 239
14 264
14 307
14 308
14 388
15 33
15 43
15 70
15 88
15 150
15 156
15 157
15 174
15 175
15 211
15 223
15 233
15 260
15 271
15 312
15 315
15 326
15 335
15 366
15 393
16 18
16 62
16 66
16 113
16 115
16 120
16 124
16 130
16 134
16 176
16 177
16 222
16 269
16 275
16 276
16 294
16 304
16 310
16 358
16 370
17 9
17 46
17 64
17 65
17 73
17 76
17 90
17 102
17 105
17 110
17 125
17 186
17 248
17 320
17 324
17 327
17 328
17 349
17 369
17 392
17 394
18 0
18 29
18 85
18 128
18 145
18 189
18 215
18 228
18 282
18 295
18 374
19 3
19 4
19 22
19 26
19 28
19 42
19 44
19 67
19 81
19 82
19 116
19 119
19 121
19 148
19 155
19 195
19 206
19 209
19 210
19 216
19 227
19 232
19 256
19 277
19 319
19 330
19 332
19 356
19 384
19 387
