0 31
0 38
0 50
0 54
0 73
0 91
0 116
0 131
0 149
0 166
0 199
0 216
1 2
1 5
1 55
1 90
1 132
1 186
1 263
1 296
1 311
2 14
2 18
2 76
2 111
2 120
2 140
2 145
2 283
2 305
3 30
3 43
3 84
3 198
3 280
4 21
4 26
4 58
4 63
4 83
4 87
4 98
4 107
4 130
4 147
4 164
4 165
4 179
4 269
4 308
5 27
5 41
5 64
5 100
5 105
5 118
5 129
5 146
5 174
5 194
5 195
5 210
5 242
5 247
5 250
5 273
6 8
6 25
6 32
6 36
6 49
6 67
6 159
6 168
6 171
6 197
6 217
6 225
6 248
6 292
7 22
7 23
7 75
8 24
8 88
8 110
8 114
8 252
8 274
9 9
9 19
9 46
9 77
9 161
9 162
9 205
9 207
9 209
9 221
9 222
9 234
9 241
9 277
9 288
9 300
10 62
10 101
10 109
10 176
10 265
11 4
11 12
11 37
11 115
11 122
11 144
11 172
11 219
11 220
11 236
12 15
12 17
12 28
12 52
12 89
12 102
12 121
12 127
12 137
12 148
12 150
12 167
12 200
12 203
12 213
12 226
12 238
12 259
12 264
12 271
12 294
12 301
13 69
13 85
13 97
13 163
13 211
13 223
14 1
14 13
14 113
14 133
14 154
14 187
14 190
14 218
15 71
15 135
15 184
15 188
15 227
15 276
15 309
16 61
16 82
16 96
16 282
17 11
17 156
17 201
17 202
17 254
18 16
18 29
18 59
18 196
19 33
19 81
19 103
19 126
19 160
19 181
19 229
