0 22
0 108
0 194
0 223
1 3
1 21
1 98
1 141
1 203
1 220
1 224
1 231
2 53
2 129
2 156
2 166
2 202
2 208
2 248
2 274
2 305
3 15
3 130
3 165
3 176
3 236
3 265
3 292
4 11
4 12
4 38
4 43
4 80
4 85
4 163
4 214
4 290
5 50
5 116
5 179
5 184
6 16
6 33
6 73
6 82
6 87
6 107
6 120
6 164
6 199
6 254
7 14
7 119
7 201
7 211
8 23
8 59
8 71
8 75
8 160
8 170
8 196
9 1
9 18
9 88
10 61
10 62
10 282
10 308
11 54
11 81
11 97
11 114
11 115
11 135
11 144
11 190
11 283
12 84
12 109
12 162
12 209
12 300
13 32
13 188
14 63
14 76
14 102
14 145
14 149
14 168
14 216
14 217
14 252
15 24
15 30
15 41
15 103
15 110
15 126
15 172
15 181
15 276
16 26
16 37
16 49
16 58
16 83
16 111
16 161
17 91
17 96
17 198
17 225
17 259
17 280
18 29
18 180
