0 27
0 40
0 70
0 130
0 153
0 156
0 197
0 221
0 248
0 254
0 267
0 271
0 299
1 5
1 6
1 46
1 52
1 77
1 121
1 122
1 167
1 171
1 174
1 187
1 218
1 222
1 235
1 256
1 260
1 264
1 294
2 32
2 42
2 47
2 58
2 97
2 110
2 128
2 160
2 181
2 189
2 232
2 245
2 246
2 270
2 303
3 18
3 23
3 25
3 33
3 41
3 85
3 94
3 109
3 165
3 166
3 206
3 210
3 219
3 229
3 234
3 281
3 297
3 304
3 305
3 308
4 28
4 48
4 67
4 84
4 89
4 91
4 106
4 148
4 227
4 228
4 239
4 279
4 288
4 309
5 4
5 9
5 55
5 65
5 68
5 86
5 90
5 113
5 118
5 150
5 152
5 159
5 205
5 262
5 263
5 277
5 293
5 311
6 8
6 13
6 17
6 19
6 78
6 100
6 105
6 127
6 154
6 186
6 273
6 278
6 284
6 296
7 2
7 45
7 54
7 72
7 124
7 132
7 241
7 247
7 275
7 302
7 306
8 60
8 92
8 99
8 204
8 207
8 287
8 307
9 62
9 69
9 83
9 135
9 136
9 149
9 158
9 200
9 211
9 213
9 230
9 236
9 280
9 285
10 11
10 26
10 39
10 61
10 93
10 101
10 125
10 138
10 142
10 164
10 201
10 257
10 289
11 36
11 44
11 82
11 146
11 175
11 226
11 238
11 253
11 255
11 261
11 301
