0 26
0 45
0 130
0 160
0 206
0 245
0 279
0 281
1 47
1 52
1 65
1 68
1 243
2 100
2 106
2 123
2 158
2 228
2 238
2 253
2 267
2 278
2 297
2 301
3 17
3 20
3 22
3 41
3 85
3 98
3 139
3 149
3 168
3 176
3 200
3 201
3 236
3 248
3 280
3 304
4 4
4 78
4 218
4 251
4 285
5 18
5 33
5 40
5 50
5 84
5 97
5 189
5 196
5 211
5 220
5 271
5 273
6 5
6 36
6 44
6 86
6 113
6 118
6 154
6 167
6 222
6 235
6 284
6 288
6 296
7 13
7 27
7 42
7 46
7 66
7 90
7 95
7 213
7 227
7 255
7 286
8 55
8 67
8 146
8 159
8 175
8 186
8 221
8 241
8 262
8 294
8 309
9 6
9 39
9 48
9 72
9 104
9 105
9 121
9 124
9 135
9 136
9 209
9 230
9 239
9 249
9 254
9 261
9 299
10 2
10 19
10 152
11 32
11 58
11 64
11 82
11 93
11 138
11 182
12 9
12 148
12 247
13 62
13 109
13 110
13 111
13 116
13 164
13 166
13 180
13 257
13 293
13 295
14 122
14 127
14 150
14 171
14 226
14 260
14 263
14 264
14 270
14 277
15 21
15 60
15 89
15 91
15 99
15 153
15 174
15 181
15 204
15 207
15 246
15 250
15 275
15 287
16 8
16 92
16 125
16 142
16 143
16 232
16 256
16 303
16 307
16 311
17 28
17 117
17 187
17 197
17 302
18 12
18 15
18 54
18 83
18 132
18 198
18 223
18 229
