0 46
0 77
0 104
0 118
0 257
0 275
0 285
1 34
1 80
1 124
1 151
1 155
1 213
1 266
1 278
2 189
2 256
2 262
2 293
3 40
3 55
3 68
3 78
3 154
3 197
3 206
3 243
3 246
3 263
3 286
4 13
4 19
4 48
4 79
4 93
4 123
4 125
4 158
4 169
4 227
4 253
4 288
4 294
5 17
5 193
5 214
5 264
6 6
6 20
6 89
6 136
6 174
6 182
6 204
6 287
6 299
6 301
6 306
7 28
7 47
7 127
7 141
7 173
7 228
7 237
7 279
7 297
7 311
8 42
8 66
8 86
8 146
8 153
8 171
8 235
9 138
10 187
10 230
10 232
10 245
10 247
10 303
10 310
11 27
11 72
11 121
11 143
11 186
11 222
11 273
12 90
12 249
12 261
12 270
12 296
13 0
13 2
13 9
13 39
13 132
13 150
13 200
13 218
13 221
13 260
13 302
13 304
14 8
14 99
14 105
14 122
14 157
14 207
14 224
15 3
15 44
15 56
15 94
15 113
15 212
15 238
15 291
16 5
16 36
16 45
16 60
16 67
16 70
16 100
16 139
16 148
16 185
16 295
17 65
17 92
17 152
17 159
17 167
17 175
17 226
17 255
17 277
18 57
18 106
18 177
18 239
18 267
18 271
18 307
