0 40
0 229
0 250
0 257
0 306
1 8
1 44
1 48
1 52
1 77
1 92
1 148
1 150
1 167
1 197
1 222
1 226
1 247
1 249
1 260
1 264
1 275
2 70
2 106
2 130
2 160
2 200
2 227
2 273
2 280
2 297
2 299
3 89
3 121
3 152
3 174
3 235
3 262
3 263
4 42
4 72
4 153
4 182
4 205
4 221
4 228
4 254
4 255
4 267
4 270
4 293
4 311
5 15
5 43
5 84
5 87
5 94
5 97
5 109
5 236
5 252
5 279
5 281
5 283
5 304
5 312
6 2
6 4
6 5
6 9
6 19
6 36
6 55
6 67
6 132
6 186
6 187
6 218
6 232
6 241
6 277
6 296
7 25
7 33
7 50
7 54
7 58
7 66
7 69
7 110
7 164
7 199
7 201
7 207
7 245
8 95
8 209
9 28
9 45
9 46
9 127
9 136
9 146
9 158
9 177
9 178
9 248
9 253
9 261
9 284
9 301
10 47
10 62
10 93
10 100
10 124
10 143
10 163
10 189
10 303
11 27
11 78
11 105
11 122
11 154
11 175
12 90
12 125
12 230
12 243
13 20
13 71
13 123
13 217
13 290
13 307
14 11
14 17
14 112
14 116
14 133
14 135
14 151
14 166
14 195
14 206
14 219
15 13
15 65
15 68
15 86
15 118
15 159
15 246
15 256
15 271
15 285
15 288
15 294
16 6
16 12
16 21
16 32
16 39
16 104
16 138
16 213
17 60
17 99
17 111
17 113
17 139
17 147
17 204
17 238
17 239
17 278
17 286
17 295
17 302
17 309
