0 23
0 61
0 63
0 76
0 208
0 248
0 292
0 300
0 308
1 16
1 101
2 18
2 21
2 22
2 59
2 202
2 220
3 34
3 91
3 133
3 137
3 198
3 242
4 49
4 53
4 64
4 75
4 87
4 111
4 144
4 163
4 236
5 25
5 37
5 50
5 71
5 85
5 107
5 130
5 141
5 214
5 215
5 254
5 280
6 81
6 83
6 120
6 172
6 201
7 11
7 31
7 115
7 219
8 1
8 145
8 184
8 216
8 252
9 26
9 38
9 62
9 103
9 149
9 156
9 160
9 166
9 188
10 54
10 84
10 88
10 97
10 126
10 170
10 181
10 209
10 217
10 276
11 30
11 43
11 108
11 129
11 135
11 223
11 305
12 14
12 73
12 114
12 164
12 168
12 194
12 211
12 229
12 283
13 29
13 32
13 33
13 58
13 110
13 116
13 119
13 196
13 274
14 3
14 12
14 24
14 41
14 82
14 102
14 109
14 161
14 179
14 203
14 224
14 225
