0 8
0 47
0 68
0 72
0 86
0 99
0 189
0 204
0 205
0 222
0 271
0 285
1 3
1 34
1 56
1 80
1 121
1 150
1 266
1 277
2 39
2 44
2 48
2 67
2 105
2 127
2 139
2 224
2 247
2 263
2 293
2 294
2 295
3 106
3 249
4 36
4 66
4 70
4 92
4 136
4 146
4 221
4 232
4 235
4 245
5 19
5 77
5 79
5 132
5 143
5 182
5 185
5 227
5 228
5 246
5 291
6 17
6 94
6 155
6 191
6 213
6 214
6 215
6 238
6 262
6 264
7 40
7 55
7 78
7 148
7 151
7 186
7 230
7 260
7 304
8 27
8 123
8 154
8 169
8 175
8 218
8 243
8 255
8 302
8 303
9 5
9 20
9 28
9 52
9 100
9 104
9 152
9 167
9 253
9 296
10 9
10 57
10 60
10 153
10 174
10 177
10 206
10 231
10 239
10 284
10 310
10 311
11 141
11 226
11 237
11 256
12 2
12 42
12 200
12 257
12 261
13 4
13 65
13 125
13 287
13 301
13 307
14 93
14 197
14 306
15 90
15 118
15 158
15 270
15 275
15 278
15 299
16 0
16 13
16 45
16 159
16 207
16 267
16 273
16 279
17 6
17 46
17 122
17 124
17 138
17 187
17 286
17 297
