0 4
0 44
0 148
0 273
0 294
1 21
1 22
1 23
1 32
1 58
1 109
1 119
1 162
1 181
1 216
1 223
1 280
2 11
2 50
2 54
2 83
2 102
2 103
2 110
2 164
2 201
2 300
3 61
3 81
3 114
3 126
3 133
3 146
3 166
3 190
3 198
3 274
4 35
4 68
4 132
4 186
4 197
4 205
4 207
4 227
4 263
4 271
4 293
5 30
5 41
5 46
5 199
5 218
5 222
6 170
7 15
7 25
7 43
7 59
7 101
7 111
7 113
7 130
7 168
7 176
7 188
7 202
7 203
7 282
7 292
7 308
7 312
8 36
8 67
8 73
8 90
8 154
8 161
8 174
8 177
8 194
8 208
8 213
8 226
8 250
8 264
8 288
9 12
9 29
9 33
9 49
9 64
9 69
9 88
9 97
9 98
9 116
9 195
9 220
10 62
10 75
10 82
10 163
10 178
10 209
11 28
11 45
11 77
11 89
11 96
11 121
11 127
11 200
11 238
11 241
11 254
11 296
12 26
12 85
12 135
12 147
12 165
12 180
12 184
12 265
13 2
13 5
13 13
13 16
13 27
13 53
13 63
13 105
13 120
13 144
13 187
13 217
13 236
13 242
14 24
14 115
14 118
14 122
14 229
14 276
15 8
15 37
15 52
15 159
15 249
15 269
15 290
16 283
17 1
17 18
17 71
17 76
17 107
17 112
17 167
17 172
17 196
17 211
18 14
18 84
18 87
18 156
18 160
18 179
18 219
18 248
18 252
