0 73
0 84
0 91
0 102
0 140
0 211
0 280
0 308
1 38
1 131
1 173
1 176
1 195
1 196
1 265
2 188
2 201
3 58
3 87
3 97
3 115
3 135
3 184
3 216
4 12
4 25
4 26
4 107
4 129
4 130
4 248
4 269
4 290
5 11
5 144
5 172
6 3
6 85
6 162
6 190
6 291
7 1
7 22
7 103
7 111
7 120
7 168
7 179
7 194
7 283
8 18
8 114
8 252
8 276
8 305
9 16
9 23
9 62
9 156
9 163
9 219
10 21
10 30
10 75
10 88
10 101
10 209
11 54
11 59
11 96
11 126
11 149
11 282
12 49
12 110
12 160
12 181
12 300
13 33
13 83
13 164
13 166
13 236
14 15
14 43
14 56
14 61
14 80
14 193
14 198
14 203
14 220
14 292
14 310
15 14
15 32
15 63
15 108
15 109
15 133
15 202
15 254
16 29
16 31
16 76
16 161
16 217
17 145
17 234
18 37
18 82
18 165
18 214
18 274
19 50
19 81
19 116
