0 7
0 19
0 26
0 31
0 40
0 49
0 88
0 93
0 104
0 114
0 141
0 152
0 158
0 163
0 172
0 198
1 5
1 38
1 44
1 48
1 51
1 60
1 99
1 103
1 107
1 118
1 119
1 124
1 128
1 173
1 196
2 0
2 21
2 33
2 41
2 76
2 79
2 85
2 90
2 102
2 134
2 139
2 143
2 174
2 185
2 190
3 13
3 18
3 23
3 28
3 36
3 39
3 59
3 82
3 91
3 95
3 127
3 136
3 146
3 147
3 159
3 186
4 3
4 8
4 55
4 70
4 72
4 73
4 74
4 86
4 105
4 169
5 4
5 10
5 24
5 25
5 27
5 58
5 64
5 77
5 80
5 109
5 132
5 160
5 176
5 181
5 194
6 1
6 14
6 17
6 29
6 75
6 92
6 113
6 122
6 125
6 131
6 153
6 184
6 187
6 195
7 47
7 50
7 81
7 83
7 94
7 96
7 120
7 130
7 135
7 144
7 188
7 199
8 11
8 42
8 52
8 56
8 68
8 71
8 142
8 148
8 149
8 155
8 156
8 182
8 189
8 192
9 16
9 34
9 37
9 43
9 46
9 61
9 84
9 89
9 108
9 123
9 126
9 129
9 157
9 162
9 164
9 165
9 167
9 171
9 191
9 197
10 22
10 62
10 63
10 66
10 67
10 69
10 78
10 98
10 112
10 115
10 137
10 138
10 151
11 9
11 20
11 35
11 65
11 97
11 121
11 133
11 154
11 168
11 179
11 193
12 6
12 12
12 15
12 45
12 53
12 54
12 57
12 87
12 100
12 101
12 110
12 111
12 178
12 180
12 183
13 2
13 30
13 32
13 106
13 116
13 117
13 140
13 145
13 150
13 161
13 166
13 170
13 175
13 177
