0 16
0 22
0 35
0 78
0 98
0 108
0 129
0 138
0 168
1 13
1 28
1 29
1 43
1 61
1 123
1 126
1 162
1 164
1 165
1 167
1 171
2 6
2 25
2 37
2 54
2 100
2 110
2 111
2 160
2 181
2 183
3 8
3 15
3 73
3 74
3 79
3 86
3 105
3 169
4 3
4 34
4 46
4 47
4 50
4 81
4 83
4 84
4 89
4 94
4 96
4 112
4 120
4 130
4 135
4 137
4 144
4 157
4 188
4 191
4 199
5 0
5 21
5 33
5 41
5 76
5 90
5 102
5 134
5 139
5 143
5 148
6 7
6 19
6 26
6 31
6 40
6 49
6 88
6 93
6 104
6 114
6 141
6 152
6 158
6 163
6 198
7 55
7 62
7 63
7 66
7 67
7 69
7 70
7 72
7 80
7 115
7 151
8 1
8 42
8 68
8 92
8 142
8 149
8 154
8 189
8 192
9 38
9 48
9 51
9 60
9 99
9 103
9 107
9 118
9 119
9 124
9 128
9 173
9 196
10 53
10 56
10 71
10 87
10 95
10 156
10 178
10 180
10 182
11 14
11 17
11 23
11 75
11 113
11 125
11 127
11 147
11 153
11 159
11 184
11 195
12 2
12 30
12 140
12 145
12 161
12 166
12 170
12 175
12 177
13 18
13 36
13 39
13 59
13 82
13 91
13 122
13 131
13 136
13 146
13 186
13 187
14 5
14 9
14 20
14 44
14 65
14 97
14 121
14 133
14 172
14 179
14 193
15 12
15 32
15 45
15 52
15 57
15 101
15 106
15 116
15 117
15 150
16 4
16 10
16 24
16 27
16 58
16 64
16 77
16 109
16 132
16 176
16 194
17 11
17 85
17 155
17 174
17 185
17 190
17 197
