0 3
0 8
0 13
0 14
0 15
0 17
0 18
0 23
0 28
0 29
0 36
0 39
0 43
0 55
0 56
0 59
0 62
0 70
0 71
0 72
0 73
0 74
0 75
0 76
0 79
0 80
0 82
0 86
0 87
0 91
0 92
0 95
0 99
0 105
0 113
0 115
0 118
0 119
0 122
0 123
0 125
0 126
0 127
0 128
0 131
0 136
0 143
0 146
0 147
0 153
0 155
0 159
0 162
0 164
0 165
0 167
0 169
0 171
0 173
0 178
0 180
0 182
0 184
0 186
0 187
0 190
0 195
0 199
1 0
1 1
1 2
1 4
1 5
1 6
1 7
1 9
1 10
1 11
1 12
1 16
1 19
1 20
1 21
1 22
1 24
1 25
1 26
1 27
1 30
1 31
1 32
1 33
1 34
1 35
1 37
1 38
1 40
1 41
1 42
1 44
1 45
1 46
1 47
1 48
1 49
1 50
1 51
1 52
1 53
1 54
1 57
1 58
1 60
1 61
1 63
1 64
1 65
1 66
1 67
1 68
1 69
1 77
1 78
1 81
1 83
1 84
1 85
1 88
1 89
1 90
1 93
1 94
1 96
1 97
1 98
1 100
1 101
1 102
1 103
1 104
1 106
1 107
1 108
1 109
1 110
1 111
1 112
1 114
1 116
1 117
1 120
1 121
1 124
1 129
1 130
1 132
1 133
1 134
1 135
1 137
1 138
1 139
1 140
1 141
1 142
1 144
1 145
1 148
1 149
1 150
1 151
1 152
1 154
1 156
1 157
1 158
1 160
1 161
1 163
1 166
1 168
1 170
1 172
1 174
1 175
1 176
1 177
1 179
1 181
1 183
1 185
1 188
1 189
1 191
1 192
1 193
1 194
1 196
1 197
1 198
