0 10
0 15
0 27
0 87
0 109
0 132
0 140
0 161
0 166
0 177
0 178
0 180
1 18
1 28
1 36
1 39
1 59
1 82
1 91
1 95
1 122
1 127
1 131
1 136
1 146
1 186
1 187
2 22
2 48
2 51
2 60
2 67
2 69
2 78
2 98
2 103
2 107
2 119
2 124
2 196
3 5
3 9
3 20
3 35
3 44
3 65
3 97
3 121
3 133
3 159
3 179
3 193
4 13
4 29
4 43
4 72
4 123
4 164
4 165
4 167
4 171
5 1
5 14
5 17
5 23
5 42
5 92
5 147
5 195
6 47
6 50
6 83
6 94
6 96
6 112
6 120
6 130
6 135
6 137
6 144
6 188
6 199
7 3
7 55
7 62
7 63
7 66
7 70
7 80
7 115
7 151
8 21
8 33
8 41
8 56
8 71
8 76
8 90
8 102
8 139
8 143
8 148
9 75
9 113
9 118
9 125
9 126
9 153
9 162
9 173
9 184
10 16
10 34
10 37
10 46
10 61
10 84
10 89
10 108
10 129
10 138
10 191
11 2
11 7
11 19
11 26
11 30
11 32
11 40
11 106
11 116
11 141
11 150
11 168
11 175
12 31
12 49
12 88
12 93
12 104
12 114
12 152
12 158
12 163
12 172
12 198
13 52
13 117
13 142
13 145
13 170
13 192
14 6
14 12
14 45
14 53
14 54
14 57
14 100
14 101
14 110
14 111
14 154
14 183
15 8
15 73
15 74
15 79
15 86
15 105
15 169
16 0
16 68
16 149
16 182
16 189
17 11
17 85
17 134
17 155
17 156
17 174
17 185
17 190
17 197
18 4
18 24
18 25
18 58
18 64
18 77
18 160
18 176
18 181
18 194
19 38
19 81
19 99
19 128
19 157
