0 16
0 22
0 26
0 31
0 34
0 38
0 46
0 47
0 48
0 49
0 50
0 51
0 60
0 61
0 63
0 66
0 67
0 69
0 78
0 81
0 83
0 84
0 88
0 89
0 93
0 94
0 96
0 98
0 99
0 104
0 107
0 108
0 112
0 114
0 119
0 120
0 124
0 128
0 129
0 130
0 135
0 137
0 138
0 144
0 151
0 152
0 157
0 158
0 163
0 188
0 191
0 198
0 199
1 0
1 11
1 21
1 33
1 41
1 52
1 53
1 56
1 68
1 71
1 74
1 76
1 79
1 85
1 90
1 102
1 106
1 111
1 117
1 134
1 139
1 140
1 142
1 143
1 145
1 148
1 149
1 155
1 156
1 161
1 170
1 174
1 175
1 182
1 185
1 189
1 190
1 192
1 197
2 1
2 3
2 8
2 13
2 14
2 15
2 17
2 18
2 23
2 28
2 29
2 36
2 39
2 42
2 43
2 55
2 59
2 62
2 70
2 72
2 73
2 75
2 80
2 82
2 86
2 87
2 91
2 92
2 95
2 105
2 113
2 115
2 118
2 122
2 123
2 125
2 126
2 127
2 131
2 136
2 146
2 147
2 153
2 162
2 164
2 165
2 167
2 169
2 171
2 173
2 178
2 180
2 184
2 186
2 187
2 195
3 2
3 4
3 5
3 6
3 7
3 9
3 10
3 12
3 19
3 20
3 24
3 25
3 27
3 30
3 32
3 35
3 37
3 40
3 44
3 45
3 54
3 57
3 58
3 64
3 65
3 77
3 97
3 100
3 101
3 103
3 109
3 110
3 116
3 121
3 132
3 133
3 141
3 150
3 154
3 159
3 160
3 166
3 168
3 172
3 176
3 177
3 179
3 181
3 183
3 193
3 194
3 196
