0 2
0 4
0 6
0 10
0 12
0 19
0 25
0 27
0 30
0 32
0 45
0 52
0 57
0 77
0 100
0 101
0 106
0 109
0 110
0 116
0 117
0 132
0 141
0 142
0 145
0 150
0 160
0 161
0 166
0 170
0 175
0 176
0 177
0 183
1 0
1 8
1 11
1 15
1 21
1 33
1 36
1 41
1 53
1 54
1 56
1 68
1 70
1 71
1 73
1 74
1 76
1 79
1 85
1 86
1 87
1 90
1 95
1 102
1 105
1 111
1 134
1 139
1 140
1 143
1 148
1 149
1 155
1 156
1 169
1 174
1 178
1 180
1 182
1 185
1 189
1 190
1 192
1 197
2 1
2 13
2 14
2 17
2 18
2 23
2 28
2 29
2 39
2 42
2 59
2 75
2 82
2 91
2 92
2 99
2 113
2 118
2 122
2 125
2 126
2 127
2 131
2 136
2 146
2 147
2 153
2 159
2 162
2 165
2 167
2 173
2 184
2 186
2 187
2 195
2 199
3 3
3 24
3 34
3 37
3 38
3 43
3 46
3 47
3 50
3 55
3 58
3 61
3 62
3 63
3 64
3 66
3 72
3 80
3 81
3 83
3 84
3 89
3 94
3 96
3 108
3 112
3 115
3 120
3 123
3 128
3 130
3 135
3 137
3 144
3 151
3 157
3 164
3 171
3 181
3 188
3 191
3 194
4 5
4 7
4 9
4 16
4 20
4 22
4 26
4 31
4 35
4 40
4 44
4 48
4 49
4 51
4 60
4 65
4 67
4 69
4 78
4 88
4 93
4 97
4 98
4 103
4 104
4 107
4 114
4 119
4 121
4 124
4 129
4 133
4 138
4 152
4 154
4 158
4 163
4 168
4 172
4 179
4 193
4 196
4 198
