0 47
0 50
0 81
0 83
0 94
0 96
0 112
0 120
0 128
0 130
0 135
0 137
0 144
0 158
0 188
0 199
1 1
1 5
1 14
1 17
1 23
1 42
1 44
1 65
1 75
1 92
1 97
1 100
1 110
1 113
1 118
1 121
1 125
1 133
1 147
1 153
1 154
1 159
1 172
1 179
1 184
1 193
1 195
2 6
2 8
2 15
2 53
2 54
2 70
2 73
2 74
2 79
2 80
2 86
2 87
2 95
2 105
2 111
2 134
2 155
2 160
2 169
2 174
2 178
2 180
2 185
2 190
2 197
3 9
3 16
3 20
3 22
3 31
3 35
3 48
3 49
3 51
3 60
3 62
3 63
3 66
3 67
3 69
3 78
3 88
3 93
3 98
3 103
3 104
3 107
3 119
3 124
3 129
3 138
3 152
3 163
3 196
3 198
4 3
4 13
4 18
4 28
4 29
4 36
4 39
4 55
4 59
4 72
4 82
4 91
4 115
4 122
4 127
4 131
4 136
4 146
4 151
4 186
4 187
5 2
5 7
5 12
5 19
5 26
5 30
5 32
5 40
5 45
5 52
5 57
5 101
5 106
5 114
5 116
5 117
5 141
5 142
5 145
5 150
5 168
5 170
5 175
5 183
6 34
6 37
6 38
6 43
6 46
6 61
6 84
6 89
6 99
6 108
6 123
6 126
6 157
6 162
6 164
6 165
6 167
6 171
6 173
6 191
7 0
7 21
7 33
7 41
7 56
7 71
7 76
7 85
7 90
7 102
7 139
7 143
7 148
7 156
7 182
7 189
7 192
8 4
8 10
8 11
8 24
8 25
8 27
8 58
8 64
8 68
8 77
8 109
8 132
8 140
8 149
8 161
8 166
8 176
8 177
8 181
8 194
