0 16
0 22
0 25
0 32
0 37
0 39
0 49
0 53
0 54
0 62
0 87
0 111
0 115
0 128
0 129
0 136
0 151
0 163
0 170
0 172
0 188
0 192
0 215
0 218
0 219
0 220
0 221
0 223
0 225
0 226
0 247
0 253
0 259
0 263
0 266
0 280
0 287
0 297
0 302
0 304
0 337
0 341
0 357
0 365
0 368
0 375
0 399
1 1
1 4
1 10
1 21
1 23
1 27
1 28
1 31
1 35
1 44
1 52
1 57
1 60
1 68
1 74
1 107
1 112
1 133
1 138
1 139
1 141
1 146
1 148
1 154
1 155
1 161
1 169
1 175
1 184
1 195
1 198
1 202
1 210
1 222
1 227
1 229
1 234
1 243
1 250
1 262
1 270
1 275
1 277
1 278
1 300
1 306
1 308
1 318
1 330
1 332
1 342
1 344
1 364
1 388
1 390
1 397
2 6
2 8
2 12
2 33
2 36
2 38
2 46
2 55
2 61
2 65
2 70
2 76
2 80
2 90
2 95
2 100
2 102
2 114
2 125
2 149
2 153
2 168
2 182
2 186
2 197
2 205
2 224
2 235
2 239
2 245
2 260
2 298
2 320
2 322
2 329
2 343
2 345
2 353
2 366
2 377
2 398
3 9
3 17
3 30
3 63
3 85
3 101
3 103
3 130
3 142
3 157
3 166
3 187
3 189
3 201
3 207
3 228
3 274
3 295
3 316
3 321
3 331
3 352
3 354
3 355
3 360
3 361
3 374
3 378
3 383
3 386
4 2
4 11
4 71
4 73
4 77
4 91
4 93
4 98
4 99
4 104
4 117
4 134
4 140
4 173
4 174
4 193
4 196
4 252
4 257
4 258
4 279
4 285
4 289
4 312
4 327
4 335
4 346
4 358
4 362
4 379
4 389
4 393
5 3
5 14
5 20
5 40
5 42
5 47
5 50
5 56
5 72
5 75
5 79
5 81
5 94
5 97
5 143
5 152
5 167
5 237
5 244
5 246
5 256
5 264
5 267
5 269
5 286
5 288
5 305
5 319
5 325
5 339
5 356
5 371
5 385
5 387
5 396
6 18
6 19
6 26
6 45
6 58
6 78
6 88
6 96
6 106
6 116
6 120
6 121
6 123
6 124
6 127
6 137
6 150
6 158
6 176
6 178
6 179
6 180
6 181
6 183
6 190
6 194
6 199
6 206
6 209
6 214
6 216
6 217
6 230
6 232
6 233
6 236
6 240
6 241
6 261
6 268
6 271
6 273
6 276
6 281
6 283
6 284
6 293
6 303
6 313
6 315
6 317
6 338
6 340
6 347
6 348
6 350
6 370
6 380
6 384
6 395
7 29
7 41
7 43
7 48
7 64
7 105
7 135
7 145
7 165
7 171
7 208
7 272
7 291
7 301
7 309
7 314
7 326
7 328
7 373
7 392
7 394
8 0
8 5
8 13
8 34
8 51
8 59
8 67
8 69
8 82
8 83
8 92
8 109
8 118
8 119
8 126
8 131
8 144
8 147
8 156
8 159
8 164
8 191
8 200
8 204
8 213
8 231
8 242
8 251
8 255
8 282
8 323
8 333
8 336
8 363
8 367
8 376
8 381
8 382
9 7
9 15
9 24
9 66
9 84
9 86
9 89
9 108
9 110
9 113
9 122
9 132
9 160
9 162
9 177
9 185
9 203
9 211
9 212
9 238
9 248
9 249
9 254
9 265
9 290
9 292
9 294
9 296
9 299
9 307
9 310
9 311
9 324
9 334
9 349
9 351
9 359
9 369
9 372
9 391
