0 6
0 8
0 12
0 33
0 36
0 38
0 46
0 55
0 61
0 65
0 70
0 76
0 80
0 90
0 95
0 100
0 102
0 114
0 125
0 149
0 153
0 168
0 182
0 186
0 197
0 205
0 224
0 235
0 239
0 245
0 260
0 298
0 320
0 322
0 329
0 343
0 345
0 353
0 366
0 398
1 5
1 13
1 34
1 35
1 51
1 59
1 67
1 69
1 82
1 83
1 109
1 118
1 126
1 131
1 138
1 144
1 147
1 156
1 159
1 164
1 191
1 198
1 200
1 204
1 213
1 222
1 231
1 242
1 251
1 255
1 282
1 304
1 305
1 323
1 336
1 363
1 367
1 376
2 2
2 11
2 71
2 73
2 77
2 91
2 93
2 98
2 99
2 104
2 117
2 134
2 140
2 173
2 174
2 193
2 196
2 252
2 257
2 258
2 279
2 285
2 289
2 312
2 327
2 335
2 346
2 358
2 362
2 379
2 389
2 393
3 9
3 16
3 17
3 22
3 25
3 32
3 37
3 39
3 49
3 53
3 54
3 62
3 87
3 101
3 111
3 115
3 128
3 129
3 136
3 163
3 172
3 187
3 188
3 192
3 215
3 218
3 219
3 221
3 223
3 225
3 226
3 247
3 259
3 263
3 266
3 280
3 295
3 297
3 337
3 341
3 355
3 357
3 365
3 368
3 375
3 378
3 399
4 19
4 26
4 88
4 96
4 106
4 121
4 122
4 123
4 124
4 127
4 137
4 158
4 178
4 180
4 190
4 194
4 199
4 206
4 214
4 220
4 233
4 241
4 276
4 281
4 283
4 303
4 315
4 317
4 340
4 350
4 384
4 395
5 14
5 18
5 20
5 42
5 45
5 47
5 58
5 72
5 78
5 81
5 94
5 97
5 116
5 120
5 143
5 150
5 152
5 176
5 179
5 181
5 183
5 209
5 216
5 217
5 230
5 232
5 236
5 237
5 240
5 246
5 261
5 264
5 267
5 268
5 269
5 273
5 284
5 286
5 287
5 288
5 293
5 313
5 325
5 338
5 339
5 347
5 348
5 370
5 371
5 380
5 385
5 396
6 41
6 63
6 85
6 103
6 105
6 130
6 142
6 145
6 157
6 165
6 189
6 207
6 314
6 316
6 321
6 354
6 360
6 374
6 383
7 10
7 21
7 23
7 27
7 31
7 52
7 60
7 68
7 107
7 112
7 113
7 139
7 141
7 146
7 161
7 175
7 195
7 202
7 210
7 212
7 229
7 234
7 238
7 250
7 262
7 271
7 275
7 308
7 318
7 330
7 344
7 388
7 397
8 7
8 15
8 24
8 66
8 84
8 86
8 89
8 108
8 110
8 132
8 160
8 162
8 177
8 185
8 203
8 211
8 248
8 249
8 254
8 265
8 290
8 292
8 294
8 296
8 299
8 307
8 310
8 311
8 324
8 334
8 349
8 351
8 359
8 369
8 372
8 391
9 0
9 30
9 92
9 119
9 151
9 166
9 170
9 201
9 228
9 253
9 274
9 302
9 331
9 333
9 352
9 361
9 381
9 382
9 386
10 1
10 3
10 4
10 28
10 40
10 44
10 50
10 56
10 57
10 74
10 75
10 79
10 133
10 148
10 154
10 155
10 167
10 169
10 184
10 227
10 243
10 244
10 256
10 270
10 277
10 278
10 300
10 306
10 319
10 332
10 342
10 356
10 364
10 377
10 387
10 390
11 29
11 43
11 48
11 64
11 135
11 171
11 208
11 272
11 291
11 301
11 309
11 326
11 328
11 373
11 392
11 394
