0 29
0 41
0 43
0 48
0 64
0 105
0 135
0 145
0 157
0 171
0 208
0 257
0 272
0 285
0 291
0 301
0 309
0 314
0 326
0 328
0 373
0 374
0 392
1 16
1 18
1 20
1 26
1 32
1 39
1 45
1 53
1 58
1 62
1 87
1 97
1 115
1 129
1 150
1 163
1 172
1 197
1 215
1 221
1 223
1 225
1 226
1 247
1 263
1 266
1 281
1 282
1 297
1 304
1 305
1 317
1 337
1 347
1 357
1 365
1 371
1 375
1 399
2 7
2 15
2 24
2 66
2 80
2 84
2 86
2 89
2 108
2 132
2 160
2 177
2 185
2 203
2 211
2 212
2 238
2 248
2 249
2 254
2 265
2 290
2 292
2 294
2 296
2 299
2 307
2 310
2 311
2 324
2 334
2 345
2 349
2 351
2 359
2 369
2 372
2 391
3 1
3 3
3 14
3 28
3 40
3 44
3 47
3 50
3 56
3 57
3 72
3 75
3 79
3 133
3 143
3 148
3 152
3 155
3 167
3 169
3 227
3 243
3 244
3 256
3 270
3 278
3 300
3 306
3 319
3 332
3 339
3 342
3 356
3 363
3 364
3 377
3 387
3 396
4 19
4 88
4 96
4 106
4 121
4 122
4 123
4 124
4 127
4 158
4 162
4 178
4 180
4 190
4 194
4 199
4 214
4 220
4 233
4 241
4 283
4 303
4 315
4 340
4 384
4 395
5 0
5 5
5 13
5 34
5 51
5 59
5 67
5 69
5 82
5 83
5 92
5 109
5 118
5 126
5 131
5 138
5 144
5 147
5 156
5 159
5 164
5 191
5 200
5 204
5 213
5 231
5 242
5 251
5 255
5 323
5 336
5 367
5 376
5 382
6 30
6 85
6 142
6 165
6 166
6 201
6 228
6 274
6 316
6 321
6 331
6 333
6 352
6 354
6 361
6 381
6 386
6 394
7 42
7 78
7 81
7 94
7 116
7 120
7 137
7 176
7 179
7 181
7 183
7 206
7 209
7 216
7 217
7 230
7 232
7 236
7 237
7 240
7 246
7 261
7 264
7 267
7 268
7 269
7 273
7 276
7 284
7 286
7 288
7 293
7 313
7 325
7 338
7 348
7 370
7 380
7 385
8 2
8 71
8 73
8 77
8 93
8 98
8 104
8 110
8 117
8 134
8 173
8 174
8 196
8 252
8 258
8 279
8 289
8 312
8 327
8 335
8 358
8 362
9 4
9 10
9 21
9 23
9 27
9 31
9 35
9 52
9 60
9 68
9 70
9 74
9 95
9 107
9 112
9 113
9 114
9 139
9 141
9 146
9 154
9 161
9 175
9 184
9 195
9 198
9 202
9 210
9 222
9 229
9 234
9 250
9 262
9 271
9 275
9 277
9 308
9 318
9 330
9 344
9 350
9 388
9 390
9 397
10 6
10 8
10 11
10 12
10 33
10 36
10 38
10 46
10 55
10 61
10 65
10 76
10 90
10 91
10 99
10 100
10 102
10 125
10 140
10 149
10 153
10 168
10 182
10 186
10 189
10 193
10 205
10 224
10 235
10 239
10 245
10 260
10 298
10 320
10 322
10 329
10 343
10 346
10 353
10 366
10 379
10 389
10 398
11 22
11 25
11 37
11 49
11 54
11 111
11 119
11 128
11 136
11 151
11 170
11 188
11 218
11 253
11 280
11 287
11 302
11 341
12 9
12 17
12 63
12 101
12 103
12 130
12 187
12 192
12 207
12 219
12 259
12 295
12 355
12 360
12 368
12 378
12 383
12 393
