0 22
0 25
0 32
0 37
0 39
0 45
0 49
0 53
0 54
0 58
0 62
0 87
0 111
0 128
0 129
0 136
0 151
0 163
0 170
0 188
0 192
0 215
0 218
0 219
0 221
0 223
0 225
0 226
0 247
0 259
0 263
0 280
0 287
0 297
0 341
0 357
0 365
0 368
0 375
0 399
1 29
1 43
1 48
1 105
1 135
1 145
1 157
1 165
1 189
1 208
1 272
1 301
1 309
1 314
1 316
1 326
1 328
1 373
1 374
1 394
2 7
2 15
2 66
2 86
2 89
2 110
2 113
2 122
2 132
2 160
2 177
2 185
2 203
2 211
2 238
2 248
2 254
2 292
2 296
2 299
2 310
2 311
2 324
2 359
2 369
2 372
2 391
3 10
3 16
3 19
3 20
3 26
3 35
3 68
3 70
3 88
3 97
3 106
3 107
3 115
3 141
3 146
3 150
3 161
3 172
3 175
3 197
3 198
3 207
3 222
3 229
3 266
3 271
3 275
3 276
3 281
3 304
3 315
3 317
3 337
3 347
3 350
3 360
3 371
3 390
4 6
4 12
4 33
4 36
4 38
4 46
4 61
4 65
4 71
4 76
4 90
4 91
4 100
4 102
4 125
4 140
4 153
4 168
4 193
4 224
4 235
4 239
4 245
4 260
4 285
4 289
4 298
4 322
4 329
4 346
4 353
4 366
4 398
5 5
5 13
5 34
5 51
5 59
5 63
5 67
5 69
5 82
5 83
5 109
5 118
5 126
5 131
5 144
5 147
5 156
5 159
5 164
5 169
5 191
5 200
5 204
5 213
5 231
5 242
5 251
5 255
5 282
5 305
5 323
5 336
5 363
5 367
5 376
6 18
6 78
6 96
6 116
6 120
6 137
6 176
6 179
6 181
6 183
6 206
6 209
6 216
6 217
6 230
6 232
6 236
6 240
6 250
6 261
6 267
6 268
6 269
6 273
6 283
6 284
6 293
6 313
6 338
6 348
6 370
6 380
7 121
7 123
7 124
7 127
7 158
7 162
7 178
7 180
7 190
7 194
7 199
7 214
7 220
7 233
7 241
7 303
7 340
7 384
7 395
8 1
8 4
8 21
8 23
8 27
8 28
8 31
8 44
8 52
8 55
8 57
8 60
8 74
8 95
8 112
8 114
8 133
8 138
8 139
8 148
8 149
8 154
8 155
8 184
8 186
8 195
8 202
8 210
8 227
8 234
8 243
8 262
8 270
8 277
8 278
8 300
8 308
8 318
8 330
8 332
8 342
8 344
8 364
8 377
8 388
8 397
9 2
9 11
9 64
9 73
9 93
9 104
9 171
9 196
9 257
9 291
9 343
9 379
9 389
9 392
10 8
10 24
10 80
10 84
10 108
10 182
10 205
10 212
10 249
10 265
10 290
10 294
10 307
10 320
10 334
10 345
10 349
10 351
11 9
11 41
11 77
11 98
11 99
11 101
11 103
11 117
11 130
11 134
11 173
11 174
11 187
11 252
11 258
11 279
11 312
11 327
11 335
11 355
11 358
11 362
11 383
11 393
12 0
12 17
12 30
12 85
12 92
12 119
12 142
12 166
12 201
12 228
12 253
12 274
12 295
12 302
12 321
12 331
12 333
12 352
12 354
12 361
12 378
12 381
12 382
12 386
13 3
13 14
13 40
13 42
13 47
13 50
13 56
13 72
13 75
13 79
13 81
13 94
13 143
13 152
13 167
13 237
13 244
13 246
13 256
13 264
13 286
13 288
13 306
13 319
13 325
13 339
13 356
13 385
13 387
13 396
