0 64
0 171
0 257
0 291
0 301
0 392
1 0
1 34
1 51
1 83
1 92
1 109
1 119
1 126
1 144
1 147
1 151
1 170
1 191
1 200
1 213
1 231
1 242
1 255
1 302
1 333
1 336
1 367
1 376
1 381
1 382
2 6
2 11
2 12
2 33
2 36
2 38
2 46
2 61
2 65
2 76
2 90
2 91
2 99
2 100
2 102
2 125
2 140
2 153
2 168
2 193
2 205
2 224
2 239
2 245
2 260
2 285
2 298
2 320
2 322
2 329
2 343
2 346
2 353
2 366
2 379
2 389
2 398
3 5
3 13
3 28
3 55
3 56
3 67
3 69
3 74
3 82
3 95
3 114
3 131
3 133
3 138
3 148
3 149
3 154
3 156
3 159
3 164
3 169
3 186
3 204
3 235
3 243
3 251
3 277
3 318
3 323
3 363
3 364
3 377
4 78
4 81
4 96
4 116
4 120
4 121
4 176
4 181
4 183
4 206
4 209
4 216
4 232
4 233
4 236
4 240
4 261
4 267
4 269
4 273
4 283
4 284
4 293
4 313
4 338
4 348
4 370
4 380
5 16
5 22
5 32
5 37
5 39
5 53
5 54
5 62
5 87
5 111
5 115
5 118
5 128
5 136
5 163
5 172
5 188
5 215
5 218
5 219
5 221
5 223
5 225
5 226
5 247
5 253
5 263
5 266
5 280
5 282
5 297
5 337
5 341
5 357
5 365
5 375
5 399
6 21
6 23
6 27
6 31
6 52
6 60
6 112
6 113
6 139
6 195
6 202
6 210
6 229
6 234
6 250
6 262
6 308
6 330
6 344
6 388
6 397
7 7
7 15
7 66
7 86
7 89
7 122
7 132
7 160
7 162
7 177
7 185
7 211
7 238
7 248
7 254
7 292
7 296
7 299
7 310
7 311
7 324
7 340
7 359
7 369
7 372
7 384
7 391
8 8
8 24
8 80
8 84
8 108
8 182
8 203
8 212
8 249
8 265
8 290
8 294
8 307
8 334
8 345
8 349
8 351
9 30
9 59
9 63
9 85
9 142
9 165
9 166
9 189
9 201
9 228
9 274
9 316
9 321
9 331
9 352
9 354
9 361
9 374
9 386
10 1
10 3
10 4
10 40
10 44
10 50
10 57
10 72
10 75
10 79
10 94
10 155
10 167
10 184
10 227
10 244
10 256
10 270
10 278
10 300
10 306
10 319
10 332
10 342
10 356
10 387
11 2
11 71
11 73
11 77
11 93
11 98
11 104
11 110
11 117
11 134
11 173
11 174
11 196
11 252
11 258
11 279
11 289
11 312
11 327
11 335
11 358
11 362
12 10
12 19
12 26
12 35
12 68
12 70
12 88
12 106
12 107
12 137
12 141
12 146
12 161
12 175
12 190
12 197
12 198
12 222
12 271
12 275
12 276
12 281
12 304
12 315
12 317
12 347
12 350
12 390
12 395
13 29
13 41
13 43
13 48
13 105
13 135
13 145
13 157
13 208
13 272
13 309
13 314
13 326
13 328
13 373
13 394
14 123
14 124
14 127
14 158
14 178
14 180
14 194
14 199
14 214
14 220
14 241
14 303
15 14
15 18
15 20
15 25
15 42
15 45
15 47
15 58
15 97
15 129
15 143
15 150
15 152
15 179
15 217
15 230
15 237
15 246
15 264
15 268
15 286
15 287
15 288
15 305
15 325
15 339
15 371
15 385
15 396
16 9
16 17
16 49
16 101
16 103
16 130
16 187
16 192
16 207
16 259
16 295
16 355
16 360
16 368
16 378
16 383
16 393
