0 29
0 41
0 43
0 48
0 64
0 105
0 135
0 145
0 157
0 165
0 171
0 208
0 272
0 291
0 301
0 309
0 314
0 326
0 328
0 373
0 374
0 392
1 21
1 23
1 27
1 31
1 52
1 60
1 112
1 139
1 195
1 202
1 210
1 234
1 250
1 262
1 308
1 318
1 330
1 344
1 388
1 397
2 16
2 20
2 32
2 35
2 53
2 62
2 63
2 87
2 115
2 118
2 129
2 172
2 197
2 198
2 207
2 215
2 222
2 223
2 225
2 247
2 266
2 282
2 297
2 304
2 305
2 337
2 357
2 360
2 365
2 375
3 5
3 13
3 34
3 51
3 59
3 67
3 69
3 82
3 83
3 109
3 126
3 131
3 138
3 156
3 159
3 164
3 189
3 191
3 200
3 204
3 213
3 231
3 242
3 251
3 323
3 333
3 336
3 367
3 376
4 7
4 15
4 66
4 86
4 89
4 113
4 122
4 132
4 160
4 162
4 177
4 185
4 203
4 211
4 238
4 248
4 254
4 292
4 296
4 299
4 310
4 311
4 324
4 334
4 359
4 369
4 372
4 391
5 2
5 71
5 73
5 77
5 93
5 98
5 104
5 110
5 117
5 134
5 173
5 174
5 196
5 252
5 258
5 279
5 289
5 312
5 327
5 335
5 358
5 362
6 18
6 26
6 45
6 58
6 123
6 124
6 127
6 150
6 158
6 178
6 179
6 180
6 199
6 214
6 217
6 230
6 268
6 303
7 14
7 42
7 47
7 72
7 79
7 81
7 94
7 97
7 143
7 152
7 237
7 246
7 256
7 264
7 286
7 288
7 325
7 339
7 371
7 385
7 396
8 6
8 8
8 55
8 70
8 76
8 95
8 102
8 114
8 125
8 149
8 182
8 186
8 205
8 224
8 235
8 239
8 245
8 298
8 320
8 353
8 366
8 377
8 398
9 0
9 92
9 119
9 144
9 147
9 151
9 170
9 255
9 302
9 381
9 382
10 24
10 80
10 84
10 108
10 212
10 249
10 265
10 290
10 294
10 307
10 345
10 349
10 351
11 11
11 12
11 33
11 36
11 38
11 46
11 61
11 65
11 90
11 91
11 99
11 100
11 140
11 153
11 168
11 193
11 257
11 260
11 285
11 322
11 329
11 343
11 346
11 379
11 389
12 9
12 17
12 101
12 103
12 130
12 187
12 192
12 220
12 259
12 295
12 355
12 368
12 378
12 383
12 393
13 30
13 85
13 142
13 166
13 201
13 228
13 274
13 316
13 321
13 331
13 352
13 354
13 361
13 386
13 394
14 1
14 3
14 4
14 28
14 40
14 44
14 50
14 56
14 57
14 74
14 75
14 133
14 148
14 154
14 155
14 167
14 169
14 184
14 227
14 243
14 244
14 270
14 277
14 278
14 300
14 306
14 319
14 332
14 342
14 356
14 363
14 364
14 387
14 390
15 78
15 96
15 116
15 120
15 121
15 176
15 181
15 183
15 209
15 216
15 232
15 233
15 236
15 240
15 261
15 267
15 269
15 273
15 283
15 284
15 293
15 313
15 338
15 348
15 370
15 380
16 10
16 19
16 68
16 88
16 106
16 107
16 137
16 141
16 146
16 161
16 175
16 190
16 194
16 206
16 229
16 241
16 271
16 275
16 276
16 281
16 315
16 317
16 340
16 347
16 350
16 384
16 395
17 22
17 25
17 37
17 39
17 49
17 54
17 111
17 128
17 136
17 163
17 188
17 218
17 219
17 221
17 226
17 253
17 263
17 280
17 287
17 341
17 399
