0 14
0 20
0 42
0 45
0 47
0 72
0 81
0 94
0 97
0 129
0 143
0 152
0 176
0 179
0 217
0 237
0 246
0 264
0 267
0 268
0 269
0 286
0 287
0 288
0 293
0 325
0 339
0 371
0 385
0 396
1 6
1 8
1 12
1 46
1 55
1 61
1 65
1 76
1 90
1 102
1 125
1 149
1 182
1 186
1 205
1 224
1 235
1 239
1 245
1 260
1 298
1 320
1 322
1 329
1 343
1 353
1 366
1 398
2 29
2 41
2 48
2 135
2 208
2 272
2 309
2 326
2 328
2 373
2 392
3 21
3 23
3 27
3 60
3 68
3 112
3 113
3 195
3 229
3 234
3 238
3 250
3 271
3 330
3 388
4 34
4 51
4 67
4 69
4 82
4 83
4 92
4 118
4 119
4 128
4 131
4 144
4 147
4 156
4 164
4 170
4 213
4 231
4 251
4 255
4 305
4 367
5 77
5 98
5 110
5 117
5 173
5 258
5 279
5 312
5 327
6 16
6 32
6 53
6 62
6 63
6 87
6 115
6 172
6 197
6 207
6 215
6 223
6 225
6 247
6 263
6 266
6 281
6 282
6 297
6 304
6 337
6 357
6 360
6 365
6 375
7 18
7 19
7 26
7 58
7 78
7 96
7 116
7 120
7 121
7 137
7 141
7 150
7 161
7 181
7 183
7 206
7 209
7 216
7 230
7 232
7 233
7 236
7 240
7 261
7 273
7 276
7 283
7 284
7 313
7 317
7 338
7 347
7 348
7 350
7 370
7 380
8 1
8 3
8 28
8 40
8 44
8 50
8 56
8 57
8 75
8 79
8 155
8 167
8 169
8 227
8 244
8 256
8 270
8 278
8 300
8 306
8 319
8 332
8 342
8 356
8 363
8 364
8 387
9 24
9 80
9 84
9 108
9 203
9 212
9 249
9 265
9 290
9 294
9 307
9 334
9 345
9 349
9 351
10 22
10 25
10 37
10 39
10 49
10 54
10 111
10 136
10 151
10 163
10 188
10 218
10 219
10 221
10 226
10 253
10 280
10 302
10 341
10 399
11 7
11 15
11 66
11 86
11 89
11 122
11 132
11 160
11 162
11 177
11 185
11 211
11 248
11 254
11 292
11 296
11 299
11 310
11 311
11 324
11 359
11 369
11 372
11 391
12 4
12 10
12 31
12 35
12 52
12 70
12 74
12 95
12 107
12 114
12 133
12 138
12 139
12 146
12 148
12 154
12 159
12 175
12 184
12 198
12 202
12 210
12 222
12 243
12 262
12 275
12 277
12 308
12 318
12 344
12 377
12 390
12 397
13 30
13 85
13 142
13 166
13 201
13 228
13 274
13 316
13 321
13 331
13 352
13 354
13 361
13 386
13 394
14 2
14 11
14 73
14 93
14 104
14 196
14 257
14 289
14 379
14 389
15 0
15 5
15 13
15 59
15 109
15 126
15 191
15 200
15 242
15 333
15 336
15 376
15 381
15 382
16 9
16 17
16 101
16 103
16 130
16 187
16 192
16 259
16 295
16 355
16 368
16 378
16 383
16 393
17 38
17 43
17 64
17 105
17 145
17 157
17 165
17 171
17 189
17 204
17 291
17 301
17 314
17 323
17 374
18 33
18 36
18 71
18 91
18 99
18 100
18 134
18 140
18 153
18 168
18 174
18 193
18 252
18 285
18 335
18 346
18 358
18 362
19 88
19 106
19 123
19 124
19 127
19 158
19 178
19 180
19 190
19 194
19 199
19 214
19 220
19 241
19 303
19 315
19 340
19 384
19 395
