0 14
0 18
0 20
0 26
0 42
0 45
0 47
0 58
0 72
0 78
0 81
0 94
0 97
0 116
0 120
0 137
0 143
0 150
0 152
0 176
0 179
0 181
0 183
0 206
0 209
0 216
0 217
0 230
0 232
0 233
0 236
0 237
0 240
0 246
0 261
0 264
0 267
0 268
0 269
0 273
0 276
0 284
0 286
0 287
0 288
0 293
0 313
0 317
0 325
0 338
0 339
0 347
0 348
0 370
0 371
0 380
0 385
0 396
1 5
1 13
1 34
1 35
1 51
1 55
1 56
1 59
1 63
1 67
1 69
1 70
1 82
1 83
1 95
1 109
1 118
1 126
1 131
1 138
1 144
1 147
1 149
1 156
1 159
1 164
1 169
1 175
1 186
1 191
1 198
1 200
1 204
1 213
1 222
1 231
1 235
1 242
1 243
1 251
1 255
1 282
1 304
1 305
1 323
1 336
1 363
1 367
1 376
1 377
1 390
2 0
2 30
2 85
2 92
2 119
2 142
2 151
2 165
2 166
2 170
2 201
2 228
2 253
2 274
2 302
2 316
2 321
2 331
2 333
2 352
2 354
2 361
2 381
2 382
2 386
2 394
3 2
3 29
3 41
3 48
3 71
3 73
3 77
3 93
3 98
3 104
3 117
3 130
3 134
3 135
3 173
3 174
3 196
3 208
3 252
3 257
3 258
3 272
3 279
3 285
3 289
3 309
3 312
3 326
3 327
3 328
3 335
3 358
3 362
3 373
3 392
3 393
4 7
4 15
4 19
4 66
4 68
4 88
4 89
4 96
4 106
4 113
4 121
4 122
4 123
4 124
4 127
4 132
4 158
4 162
4 178
4 180
4 185
4 190
4 194
4 199
4 211
4 214
4 238
4 241
4 248
4 254
4 271
4 275
4 283
4 292
4 296
4 303
4 310
4 311
4 315
4 324
4 340
4 350
4 359
4 369
4 372
4 384
4 391
4 395
5 9
5 16
5 17
5 22
5 25
5 32
5 37
5 39
5 49
5 53
5 54
5 62
5 87
5 101
5 103
5 111
5 115
5 128
5 129
5 136
5 163
5 172
5 187
5 188
5 192
5 207
5 215
5 218
5 219
5 220
5 221
5 223
5 225
5 226
5 247
5 259
5 263
5 266
5 280
5 281
5 295
5 297
5 337
5 341
5 355
5 357
5 360
5 365
5 368
5 375
5 378
5 383
5 399
6 1
6 3
6 4
6 10
6 21
6 23
6 27
6 28
6 31
6 40
6 44
6 50
6 52
6 57
6 60
6 74
6 75
6 79
6 107
6 112
6 114
6 133
6 139
6 141
6 146
6 148
6 154
6 155
6 161
6 167
6 184
6 195
6 202
6 210
6 227
6 229
6 234
6 244
6 250
6 256
6 262
6 270
6 277
6 278
6 300
6 306
6 308
6 318
6 319
6 330
6 332
6 342
6 344
6 356
6 364
6 387
6 388
6 397
7 8
7 24
7 80
7 84
7 86
7 108
7 110
7 160
7 177
7 182
7 203
7 205
7 212
7 249
7 265
7 290
7 294
7 299
7 307
7 320
7 334
7 345
7 349
7 351
8 6
8 11
8 12
8 33
8 36
8 38
8 43
8 46
8 61
8 64
8 65
8 76
8 90
8 91
8 99
8 100
8 102
8 105
8 125
8 140
8 145
8 153
8 157
8 168
8 171
8 189
8 193
8 197
8 224
8 239
8 245
8 260
8 291
8 298
8 301
8 314
8 322
8 329
8 343
8 346
8 353
8 366
8 374
8 379
8 389
8 398
