0 7
0 17
0 76
0 81
0 98
0 105
0 120
0 138
0 152
0 228
0 236
0 239
0 307
0 336
0 392
1 0
1 2
1 4
1 5
1 6
1 10
1 11
1 16
1 21
1 22
1 36
1 38
1 44
1 46
1 51
1 52
1 64
1 69
1 72
1 73
1 74
1 82
1 83
1 88
1 91
1 97
1 100
1 102
1 103
1 108
1 111
1 113
1 114
1 122
1 130
1 132
1 133
1 141
1 144
1 146
1 158
1 161
1 174
1 182
1 184
1 185
1 187
1 195
1 198
1 200
1 204
1 209
1 212
1 216
1 217
1 221
1 224
1 234
1 241
1 246
1 252
1 256
1 257
1 264
1 271
1 273
1 274
1 276
1 277
1 278
1 283
1 285
1 287
1 292
1 297
1 305
1 308
1 312
1 316
1 317
1 321
1 322
1 328
1 337
1 340
1 341
1 342
1 344
1 347
1 349
1 351
1 352
1 361
1 363
1 366
1 370
1 371
1 375
1 380
1 382
1 383
1 393
1 396
1 397
2 26
2 29
2 33
2 37
2 58
2 75
2 85
2 176
2 226
2 229
2 230
2 232
2 260
2 313
2 384
2 398
3 3
3 30
3 39
3 42
3 54
3 62
3 79
3 90
3 92
3 95
3 104
3 123
3 125
3 131
3 143
3 159
3 164
3 179
3 190
3 202
3 220
3 235
3 240
3 265
3 298
3 304
3 309
3 318
3 364
3 365
3 385
3 387
4 20
4 27
4 31
4 40
4 43
4 60
4 70
4 86
4 96
4 118
4 124
4 126
4 127
4 134
4 148
4 151
4 173
4 183
4 194
4 201
4 207
4 208
4 213
4 227
4 242
4 243
4 247
4 248
4 253
4 263
4 282
4 284
4 300
4 303
4 310
4 329
4 330
4 338
4 353
4 355
4 356
4 362
4 367
4 399
5 1
5 9
5 28
5 32
5 34
5 35
5 48
5 49
5 50
5 63
5 65
5 68
5 80
5 87
5 89
5 93
5 94
5 101
5 109
5 116
5 119
5 128
5 129
5 139
5 147
5 150
5 155
5 156
5 162
5 165
5 175
5 177
5 178
5 188
5 192
5 196
5 197
5 203
5 206
5 211
5 219
5 225
5 231
5 233
5 238
5 249
5 255
5 259
5 266
5 268
5 270
5 288
5 293
5 296
5 299
5 319
5 324
5 335
5 339
5 343
5 350
5 378
5 381
5 386
5 388
5 390
5 391
5 394
5 395
6 12
6 13
6 55
6 59
6 67
6 78
6 84
6 99
6 106
6 110
6 112
6 115
6 135
6 137
6 142
6 145
6 149
6 170
6 172
6 181
6 189
6 199
6 244
6 254
6 261
6 267
6 269
6 280
6 281
6 301
6 302
6 306
6 323
6 331
6 333
6 346
6 354
6 357
6 359
6 360
6 368
6 372
6 374
6 377
6 379
7 24
7 53
7 121
7 140
7 153
7 163
7 289
7 294
7 332
8 14
8 18
8 19
8 25
8 56
8 107
8 166
8 169
8 180
8 222
8 223
8 250
8 251
8 262
8 295
8 311
8 315
8 326
8 327
8 345
8 369
8 376
9 8
9 15
9 23
9 41
9 45
9 47
9 57
9 61
9 66
9 71
9 77
9 117
9 136
9 154
9 157
9 160
9 167
9 168
9 171
9 186
9 191
9 193
9 205
9 210
9 214
9 215
9 218
9 237
9 245
9 258
9 272
9 275
9 279
9 286
9 290
9 291
9 314
9 320
9 325
9 334
9 348
9 358
9 373
9 389
