0 20
0 27
0 31
0 40
0 60
0 70
0 86
0 118
0 124
0 126
0 127
0 134
0 151
0 173
0 194
0 201
0 207
0 208
0 213
0 227
0 243
0 247
0 248
0 253
0 282
0 284
0 295
0 300
0 303
0 330
0 338
0 355
0 356
0 362
0 367
1 0
1 2
1 4
1 5
1 6
1 10
1 11
1 16
1 21
1 22
1 36
1 38
1 44
1 46
1 51
1 52
1 64
1 69
1 72
1 73
1 74
1 82
1 83
1 88
1 91
1 97
1 100
1 102
1 103
1 108
1 111
1 113
1 114
1 122
1 130
1 132
1 133
1 141
1 144
1 146
1 158
1 161
1 174
1 182
1 184
1 187
1 195
1 198
1 200
1 204
1 209
1 212
1 216
1 217
1 221
1 224
1 234
1 241
1 246
1 252
1 256
1 257
1 264
1 271
1 273
1 274
1 276
1 277
1 278
1 283
1 285
1 287
1 292
1 297
1 305
1 308
1 312
1 316
1 317
1 321
1 322
1 328
1 337
1 340
1 341
1 342
1 344
1 347
1 349
1 351
1 352
1 361
1 363
1 366
1 370
1 371
1 375
1 380
1 382
1 383
1 393
1 396
1 397
2 17
2 76
2 81
2 98
2 105
2 120
2 152
2 228
2 236
2 239
2 307
2 336
2 392
3 26
3 29
3 33
3 37
3 58
3 75
3 85
3 226
3 230
3 232
3 260
3 313
3 384
3 398
4 14
4 18
4 25
4 56
4 107
4 166
4 169
4 223
4 250
4 251
4 262
4 311
4 315
4 326
4 327
4 345
4 369
5 13
5 24
5 43
5 55
5 106
5 112
5 137
5 138
5 148
5 170
5 172
5 242
5 254
5 263
5 267
5 280
5 294
5 302
5 331
5 333
5 346
5 357
5 360
5 368
5 372
5 374
6 15
6 23
6 41
6 59
6 67
6 78
6 84
6 99
6 110
6 115
6 142
6 145
6 149
6 157
6 165
6 181
6 193
6 199
6 244
6 261
6 269
6 281
6 301
6 306
6 319
6 323
6 354
6 358
6 359
6 373
6 377
6 379
6 394
7 3
7 19
7 30
7 39
7 42
7 54
7 62
7 79
7 90
7 92
7 95
7 96
7 104
7 123
7 125
7 131
7 143
7 159
7 164
7 179
7 180
7 183
7 190
7 202
7 220
7 222
7 235
7 240
7 265
7 298
7 304
7 309
7 318
7 364
7 365
7 376
7 385
7 387
7 399
8 8
8 12
8 61
8 71
8 77
8 135
8 136
8 160
8 171
8 189
8 191
8 210
8 215
8 218
8 237
8 245
8 258
8 272
8 279
8 286
8 291
8 310
8 314
8 320
8 329
8 353
8 389
9 1
9 9
9 28
9 32
9 34
9 35
9 45
9 47
9 48
9 49
9 50
9 57
9 63
9 65
9 66
9 68
9 80
9 87
9 89
9 93
9 94
9 101
9 109
9 116
9 117
9 119
9 128
9 129
9 139
9 147
9 150
9 154
9 155
9 156
9 162
9 167
9 168
9 175
9 177
9 178
9 185
9 186
9 188
9 192
9 196
9 197
9 203
9 205
9 206
9 211
9 214
9 219
9 225
9 231
9 233
9 238
9 249
9 255
9 259
9 266
9 268
9 270
9 275
9 288
9 290
9 293
9 296
9 299
9 324
9 325
9 334
9 335
9 339
9 343
9 348
9 350
9 378
9 381
9 386
9 388
9 390
9 391
9 395
10 7
10 53
10 121
10 140
10 153
10 163
10 176
10 229
10 289
10 332
