0 28
0 34
0 48
0 49
0 93
0 94
0 101
0 119
0 128
0 150
0 155
0 165
0 188
0 192
0 233
0 249
0 251
0 255
0 266
0 268
0 270
0 293
0 319
0 326
0 328
0 339
0 386
0 388
0 394
1 20
1 27
1 31
1 40
1 60
1 70
1 86
1 124
1 126
1 134
1 151
1 173
1 194
1 201
1 208
1 213
1 227
1 247
1 248
1 253
1 282
1 284
1 295
1 300
1 303
1 330
1 332
1 338
1 355
1 356
1 362
1 367
2 17
2 76
2 81
2 98
2 105
2 120
2 152
2 228
2 239
2 289
2 307
2 336
2 392
3 7
3 26
3 29
3 33
3 37
3 53
3 58
3 75
3 85
3 163
3 176
3 226
3 229
3 230
3 232
3 260
3 313
3 384
3 398
4 3
4 30
4 39
4 42
4 54
4 62
4 79
4 90
4 92
4 95
4 99
4 104
4 123
4 125
4 131
4 143
4 159
4 164
4 179
4 190
4 202
4 220
4 235
4 240
4 265
4 298
4 304
4 309
4 318
4 364
4 365
4 385
4 387
5 0
5 2
5 4
5 5
5 6
5 10
5 11
5 16
5 21
5 22
5 36
5 38
5 44
5 46
5 51
5 52
5 64
5 69
5 72
5 73
5 74
5 82
5 83
5 88
5 91
5 97
5 100
5 102
5 103
5 108
5 111
5 113
5 114
5 122
5 130
5 132
5 133
5 141
5 144
5 146
5 158
5 161
5 174
5 182
5 184
5 187
5 195
5 198
5 200
5 204
5 209
5 212
5 216
5 217
5 221
5 224
5 234
5 241
5 246
5 252
5 256
5 257
5 264
5 271
5 273
5 274
5 276
5 277
5 278
5 283
5 285
5 287
5 292
5 297
5 305
5 308
5 312
5 316
5 317
5 321
5 322
5 337
5 340
5 341
5 342
5 344
5 347
5 349
5 351
5 352
5 361
5 363
5 366
5 370
5 371
5 375
5 380
5 382
5 383
5 393
5 396
5 397
6 13
6 24
6 55
6 84
6 112
6 137
6 138
6 170
6 236
6 244
6 254
6 267
6 301
6 333
6 346
6 360
6 368
6 374
7 12
7 43
7 71
7 121
7 135
7 136
7 140
7 148
7 153
7 160
7 263
7 294
7 302
7 310
7 329
7 331
8 1
8 8
8 9
8 32
8 35
8 45
8 47
8 50
8 57
8 61
8 63
8 65
8 68
8 77
8 80
8 87
8 89
8 109
8 116
8 129
8 139
8 147
8 154
8 156
8 162
8 167
8 168
8 171
8 175
8 177
8 178
8 185
8 186
8 191
8 196
8 197
8 203
8 205
8 206
8 210
8 211
8 214
8 215
8 219
8 225
8 231
8 237
8 238
8 245
8 258
8 259
8 272
8 275
8 279
8 288
8 290
8 291
8 296
8 299
8 314
8 320
8 324
8 325
8 334
8 335
8 343
8 348
8 350
8 378
8 381
8 389
8 390
8 391
8 395
9 96
9 106
9 118
9 127
9 172
9 183
9 207
9 242
9 243
9 280
9 353
9 357
9 372
9 399
10 15
10 23
10 41
10 59
10 66
10 67
10 78
10 110
10 115
10 117
10 142
10 145
10 149
10 157
10 181
10 189
10 193
10 199
10 218
10 261
10 269
10 281
10 286
10 306
10 323
10 354
10 358
10 359
10 373
10 377
10 379
11 14
11 18
11 19
11 25
11 56
11 107
11 166
11 169
11 180
11 222
11 223
11 250
11 262
11 311
11 315
11 327
11 345
11 369
11 376
