0 2
0 7
0 36
0 49
0 62
0 100
0 132
0 137
0 140
0 142
0 149
0 151
0 181
0 182
1 0
1 3
1 15
1 18
1 29
1 40
1 42
1 57
1 68
1 70
1 90
1 119
1 128
1 146
1 168
1 171
1 175
1 190
2 27
2 54
2 71
2 80
2 84
2 86
2 95
2 97
2 112
2 123
2 129
2 144
2 148
2 150
2 164
2 170
2 172
2 176
2 189
2 192
3 13
3 23
3 35
3 58
3 60
3 174
3 194
4 8
4 10
4 17
4 20
4 61
4 125
4 154
4 184
5 12
5 45
5 56
5 59
5 65
5 85
5 88
5 94
5 103
5 124
5 127
5 130
5 131
5 143
5 152
5 166
5 187
6 16
6 104
6 105
6 106
6 169
6 183
6 185
6 196
7 32
7 48
7 77
7 82
7 83
7 115
7 116
7 117
7 133
7 134
7 156
7 162
7 197
8 25
8 26
8 41
8 66
8 75
8 81
8 89
8 92
8 93
8 96
8 99
8 120
8 121
8 153
8 157
8 158
8 159
8 165
8 167
8 179
8 195
9 4
9 34
9 37
9 53
9 69
9 79
9 102
9 110
9 113
9 126
9 136
9 145
9 147
9 160
9 188
10 33
10 63
10 73
10 78
10 101
10 109
10 186
10 198
10 199
11 5
11 19
11 28
11 30
11 44
11 55
11 64
11 72
11 111
11 139
12 21
12 24
12 31
12 38
12 46
12 51
12 74
12 76
12 87
12 91
12 98
12 108
12 114
12 118
12 122
12 135
12 138
12 141
12 155
12 161
12 177
12 178
12 191
12 193
13 1
13 6
13 9
13 11
13 14
13 22
13 39
13 43
13 47
13 50
13 52
13 67
13 107
13 163
13 173
13 180
