0 1
0 8
0 9
0 28
0 32
0 34
0 35
0 48
0 63
0 65
0 68
0 80
0 87
0 89
0 101
0 109
0 116
0 129
0 139
0 147
0 162
0 165
0 175
0 177
0 178
0 192
0 196
0 197
0 203
0 206
0 211
0 219
0 225
0 231
0 233
0 238
0 259
0 288
0 296
0 299
0 319
0 324
0 335
0 343
0 378
0 381
0 390
0 391
0 394
0 395
1 24
1 53
1 121
1 140
1 153
1 163
1 289
1 294
2 17
2 76
2 81
2 98
2 105
2 120
2 152
2 228
2 236
2 239
2 307
2 336
2 392
3 4
3 10
3 16
3 36
3 38
3 44
3 46
3 52
3 69
3 72
3 74
3 82
3 83
3 91
3 97
3 100
3 102
3 108
3 111
3 113
3 114
3 122
3 144
3 146
3 158
3 161
3 174
3 182
3 198
3 200
3 204
3 209
3 212
3 217
3 221
3 224
3 234
3 241
3 246
3 252
3 256
3 257
3 264
3 271
3 273
3 274
3 276
3 277
3 278
3 283
3 292
3 297
3 305
3 308
3 317
3 340
3 341
3 344
3 347
3 351
3 352
3 363
3 366
3 370
3 380
3 382
3 383
3 393
3 397
4 20
4 27
4 31
4 40
4 60
4 70
4 86
4 124
4 126
4 134
4 151
4 173
4 194
4 201
4 208
4 213
4 227
4 247
4 248
4 253
4 282
4 284
4 295
4 300
4 303
4 330
4 332
4 338
4 355
4 356
4 362
4 367
5 43
5 96
5 118
5 127
5 148
5 183
5 189
5 207
5 242
5 243
5 263
5 310
5 329
5 353
5 357
5 399
6 3
6 30
6 39
6 42
6 54
6 62
6 79
6 90
6 92
6 95
6 104
6 123
6 125
6 131
6 143
6 159
6 164
6 179
6 190
6 202
6 220
6 235
6 240
6 265
6 298
6 304
6 309
6 318
6 364
6 365
6 385
6 387
7 12
7 41
7 59
7 67
7 71
7 78
7 84
7 110
7 115
7 135
7 142
7 145
7 149
7 181
7 193
7 199
7 261
7 269
7 281
7 301
7 306
7 323
7 354
7 358
7 359
7 377
7 379
8 29
8 33
8 37
8 75
8 85
8 176
8 229
8 313
8 384
9 14
9 19
9 25
9 107
9 180
9 222
9 327
9 345
9 369
9 376
10 7
10 13
10 55
10 99
10 106
10 112
10 137
10 138
10 170
10 172
10 244
10 254
10 267
10 280
10 302
10 331
10 333
10 346
10 360
10 368
10 372
10 374
11 15
11 23
11 45
11 47
11 57
11 61
11 66
11 77
11 117
11 136
11 160
11 167
11 168
11 171
11 186
11 191
11 205
11 210
11 214
11 215
11 218
11 237
11 245
11 258
11 272
11 275
11 279
11 286
11 291
11 314
11 320
11 334
11 348
11 373
11 389
12 18
12 56
12 150
12 155
12 166
12 169
12 223
12 250
12 251
12 262
12 270
12 293
12 311
12 315
12 326
12 386
13 0
13 2
13 5
13 6
13 11
13 21
13 22
13 49
13 50
13 51
13 64
13 73
13 88
13 93
13 94
13 103
13 119
13 128
13 130
13 132
13 133
13 141
13 154
13 156
13 157
13 184
13 185
13 187
13 188
13 195
13 216
13 249
13 255
13 266
13 268
13 285
13 287
13 290
13 312
13 316
13 321
13 322
13 325
13 328
13 337
13 339
13 342
13 349
13 350
13 361
13 371
13 375
13 388
13 396
14 26
14 58
14 226
14 230
14 232
14 260
14 398
