0 8
0 15
0 23
0 45
0 47
0 57
0 61
0 66
0 77
0 117
0 167
0 168
0 171
0 186
0 191
0 205
0 210
0 214
0 215
0 218
0 237
0 245
0 258
0 272
0 275
0 279
0 286
0 291
0 314
0 320
0 325
0 334
0 348
0 373
0 389
1 29
1 33
1 37
1 75
1 85
1 176
1 229
1 313
1 384
2 41
2 59
2 67
2 78
2 84
2 110
2 115
2 142
2 145
2 149
2 157
2 181
2 193
2 199
2 261
2 269
2 281
2 301
2 306
2 323
2 354
2 358
2 359
2 377
2 379
3 20
3 27
3 31
3 40
3 60
3 70
3 86
3 124
3 126
3 127
3 134
3 151
3 173
3 194
3 201
3 208
3 213
3 227
3 247
3 248
3 253
3 282
3 284
3 295
3 300
3 303
3 330
3 338
3 355
3 356
3 362
3 367
4 4
4 10
4 16
4 36
4 38
4 44
4 46
4 52
4 69
4 72
4 74
4 83
4 91
4 97
4 100
4 102
4 108
4 111
4 113
4 114
4 122
4 144
4 146
4 158
4 161
4 174
4 182
4 198
4 200
4 204
4 209
4 212
4 217
4 221
4 224
4 234
4 241
4 246
4 252
4 257
4 264
4 273
4 274
4 276
4 277
4 278
4 283
4 292
4 297
4 305
4 308
4 317
4 340
4 341
4 344
4 347
4 351
4 352
4 363
4 366
4 370
4 380
4 382
4 383
4 393
4 397
5 3
5 34
5 42
5 54
5 90
5 99
5 101
5 123
5 131
5 159
5 164
5 165
5 179
5 202
5 220
5 233
5 235
5 240
5 304
5 309
5 319
5 364
5 365
5 385
5 394
6 1
6 9
6 28
6 32
6 35
6 48
6 63
6 65
6 68
6 80
6 87
6 89
6 94
6 109
6 116
6 129
6 139
6 147
6 156
6 162
6 175
6 177
6 178
6 192
6 196
6 197
6 203
6 206
6 211
6 219
6 225
6 231
6 238
6 259
6 288
6 296
6 299
6 324
6 335
6 343
6 350
6 378
6 381
6 386
6 390
6 391
6 395
7 81
7 98
7 105
7 120
7 152
7 228
7 236
7 307
7 392
8 26
8 58
8 226
8 230
8 232
8 260
8 398
9 19
9 30
9 39
9 62
9 79
9 92
9 95
9 96
9 104
9 125
9 143
9 180
9 183
9 190
9 222
9 265
9 298
9 318
9 376
9 387
9 399
10 17
10 76
10 112
10 138
10 239
10 336
11 7
11 13
11 24
11 55
11 106
11 137
11 170
11 172
11 242
11 244
11 254
11 267
11 280
11 302
11 333
11 346
11 360
11 368
11 372
11 374
12 53
12 140
12 153
12 163
12 289
12 332
13 43
13 118
13 121
13 136
13 148
13 160
13 189
13 207
13 243
13 263
13 294
13 310
13 329
13 353
13 357
14 12
14 71
14 135
14 331
15 0
15 2
15 5
15 6
15 11
15 21
15 22
15 49
15 50
15 51
15 64
15 73
15 82
15 88
15 93
15 103
15 119
15 128
15 130
15 132
15 133
15 141
15 150
15 154
15 155
15 184
15 185
15 187
15 188
15 195
15 216
15 249
15 255
15 256
15 266
15 268
15 270
15 271
15 285
15 287
15 290
15 293
15 312
15 316
15 321
15 322
15 328
15 337
15 339
15 342
15 349
15 361
15 371
15 375
15 388
15 396
16 14
16 18
16 25
16 56
16 107
16 166
16 169
16 223
16 250
16 251
16 262
16 311
16 315
16 326
16 327
16 345
16 369
