0 0
0 2
0 4
0 5
0 6
0 10
0 16
0 22
0 36
0 38
0 44
0 46
0 52
0 64
0 69
0 72
0 73
0 74
0 82
0 83
0 88
0 91
0 97
0 100
0 102
0 103
0 108
0 111
0 113
0 114
0 122
0 130
0 132
0 144
0 146
0 158
0 161
0 174
0 182
0 184
0 187
0 195
0 198
0 200
0 204
0 209
0 212
0 216
0 217
0 221
0 224
0 234
0 241
0 246
0 252
0 256
0 257
0 264
0 271
0 273
0 274
0 276
0 277
0 278
0 283
0 287
0 292
0 297
0 305
0 308
0 312
0 316
0 317
0 321
0 322
0 337
0 340
0 341
0 344
0 347
0 349
0 351
0 352
0 361
0 363
0 366
0 370
0 375
0 380
0 382
0 383
0 393
0 396
0 397
1 29
1 37
1 75
1 85
1 96
1 106
1 118
1 127
1 137
1 172
1 183
1 189
1 207
1 242
1 243
1 263
1 280
1 310
1 353
1 357
1 360
1 372
1 399
2 9
2 21
2 32
2 49
2 51
2 63
2 65
2 80
2 87
2 101
2 109
2 116
2 129
2 133
2 141
2 147
2 162
2 177
2 188
2 196
2 197
2 206
2 225
2 238
2 255
2 259
2 268
2 285
2 288
2 296
2 299
2 335
2 339
2 343
2 378
2 388
2 391
2 395
3 15
3 23
3 31
3 55
3 57
3 66
3 117
3 148
3 205
3 218
3 303
3 334
3 346
3 373
4 7
4 13
4 99
4 170
4 244
4 265
4 368
5 20
5 27
5 40
5 60
5 70
5 86
5 124
5 126
5 134
5 151
5 173
5 194
5 201
5 208
5 213
5 227
5 247
5 248
5 253
5 282
5 284
5 295
5 300
5 330
5 338
5 355
5 356
5 362
5 367
6 3
6 19
6 30
6 39
6 42
6 54
6 62
6 79
6 90
6 92
6 95
6 104
6 123
6 125
6 131
6 143
6 159
6 164
6 179
6 180
6 190
6 202
6 220
6 222
6 233
6 235
6 240
6 298
6 304
6 309
6 318
6 364
6 365
6 376
6 385
6 387
7 26
7 33
7 58
7 176
7 226
7 229
7 230
7 232
7 260
7 313
7 384
7 398
8 34
8 41
8 59
8 93
8 115
8 119
8 157
8 165
8 249
8 266
8 319
8 328
8 354
8 358
8 394
9 17
9 76
9 98
9 105
9 112
9 138
9 236
9 239
9 302
9 336
10 8
10 11
10 45
10 61
10 77
10 154
10 160
10 167
10 171
10 191
10 193
10 210
10 214
10 215
10 237
10 245
10 258
10 272
10 275
10 279
10 286
10 291
10 314
10 320
10 348
10 389
11 14
11 18
11 25
11 56
11 107
11 166
11 169
11 223
11 250
11 262
11 311
11 315
11 327
11 345
11 369
12 53
12 163
12 289
12 332
13 67
13 78
13 84
13 110
13 142
13 145
13 149
13 181
13 199
13 254
13 261
13 267
13 269
13 281
13 301
13 306
13 323
13 333
13 359
13 374
13 377
13 379
14 24
14 43
14 121
14 136
14 140
14 153
14 294
14 329
15 1
15 28
15 35
15 47
15 48
15 50
15 68
15 89
15 94
15 128
15 139
15 150
15 155
15 156
15 168
15 175
15 178
15 185
15 186
15 192
15 203
15 211
15 219
15 231
15 251
15 270
15 290
15 293
15 324
15 325
15 326
15 342
15 350
15 371
15 381
15 386
15 390
16 81
16 120
16 152
16 228
16 307
16 392
17 12
17 71
17 135
17 331
