0 17
0 76
0 98
0 105
0 112
0 138
0 239
0 302
0 331
0 336
1 15
1 23
1 45
1 47
1 57
1 61
1 66
1 77
1 117
1 167
1 168
1 171
1 186
1 191
1 205
1 210
1 214
1 215
1 218
1 237
1 245
1 258
1 272
1 275
1 279
1 286
1 291
1 314
1 320
1 325
1 334
1 348
1 373
1 389
2 19
2 30
2 39
2 62
2 79
2 92
2 95
2 96
2 104
2 125
2 143
2 180
2 183
2 190
2 222
2 265
2 298
2 318
2 376
2 387
2 399
3 20
3 27
3 31
3 40
3 60
3 70
3 86
3 124
3 126
3 134
3 151
3 173
3 194
3 201
3 208
3 213
3 227
3 247
3 248
3 282
3 284
3 295
3 300
3 303
3 330
3 338
3 355
3 356
3 367
4 26
4 33
4 58
4 226
4 230
4 232
4 260
4 398
5 0
5 2
5 5
5 6
5 11
5 21
5 22
5 49
5 51
5 64
5 73
5 88
5 93
5 103
5 119
5 130
5 132
5 133
5 141
5 154
5 184
5 185
5 187
5 188
5 195
5 216
5 249
5 255
5 266
5 268
5 285
5 287
5 290
5 312
5 316
5 321
5 322
5 328
5 337
5 339
5 349
5 361
5 375
5 388
5 396
6 7
6 13
6 24
6 55
6 106
6 137
6 170
6 172
6 236
6 242
6 244
6 254
6 267
6 280
6 333
6 346
6 360
6 368
6 372
6 374
7 81
7 120
7 152
7 228
7 307
7 392
8 121
8 140
8 153
8 294
9 12
9 43
9 71
9 118
9 135
9 136
9 148
9 160
9 189
9 207
9 263
9 310
9 329
9 353
9 357
10 3
10 34
10 42
10 54
10 90
10 99
10 101
10 123
10 131
10 159
10 164
10 165
10 179
10 202
10 220
10 233
10 235
10 240
10 304
10 309
10 319
10 364
10 365
10 385
10 394
11 53
11 163
11 289
12 18
12 28
12 48
12 128
12 150
12 155
12 169
12 223
12 250
12 251
12 270
12 293
12 326
12 342
12 371
12 386
13 14
13 25
13 56
13 107
13 166
13 262
13 311
13 315
13 327
13 345
13 369
14 1
14 35
14 50
14 68
14 89
14 94
14 139
14 156
14 175
14 178
14 192
14 203
14 211
14 219
14 231
14 324
14 350
14 381
14 390
15 4
15 10
15 16
15 36
15 38
15 44
15 46
15 52
15 69
15 72
15 74
15 82
15 83
15 91
15 97
15 100
15 102
15 108
15 111
15 113
15 114
15 122
15 144
15 146
15 158
15 161
15 174
15 182
15 198
15 200
15 204
15 209
15 212
15 217
15 221
15 224
15 234
15 241
15 246
15 252
15 256
15 257
15 264
15 271
15 273
15 274
15 276
15 277
15 278
15 283
15 292
15 297
15 305
15 308
15 317
15 340
15 341
15 344
15 347
15 351
15 352
15 363
15 366
15 370
15 380
15 382
15 383
15 393
15 397
16 29
16 37
16 75
16 85
16 176
16 229
16 253
16 313
16 332
16 362
16 384
17 41
17 59
17 67
17 78
17 84
17 110
17 115
17 142
17 145
17 149
17 157
17 181
17 193
17 199
17 261
17 269
17 281
17 301
17 306
17 323
17 354
17 358
17 359
17 377
17 379
18 8
18 9
18 32
18 63
18 65
18 80
18 87
18 109
18 116
18 127
18 129
18 147
18 162
18 177
18 196
18 197
18 206
18 225
18 238
18 243
18 259
18 288
18 296
18 299
18 335
18 343
18 378
18 391
18 395
