0 7
0 12
0 13
0 14
0 17
0 19
0 24
0 25
0 26
0 29
0 30
0 33
0 37
0 39
0 43
0 53
0 55
0 58
0 62
0 75
0 76
0 79
0 81
0 84
0 85
0 92
0 95
0 96
0 98
0 99
0 104
0 105
0 106
0 107
0 112
0 118
0 120
0 121
0 123
0 125
0 126
0 131
0 135
0 136
0 137
0 138
0 140
0 142
0 143
0 148
0 152
0 153
0 159
0 163
0 166
0 170
0 172
0 173
0 176
0 180
0 183
0 189
0 190
0 199
0 201
0 207
0 220
0 222
0 226
0 228
0 229
0 230
0 232
0 236
0 239
0 240
0 242
0 243
0 244
0 253
0 254
0 260
0 263
0 265
0 267
0 280
0 281
0 282
0 284
0 289
0 294
0 295
0 298
0 301
0 302
0 303
0 306
0 307
0 310
0 311
0 313
0 318
0 323
0 327
0 329
0 331
0 332
0 333
0 336
0 345
0 346
0 353
0 357
0 360
0 362
0 364
0 368
0 369
0 372
0 374
0 376
0 384
0 387
0 392
0 398
0 399
1 0
1 1
1 2
1 3
1 4
1 5
1 6
1 8
1 9
1 10
1 11
1 15
1 16
1 18
1 20
1 21
1 22
1 23
1 27
1 28
1 31
1 32
1 34
1 35
1 36
1 38
1 40
1 41
1 42
1 44
1 45
1 46
1 47
1 48
1 49
1 50
1 51
1 52
1 54
1 56
1 57
1 59
1 60
1 61
1 63
1 64
1 65
1 66
1 67
1 68
1 69
1 70
1 71
1 72
1 73
1 74
1 77
1 78
1 80
1 82
1 83
1 86
1 87
1 88
1 89
1 90
1 91
1 93
1 94
1 97
1 100
1 101
1 102
1 103
1 108
1 109
1 110
1 111
1 113
1 114
1 115
1 116
1 117
1 119
1 122
1 124
1 127
1 128
1 129
1 130
1 132
1 133
1 134
1 139
1 141
1 144
1 145
1 146
1 147
1 149
1 150
1 151
1 154
1 155
1 156
1 157
1 158
1 160
1 161
1 162
1 164
1 165
1 167
1 168
1 169
1 171
1 174
1 175
1 177
1 178
1 179
1 181
1 182
1 184
1 185
1 186
1 187
1 188
1 191
1 192
1 193
1 194
1 195
1 196
1 197
1 198
1 200
1 202
1 203
1 204
1 205
1 206
1 208
1 209
1 210
1 211
1 212
1 213
1 214
1 215
1 216
1 217
1 218
1 219
1 221
1 223
1 224
1 225
1 227
1 231
1 233
1 234
1 235
1 237
1 238
1 241
1 245
1 246
1 247
1 248
1 249
1 250
1 251
1 252
1 255
1 256
1 257
1 258
1 259
1 261
1 262
1 264
1 266
1 268
1 269
1 270
1 271
1 272
1 273
1 274
1 275
1 276
1 277
1 278
1 279
1 283
1 285
1 286
1 287
1 288
1 290
1 291
1 292
1 293
1 296
1 297
1 299
1 300
1 304
1 305
1 308
1 309
1 312
1 314
1 315
1 316
1 317
1 319
1 320
1 321
1 322
1 324
1 325
1 326
1 328
1 330
1 334
1 335
1 337
1 338
1 339
1 340
1 341
1 342
1 343
1 344
1 347
1 348
1 349
1 350
1 351
1 352
1 354
1 355
1 356
1 358
1 359
1 361
1 363
1 365
1 366
1 367
1 370
1 371
1 373
1 375
1 377
1 378
1 379
1 380
1 381
1 382
1 383
1 385
1 386
1 388
1 389
1 390
1 391
1 393
1 394
1 395
1 396
1 397
