0 15
0 16
0 25
0 26
0 33
0 41
0 45
0 56
0 59
0 66
0 68
0 73
0 75
0 78
0 81
0 89
0 93
0 99
0 101
0 103
0 104
0 105
0 106
0 109
0 120
0 121
0 127
0 131
0 143
0 153
0 157
0 158
0 165
0 166
0 167
0 169
0 179
0 183
0 185
0 186
0 190
0 196
0 198
0 199
1 0
1 1
1 3
1 4
1 6
1 8
1 9
1 10
1 11
1 14
1 17
1 18
1 19
1 20
1 21
1 22
1 27
1 28
1 29
1 30
1 31
1 32
1 34
1 37
1 39
1 40
1 42
1 43
1 44
1 47
1 48
1 50
1 51
1 52
1 53
1 54
1 55
1 57
1 63
1 64
1 67
1 69
1 70
1 71
1 72
1 79
1 80
1 82
1 84
1 86
1 87
1 90
1 92
1 95
1 96
1 97
1 98
1 102
1 107
1 108
1 110
1 111
1 112
1 113
1 114
1 115
1 116
1 117
1 119
1 122
1 123
1 126
1 128
1 129
1 133
1 135
1 136
1 138
1 139
1 144
1 145
1 146
1 147
1 148
1 150
1 155
1 156
1 159
1 160
1 161
1 162
1 163
1 164
1 168
1 170
1 171
1 172
1 173
1 175
1 176
1 180
1 184
1 188
1 189
1 192
1 193
1 195
1 197
2 2
2 5
2 7
2 12
2 13
2 23
2 24
2 35
2 36
2 38
2 46
2 49
2 58
2 60
2 61
2 62
2 65
2 74
2 76
2 77
2 83
2 85
2 88
2 91
2 94
2 100
2 118
2 124
2 125
2 130
2 132
2 134
2 137
2 140
2 141
2 142
2 149
2 151
2 152
2 154
2 174
2 177
2 178
2 181
2 182
2 187
2 191
2 194
