0 1
0 3
0 4
0 6
0 11
0 14
0 21
0 22
0 27
0 29
0 31
0 32
0 34
0 39
0 40
0 42
0 43
0 47
0 48
0 51
0 53
0 54
0 57
0 67
0 69
0 70
0 71
0 72
0 75
0 80
0 82
0 84
0 86
0 90
0 92
0 95
0 96
0 97
0 98
0 102
0 107
0 108
0 112
0 113
0 114
0 115
0 116
0 117
0 122
0 123
0 126
0 129
0 135
0 136
0 144
0 146
0 147
0 148
0 150
0 155
0 156
0 159
0 161
0 162
0 163
0 164
0 170
0 171
0 172
0 175
0 176
0 180
0 188
0 189
0 192
0 193
0 195
0 197
1 2
1 5
1 7
1 24
1 36
1 37
1 38
1 46
1 49
1 61
1 62
1 74
1 76
1 77
1 79
1 83
1 87
1 88
1 91
1 100
1 110
1 118
1 125
1 132
1 133
1 134
1 137
1 138
1 140
1 141
1 142
1 145
1 149
1 151
1 154
1 160
1 177
1 178
1 181
1 182
1 191
2 0
2 8
2 9
2 10
2 15
2 16
2 17
2 18
2 19
2 20
2 26
2 28
2 30
2 33
2 41
2 44
2 50
2 52
2 55
2 63
2 64
2 66
2 68
2 73
2 78
2 89
2 101
2 109
2 111
2 119
2 120
2 128
2 139
2 157
2 168
2 169
2 173
2 183
2 184
2 190
2 196
2 198
2 199
3 12
3 13
3 23
3 25
3 35
3 45
3 56
3 58
3 59
3 60
3 65
3 81
3 85
3 93
3 94
3 99
3 103
3 104
3 105
3 106
3 121
3 124
3 127
3 130
3 131
3 143
3 152
3 153
3 158
3 165
3 166
3 167
3 174
3 179
3 185
3 186
3 187
3 194
