0 1
0 8
0 15
0 18
0 23
0 28
0 31
0 32
0 34
0 35
0 40
0 41
0 45
0 47
0 48
0 50
0 57
0 59
0 60
0 61
0 63
0 65
0 66
0 67
0 68
0 71
0 77
0 80
0 89
0 93
0 94
0 101
0 109
0 115
0 116
0 117
0 119
0 124
0 128
0 129
0 135
0 139
0 150
0 151
0 155
0 156
0 157
0 160
0 162
0 165
0 167
0 168
0 169
0 171
0 175
0 177
0 178
0 186
0 188
0 191
0 192
0 193
0 196
0 197
0 203
0 205
0 206
0 210
0 211
0 214
0 215
0 218
0 219
0 223
0 225
0 227
0 231
0 233
0 237
0 238
0 245
0 247
0 248
0 249
0 250
0 251
0 255
0 258
0 259
0 266
0 270
0 272
0 275
0 279
0 286
0 288
0 290
0 291
0 293
0 295
0 299
0 300
0 310
0 314
0 319
0 320
0 324
0 325
0 326
0 330
0 334
0 335
0 338
0 339
0 343
0 348
0 350
0 353
0 354
0 355
0 358
0 359
0 373
0 379
0 381
0 386
0 389
0 390
0 391
0 394
0 395
1 0
1 2
1 4
1 5
1 6
1 9
1 10
1 11
1 16
1 21
1 22
1 36
1 38
1 44
1 46
1 49
1 51
1 52
1 64
1 69
1 72
1 73
1 74
1 82
1 83
1 87
1 88
1 91
1 97
1 100
1 102
1 103
1 108
1 111
1 113
1 114
1 122
1 130
1 132
1 133
1 141
1 144
1 146
1 147
1 154
1 158
1 161
1 174
1 182
1 184
1 185
1 187
1 195
1 198
1 200
1 204
1 209
1 212
1 216
1 217
1 221
1 224
1 234
1 241
1 246
1 252
1 256
1 257
1 264
1 268
1 271
1 273
1 274
1 276
1 277
1 278
1 283
1 285
1 287
1 292
1 296
1 297
1 305
1 308
1 312
1 316
1 317
1 321
1 322
1 328
1 337
1 340
1 341
1 342
1 344
1 347
1 349
1 351
1 352
1 361
1 363
1 366
1 370
1 371
1 375
1 378
1 380
1 382
1 383
1 388
1 393
1 396
1 397
2 12
2 13
2 14
2 24
2 25
2 55
2 56
2 78
2 84
2 106
2 107
2 110
2 112
2 121
2 136
2 137
2 142
2 145
2 148
2 149
2 166
2 170
2 172
2 181
2 189
2 199
2 244
2 254
2 261
2 262
2 263
2 267
2 269
2 280
2 281
2 294
2 301
2 302
2 306
2 311
2 315
2 323
2 327
2 329
2 331
2 333
2 345
2 346
2 357
2 360
2 368
2 369
2 372
2 374
2 377
3 3
3 19
3 20
3 27
3 30
3 39
3 42
3 54
3 62
3 70
3 79
3 86
3 90
3 92
3 95
3 96
3 99
3 104
3 118
3 123
3 125
3 126
3 127
3 131
3 134
3 143
3 159
3 164
3 173
3 179
3 180
3 183
3 190
3 194
3 201
3 202
3 207
3 208
3 213
3 220
3 222
3 235
3 240
3 242
3 243
3 253
3 265
3 282
3 284
3 298
3 303
3 304
3 309
3 318
3 356
3 364
3 365
3 367
3 376
3 385
3 387
3 399
4 7
4 17
4 76
4 81
4 98
4 105
4 120
4 138
4 152
4 228
4 236
4 239
4 289
4 307
4 336
4 392
5 26
5 29
5 33
5 37
5 43
5 53
5 58
5 75
5 85
5 140
5 153
5 163
5 176
5 226
5 229
5 230
5 232
5 260
5 313
5 332
5 362
5 384
5 398
