0 11
0 20
0 32
0 41
0 56
0 72
0 73
0 77
0 95
0 105
0 111
0 137
0 141
0 151
0 156
0 157
0 160
0 163
0 175
0 194
0 197
1 1
1 3
1 55
1 65
1 70
1 78
1 79
1 117
1 124
1 125
1 132
1 139
1 146
1 164
1 173
1 186
1 190
1 191
1 193
1 195
1 196
2 12
2 15
2 37
2 54
2 60
2 61
2 63
2 67
2 69
2 71
2 82
2 87
2 93
2 98
2 107
2 118
2 119
2 123
2 126
2 147
2 167
2 168
2 169
2 178
2 181
2 192
2 198
3 2
3 16
3 19
3 24
3 26
3 45
3 51
3 83
3 85
3 86
3 94
3 99
3 103
3 112
3 120
3 127
3 128
3 136
3 142
3 161
3 170
3 176
3 184
3 199
4 6
4 14
4 28
4 33
4 35
4 36
4 44
4 48
4 52
4 57
4 58
4 68
4 90
4 100
4 106
4 110
4 129
4 143
4 179
4 185
4 189
5 5
5 8
5 10
5 18
5 80
5 96
5 114
5 115
5 133
5 145
5 149
5 150
5 165
5 166
5 172
5 183
6 21
6 25
6 27
6 40
6 46
6 59
6 74
6 89
6 108
6 116
6 135
6 148
6 153
6 158
6 180
6 187
7 23
7 29
7 30
7 38
7 42
7 50
7 76
7 88
7 91
7 104
7 131
7 162
7 171
7 182
8 0
8 4
8 7
8 9
8 47
8 53
8 66
8 75
8 97
8 101
8 102
8 130
8 138
8 144
8 152
8 159
8 174
8 177
8 188
9 13
9 17
9 22
9 31
9 34
9 39
9 43
9 49
9 62
9 64
9 81
9 84
9 92
9 109
9 113
9 121
9 122
9 134
9 140
9 154
9 155
