0 9
0 19
0 22
0 24
0 31
0 34
0 44
0 72
0 84
0 86
0 89
0 91
0 94
0 96
0 103
0 108
0 128
0 135
0 138
0 178
0 198
1 16
1 25
1 28
1 53
1 70
1 93
1 95
1 101
1 102
1 106
1 114
1 117
1 137
1 144
1 167
1 174
1 176
2 0
2 2
2 8
2 30
2 33
2 58
2 65
2 104
2 110
2 112
2 121
2 140
2 143
2 149
2 156
2 179
2 182
2 190
2 195
3 36
3 37
3 39
3 43
3 57
3 63
3 100
3 119
3 124
3 161
3 166
3 171
3 173
4 20
4 38
4 75
4 83
4 88
4 97
4 109
4 130
4 133
4 157
4 160
4 172
4 188
4 191
4 199
5 4
5 10
5 12
5 26
5 40
5 46
5 49
5 71
5 78
5 132
5 151
5 163
5 168
5 170
5 183
5 185
5 189
6 120
6 129
6 134
6 196
7 18
7 27
7 32
7 52
7 73
7 82
7 92
7 105
7 115
7 126
7 142
7 147
7 159
7 165
7 181
8 5
8 15
8 17
8 23
8 59
8 60
8 77
8 79
8 85
8 98
8 107
8 118
8 122
8 123
8 131
8 136
8 141
8 145
8 153
8 158
8 162
8 164
8 169
8 177
8 180
8 194
9 1
9 41
9 42
9 48
9 56
9 61
9 62
9 64
9 68
9 76
9 80
9 87
9 90
9 99
9 127
9 139
9 148
9 154
9 186
10 3
10 29
10 47
10 50
10 55
10 66
10 67
10 74
10 146
10 155
10 184
11 6
11 7
11 11
11 13
11 14
11 21
11 35
11 45
11 51
11 54
11 69
11 81
11 111
11 113
11 116
11 125
11 150
11 152
11 175
11 187
11 192
11 193
11 197
