0 5
0 15
0 17
0 22
0 23
0 35
0 59
0 60
0 77
0 79
0 85
0 91
0 98
0 103
0 107
0 122
0 123
0 131
0 136
0 141
0 145
0 153
0 158
0 162
0 164
0 166
0 169
0 177
0 180
0 193
0 194
0 197
0 198
1 4
1 21
1 28
1 30
1 54
1 93
1 102
1 106
1 117
1 140
1 144
1 150
1 183
1 192
2 36
2 37
2 39
2 43
2 47
2 50
2 55
2 57
2 63
2 66
2 67
2 74
2 84
2 100
2 119
2 124
2 155
2 171
2 173
2 184
3 11
3 13
3 18
3 27
3 32
3 52
3 73
3 82
3 92
3 105
3 111
3 115
3 126
3 142
3 147
3 159
3 165
3 181
4 3
4 19
4 31
4 34
4 44
4 64
4 72
4 80
4 86
4 89
4 94
4 96
4 108
4 118
4 128
4 135
4 138
4 146
5 16
5 24
5 25
5 53
5 70
5 95
5 101
5 109
5 114
5 133
5 161
5 167
5 172
5 174
5 176
5 178
6 58
6 65
6 104
6 137
6 195
7 2
7 8
7 33
7 71
7 110
7 112
7 121
7 132
7 149
7 179
7 182
7 185
7 189
8 0
8 143
8 156
8 190
9 6
9 7
9 14
9 45
9 51
9 69
9 81
9 113
9 116
9 125
9 152
9 175
9 187
10 29
10 120
10 129
10 134
10 196
11 1
11 41
11 42
11 48
11 56
11 61
11 62
11 68
11 76
11 87
11 90
11 99
11 127
11 139
11 148
11 154
11 186
12 9
12 10
12 12
12 26
12 40
12 46
12 49
12 78
12 151
12 163
12 168
12 170
13 20
13 38
13 75
13 83
13 88
13 97
13 130
13 157
13 160
13 188
13 191
13 199
