0 2
0 8
0 19
0 24
0 26
0 45
0 51
0 83
0 85
0 86
0 94
0 99
0 103
0 112
0 120
0 127
0 128
0 136
0 142
0 161
0 170
0 176
0 184
0 199
1 3
1 49
1 65
1 121
1 125
1 134
1 139
1 146
1 186
1 190
1 191
1 193
1 196
2 10
2 11
2 32
2 41
2 56
2 72
2 77
2 95
2 105
2 111
2 141
2 145
2 151
2 156
2 157
2 160
2 163
2 194
3 5
3 16
3 80
3 93
3 104
3 133
4 12
4 13
4 37
4 71
4 109
4 113
4 122
4 154
5 21
5 27
5 40
5 46
5 89
5 108
5 116
5 129
5 135
5 148
5 153
5 158
5 180
6 14
6 28
6 33
6 36
6 44
6 48
6 52
6 57
6 101
6 106
6 110
6 143
6 179
6 185
6 189
7 23
7 29
7 30
7 38
7 42
7 50
7 76
7 88
7 91
7 162
7 171
7 182
8 22
8 31
8 34
8 43
8 64
8 81
8 92
8 140
8 155
9 15
9 54
9 61
9 63
9 67
9 69
9 87
9 107
9 118
9 119
9 123
9 147
9 168
9 169
9 181
9 192
10 60
10 82
10 98
10 126
10 167
10 198
11 4
11 7
11 47
11 53
11 59
11 66
11 74
11 75
11 97
11 102
11 130
11 138
11 144
11 152
11 159
11 174
11 177
11 187
11 188
12 6
12 18
12 20
12 25
12 35
12 58
12 68
12 73
12 90
12 96
12 100
12 115
12 137
12 166
12 172
12 175
12 183
12 197
13 17
13 39
13 62
13 84
13 114
13 131
13 149
13 150
13 165
13 178
14 0
14 1
14 9
14 55
14 70
14 78
14 79
14 117
14 124
14 132
14 164
14 173
14 195
