0 9
0 22
0 24
0 31
0 44
0 72
0 84
0 89
0 91
0 103
0 108
0 119
0 178
0 198
1 36
1 37
1 43
1 57
1 63
1 100
1 124
1 166
1 171
1 173
2 6
2 7
2 11
2 13
2 14
2 35
2 45
2 51
2 54
2 69
2 81
2 111
2 113
2 116
2 125
2 152
2 175
2 187
2 193
2 197
3 2
3 4
3 8
3 21
3 30
3 110
3 140
3 149
3 150
3 182
3 192
4 5
4 15
4 17
4 23
4 59
4 60
4 77
4 79
4 85
4 98
4 107
4 122
4 123
4 131
4 136
4 141
4 145
4 153
4 158
4 162
4 164
4 169
4 177
4 180
4 194
5 20
5 38
5 75
5 97
5 130
5 157
5 160
5 191
6 10
6 12
6 26
6 40
6 46
6 49
6 78
6 151
6 163
6 168
6 170
6 183
7 120
7 129
7 134
7 196
8 70
8 83
8 88
8 109
8 133
8 161
8 167
8 172
8 174
8 188
8 199
9 3
9 19
9 34
9 64
9 80
9 86
9 94
9 96
9 118
9 128
9 135
9 138
10 29
10 39
10 47
10 50
10 55
10 66
10 67
10 74
10 146
10 155
10 184
11 16
11 25
11 28
11 53
11 93
11 95
11 101
11 102
11 106
11 114
11 117
11 137
11 144
11 176
12 1
12 41
12 42
12 48
12 56
12 61
12 62
12 68
12 76
12 87
12 90
12 99
12 127
12 139
12 148
12 154
12 186
13 18
13 27
13 32
13 52
13 73
13 82
13 92
13 105
13 115
13 126
13 142
13 147
13 159
13 165
13 181
14 0
14 33
14 71
14 112
14 121
14 132
14 143
14 179
14 185
14 189
14 190
15 58
15 65
15 104
15 156
15 195
