0 1
0 17
0 39
0 55
0 65
0 70
0 78
0 79
0 117
0 124
0 132
0 164
0 173
0 195
1 5
1 93
1 104
1 198
2 20
2 25
2 58
2 73
2 96
2 100
2 115
2 137
2 172
2 175
2 183
2 197
3 12
3 13
3 15
3 31
3 37
3 62
3 64
3 71
3 84
3 119
3 121
3 154
3 186
4 8
4 24
4 26
4 51
4 83
4 85
4 86
4 99
4 103
4 114
4 120
4 127
4 128
4 136
4 142
4 161
4 170
4 176
4 184
5 22
5 34
5 43
5 81
5 92
5 109
5 113
5 122
5 140
5 155
6 14
6 33
6 35
6 44
6 52
6 68
6 90
6 106
6 129
6 189
7 54
7 63
7 80
7 118
7 123
7 131
7 147
7 149
7 150
7 165
7 168
7 169
7 178
7 181
7 192
8 3
8 49
8 125
8 134
8 139
8 146
8 190
8 191
8 193
8 196
9 10
9 11
9 32
9 72
9 145
9 156
9 157
9 163
9 166
9 194
10 0
10 4
10 7
10 9
10 47
10 48
10 53
10 59
10 66
10 74
10 75
10 97
10 102
10 130
10 138
10 144
10 152
10 159
10 174
10 177
10 187
10 188
11 23
11 29
11 30
11 38
11 50
11 76
11 88
11 91
11 126
11 162
11 171
11 182
12 6
12 18
12 28
12 36
12 57
12 101
12 107
12 110
12 143
12 179
12 185
13 2
13 16
13 19
13 42
13 45
13 94
13 112
13 133
13 199
14 60
14 61
14 67
14 69
14 82
14 87
14 98
14 167
15 21
15 27
15 40
15 46
15 89
15 108
15 116
15 135
15 148
15 153
15 158
15 180
16 41
16 56
16 77
16 95
16 105
16 111
16 141
16 151
16 160
