0 13
0 16
0 18
0 25
0 57
0 58
0 70
0 74
0 102
0 126
0 127
0 128
0 129
0 197
1 37
1 78
1 157
1 165
1 181
2 4
2 49
2 79
2 108
2 130
2 164
2 174
2 195
3 3
3 36
3 41
3 42
3 86
3 96
3 151
3 170
3 199
4 9
4 63
4 65
4 87
4 92
4 94
4 98
4 158
4 169
5 1
5 35
5 45
5 51
5 53
5 68
5 93
5 99
5 111
5 121
5 133
5 154
5 163
5 189
6 31
6 33
6 38
6 43
6 44
6 48
6 59
6 77
6 82
6 103
6 136
6 143
6 149
6 190
6 196
7 7
7 14
7 50
7 60
7 66
7 137
7 171
7 177
7 188
8 5
8 24
8 26
8 27
8 34
8 56
8 69
8 132
8 148
8 162
8 168
8 180
8 187
9 40
9 52
9 62
9 104
9 118
9 134
9 172
9 176
9 184
10 2
10 8
10 10
10 30
10 47
10 91
10 144
10 152
11 6
11 12
11 54
11 117
11 125
11 140
11 142
11 145
11 192
12 15
12 20
12 61
12 75
12 84
12 101
12 114
12 178
12 182
13 11
13 19
13 71
13 72
13 73
13 76
13 115
13 175
13 179
13 193
14 17
14 28
14 46
14 112
14 113
14 131
14 138
14 194
15 21
15 22
15 23
15 29
15 64
15 81
15 88
15 90
15 107
15 109
15 119
15 120
15 146
15 147
15 153
15 160
15 161
15 173
15 183
15 191
15 198
16 85
16 89
16 100
16 105
16 141
16 155
17 0
17 39
17 67
17 80
17 95
17 97
17 110
17 123
17 124
17 166
17 167
17 186
18 32
18 55
18 83
18 106
18 116
18 122
18 135
18 139
18 150
18 156
18 159
18 185
