0 83
0 109
0 133
0 167
0 172
0 199
1 5
1 23
1 45
1 51
1 59
1 60
1 77
1 145
1 153
1 158
1 162
1 164
1 169
2 27
2 32
2 73
2 105
2 137
2 142
3 39
3 43
3 50
3 74
3 100
3 124
3 161
3 171
3 173
3 188
3 191
4 2
4 4
4 8
4 21
4 30
4 33
4 71
4 110
4 112
4 132
4 140
4 149
4 150
4 179
4 182
4 189
4 192
5 16
5 25
5 28
5 53
5 70
5 93
5 95
5 101
5 102
5 106
5 114
5 117
5 144
5 174
5 176
6 17
6 22
6 72
6 79
6 85
6 89
6 98
6 103
6 107
6 108
6 118
6 123
6 131
6 141
7 11
7 13
7 15
7 35
7 36
7 37
7 52
7 54
7 57
7 111
7 122
7 136
7 165
7 166
7 177
7 180
7 193
7 194
7 197
8 20
8 38
8 75
8 88
8 97
8 130
8 157
8 160
9 120
9 129
9 134
9 196
10 9
10 24
10 31
10 44
10 63
10 84
10 91
10 119
10 178
10 198
11 10
11 12
11 26
11 40
11 46
11 49
11 78
11 151
11 163
11 168
11 170
11 183
12 18
12 82
12 92
12 115
12 126
12 147
12 159
12 181
13 1
13 41
13 68
13 87
13 90
13 139
13 148
13 154
13 186
13 187
14 58
14 65
14 104
14 195
15 3
15 19
15 29
15 47
15 55
15 66
15 67
15 138
15 146
15 155
15 184
16 6
16 7
16 14
16 69
16 81
16 113
16 116
16 125
16 152
16 175
17 0
17 121
17 143
17 156
17 190
18 42
18 62
18 76
18 99
18 127
18 185
19 34
19 48
19 56
19 61
19 64
19 80
19 86
19 94
19 96
19 128
19 135
