0 1
0 3
0 5
0 9
0 10
0 12
0 15
0 17
0 19
0 22
0 23
0 26
0 29
0 31
0 34
0 40
0 41
0 42
0 44
0 45
0 46
0 47
0 48
0 49
0 51
0 55
0 56
0 59
0 60
0 61
0 62
0 63
0 64
0 66
0 67
0 68
0 72
0 76
0 77
0 78
0 79
0 80
0 84
0 85
0 86
0 87
0 89
0 90
0 91
0 94
0 96
0 98
0 99
0 103
0 107
0 108
0 118
0 119
0 122
0 123
0 125
0 127
0 128
0 131
0 135
0 136
0 138
0 139
0 141
0 145
0 146
0 148
0 151
0 153
0 154
0 155
0 158
0 162
0 163
0 164
0 166
0 168
0 169
0 170
0 177
0 178
0 180
0 184
0 185
0 186
0 187
0 189
0 193
0 194
0 196
0 197
0 198
1 0
1 2
1 4
1 6
1 7
1 8
1 11
1 13
1 14
1 18
1 21
1 25
1 27
1 28
1 30
1 32
1 33
1 35
1 52
1 53
1 54
1 58
1 65
1 69
1 71
1 73
1 81
1 82
1 92
1 93
1 95
1 101
1 102
1 104
1 105
1 106
1 110
1 111
1 112
1 113
1 114
1 115
1 116
1 117
1 121
1 126
1 132
1 137
1 140
1 142
1 143
1 144
1 149
1 150
1 152
1 156
1 159
1 165
1 175
1 179
1 181
1 182
1 183
1 190
1 192
1 195
2 16
2 20
2 24
2 36
2 37
2 38
2 39
2 43
2 50
2 57
2 70
2 74
2 75
2 83
2 88
2 97
2 100
2 109
2 120
2 124
2 129
2 130
2 133
2 134
2 147
2 157
2 160
2 161
2 167
2 171
2 172
2 173
2 174
2 176
2 188
2 191
2 199
