0 1
0 3
0 9
0 10
0 12
0 19
0 23
0 26
0 31
0 34
0 40
0 41
0 42
0 44
0 45
0 46
0 48
0 49
0 56
0 59
0 60
0 61
0 62
0 64
0 68
0 72
0 76
0 78
0 80
0 85
0 86
0 87
0 89
0 90
0 94
0 96
0 99
0 108
0 118
0 125
0 127
0 128
0 131
0 135
0 138
0 139
0 141
0 145
0 148
0 151
0 153
0 154
0 163
0 164
0 168
0 170
0 185
0 186
0 187
1 0
1 2
1 4
1 7
1 8
1 21
1 25
1 28
1 30
1 33
1 53
1 58
1 65
1 71
1 73
1 93
1 95
1 101
1 102
1 104
1 105
1 106
1 110
1 112
1 114
1 116
1 117
1 121
1 132
1 137
1 140
1 143
1 144
1 149
1 150
1 156
1 179
1 182
1 183
1 189
1 190
1 192
1 195
2 16
2 18
2 20
2 27
2 32
2 38
2 43
2 52
2 70
2 75
2 83
2 88
2 92
2 97
2 109
2 115
2 126
2 129
2 130
2 133
2 142
2 147
2 157
2 159
2 160
2 161
2 167
2 171
2 172
2 173
2 174
2 176
2 181
2 188
2 191
2 199
3 5
3 6
3 11
3 13
3 14
3 15
3 17
3 22
3 24
3 29
3 35
3 36
3 37
3 39
3 47
3 50
3 51
3 54
3 55
3 57
3 63
3 66
3 67
3 69
3 74
3 77
3 79
3 81
3 82
3 84
3 91
3 98
3 100
3 103
3 107
3 111
3 113
3 119
3 120
3 122
3 123
3 124
3 134
3 136
3 146
3 152
3 155
3 158
3 162
3 165
3 166
3 169
3 175
3 177
3 178
3 180
3 184
3 193
3 194
3 196
3 197
3 198
