0 0
0 1
0 9
0 10
0 12
0 20
0 24
0 25
0 26
0 33
0 37
0 41
0 42
0 58
0 68
0 71
0 76
0 77
0 78
0 99
0 101
0 116
0 122
0 139
0 143
0 148
0 149
0 154
0 156
0 166
0 168
0 174
0 175
0 176
0 178
0 181
0 185
0 186
0 189
0 190
1 2
1 4
1 6
1 8
1 11
1 19
1 21
1 27
1 30
1 32
1 40
1 52
1 54
1 57
1 73
1 80
1 90
1 95
1 100
1 102
1 105
1 106
1 109
1 110
1 117
1 132
1 134
1 140
1 141
1 142
1 150
1 161
1 170
1 177
1 182
1 183
1 192
1 196
2 7
2 16
2 31
2 49
2 60
2 69
2 83
2 88
2 93
2 98
2 104
2 114
2 118
2 124
2 128
2 129
2 130
2 133
2 145
2 152
2 157
2 158
2 163
2 172
2 184
2 188
2 198
3 5
3 14
3 15
3 18
3 35
3 44
3 45
3 53
3 56
3 65
3 72
3 75
3 82
3 92
3 97
3 111
3 113
3 125
3 126
3 147
3 153
3 167
3 179
3 180
3 187
3 193
3 195
4 3
4 13
4 17
4 22
4 23
4 28
4 29
4 34
4 36
4 38
4 39
4 43
4 46
4 47
4 48
4 50
4 51
4 55
4 59
4 61
4 62
4 63
4 64
4 66
4 67
4 70
4 74
4 79
4 81
4 84
4 85
4 86
4 87
4 89
4 91
4 94
4 96
4 103
4 107
4 108
4 112
4 115
4 119
4 120
4 121
4 123
4 127
4 131
4 135
4 136
4 137
4 138
4 144
4 146
4 151
4 155
4 159
4 160
4 162
4 164
4 165
4 169
4 171
4 173
4 191
4 194
4 197
4 199
