0 6
0 7
0 11
0 13
0 14
0 15
0 18
0 27
0 32
0 35
0 37
0 52
0 54
0 57
0 69
0 73
0 81
0 82
0 92
0 105
0 111
0 113
0 115
0 116
0 126
0 142
0 147
0 152
0 159
0 165
0 166
0 175
0 177
0 180
0 181
1 1
1 31
1 34
1 41
1 42
1 44
1 48
1 56
1 61
1 62
1 64
1 68
1 72
1 76
1 78
1 80
1 86
1 87
1 90
1 94
1 96
1 99
1 127
1 128
1 135
1 138
1 139
1 148
1 154
1 185
1 186
2 0
2 2
2 4
2 8
2 21
2 25
2 28
2 30
2 33
2 53
2 58
2 65
2 71
2 93
2 95
2 101
2 102
2 104
2 106
2 110
2 112
2 114
2 117
2 121
2 132
2 137
2 140
2 143
2 144
2 149
2 150
2 156
2 179
2 182
2 183
2 189
2 190
2 192
2 195
3 16
3 20
3 38
3 70
3 75
3 83
3 88
3 97
3 109
3 130
3 133
3 157
3 160
3 161
3 167
3 172
3 174
3 176
3 188
3 191
3 199
4 5
4 9
4 10
4 12
4 17
4 22
4 23
4 26
4 40
4 45
4 46
4 49
4 51
4 59
4 60
4 77
4 79
4 85
4 89
4 91
4 98
4 103
4 107
4 108
4 118
4 122
4 123
4 125
4 131
4 136
4 141
4 145
4 151
4 153
4 158
4 162
4 163
4 164
4 168
4 169
4 170
4 178
4 187
4 193
4 194
4 197
4 198
5 3
5 19
5 24
5 29
5 36
5 39
5 43
5 47
5 50
5 55
5 63
5 66
5 67
5 74
5 84
5 100
5 119
5 120
5 124
5 129
5 134
5 146
5 155
5 171
5 173
5 184
5 196
