0 3
0 36
0 41
0 42
0 45
0 51
0 67
0 80
0 83
0 86
0 93
0 95
0 96
0 97
0 106
0 110
0 116
0 124
0 133
0 135
0 150
0 151
0 154
0 156
0 159
0 166
0 167
0 170
0 185
0 199
1 7
1 9
1 14
1 40
1 50
1 52
1 60
1 62
1 63
1 65
1 87
1 92
1 94
1 98
1 104
1 118
1 134
1 137
1 145
1 158
1 169
1 171
1 172
1 176
1 177
1 184
1 186
1 188
2 17
2 22
2 23
2 28
2 29
2 34
2 46
2 59
2 66
2 69
2 90
2 107
2 112
2 113
2 119
2 120
2 131
2 138
2 146
2 147
2 153
2 161
2 162
2 173
2 183
2 187
2 191
2 194
2 197
2 198
3 4
3 49
3 79
3 84
3 85
3 89
3 100
3 101
3 105
3 108
3 130
3 141
3 155
3 164
3 174
3 182
3 195
4 0
4 6
4 12
4 15
4 19
4 20
4 37
4 39
4 54
4 61
4 71
4 72
4 73
4 75
4 76
4 78
4 114
4 115
4 117
4 125
4 140
4 142
4 157
4 165
4 175
4 178
4 181
4 192
4 193
5 1
5 11
5 31
5 33
5 35
5 38
5 43
5 44
5 48
5 53
5 68
5 77
5 82
5 99
5 103
5 111
5 121
5 123
5 136
5 139
5 143
5 149
5 163
5 179
5 189
5 190
5 196
6 2
6 5
6 8
6 10
6 13
6 16
6 18
6 21
6 24
6 25
6 26
6 27
6 30
6 32
6 47
6 55
6 56
6 57
6 58
6 64
6 70
6 74
6 81
6 88
6 91
6 102
6 109
6 122
6 126
6 127
6 128
6 129
6 132
6 144
6 148
6 152
6 160
6 168
6 180
