0 0
0 2
0 4
0 6
0 8
0 11
0 19
0 21
0 27
0 30
0 32
0 40
0 52
0 54
0 57
0 58
0 73
0 80
0 95
0 105
0 109
0 110
0 117
0 132
0 134
0 140
0 141
0 142
0 150
0 161
0 175
0 176
0 177
0 182
0 192
1 3
1 13
1 28
1 29
1 38
1 47
1 50
1 62
1 63
1 66
1 70
1 74
1 81
1 107
1 119
1 123
1 124
1 129
1 131
1 144
1 155
1 162
1 165
1 169
1 171
1 173
1 184
1 191
2 22
2 23
2 34
2 36
2 39
2 43
2 46
2 48
2 55
2 61
2 64
2 67
2 79
2 84
2 85
2 86
2 87
2 89
2 91
2 94
2 96
2 101
2 108
2 112
2 115
2 120
2 127
2 128
2 135
2 137
2 138
2 146
2 151
2 158
2 197
2 199
3 7
3 16
3 31
3 49
3 60
3 69
3 83
3 98
3 104
3 118
3 130
3 133
3 157
3 172
3 188
4 5
4 14
4 18
4 44
4 45
4 53
4 65
4 82
4 90
4 92
4 102
4 111
4 125
4 147
4 187
4 196
5 1
5 10
5 20
5 24
5 33
5 37
5 41
5 42
5 68
5 71
5 76
5 77
5 99
5 116
5 122
5 139
5 143
5 148
5 149
5 154
5 156
5 174
5 178
5 181
5 185
5 186
5 189
5 190
6 15
6 17
6 35
6 51
6 56
6 59
6 72
6 75
6 97
6 103
6 113
6 126
6 136
6 153
6 159
6 160
6 164
6 167
6 179
6 180
6 193
6 194
6 195
7 9
7 12
7 25
7 26
7 78
7 88
7 93
7 100
7 106
7 114
7 121
7 145
7 152
7 163
7 166
7 168
7 170
7 183
7 198
