0 0
0 2
0 6
0 8
0 11
0 24
0 27
0 30
0 54
0 58
0 65
0 71
0 90
0 95
0 102
0 109
0 116
0 132
0 134
0 140
0 148
0 150
0 161
0 175
0 176
0 182
0 189
0 192
1 1
1 23
1 34
1 36
1 42
1 46
1 48
1 55
1 59
1 61
1 64
1 76
1 84
1 86
1 87
1 91
1 94
1 96
1 99
1 101
1 103
1 115
1 120
1 135
1 138
1 146
1 151
1 159
1 168
1 197
2 7
2 16
2 31
2 49
2 60
2 69
2 83
2 98
2 104
2 118
2 130
2 133
2 157
2 172
3 5
3 14
3 15
3 18
3 35
3 44
3 45
3 51
3 53
3 56
3 72
3 75
3 82
3 92
3 97
3 111
3 113
3 126
3 136
3 147
3 153
3 167
3 179
3 180
3 187
3 193
3 195
4 4
4 21
4 32
4 40
4 52
4 57
4 73
4 80
4 105
4 110
4 125
4 141
4 142
4 196
5 10
5 20
5 26
5 33
5 37
5 41
5 68
5 77
5 78
5 122
5 139
5 143
5 149
5 154
5 156
5 174
5 178
5 181
5 185
5 186
5 190
6 13
6 22
6 29
6 63
6 81
6 88
6 89
6 93
6 108
6 112
6 121
6 124
6 128
6 129
6 137
6 152
6 158
6 163
6 171
6 173
6 184
6 188
6 191
6 198
6 199
7 3
7 17
7 28
7 38
7 39
7 43
7 47
7 50
7 62
7 66
7 67
7 70
7 74
7 79
7 85
7 107
7 119
7 123
7 127
7 131
7 144
7 155
7 160
7 162
7 164
7 165
7 169
7 194
8 9
8 12
8 19
8 25
8 100
8 106
8 114
8 117
8 145
8 166
8 170
8 177
8 183
