0 16
0 17
0 41
0 49
0 64
0 76
0 85
0 93
0 142
0 174
0 191
0 193
0 196
0 199
0 207
0 214
0 291
0 301
0 302
0 323
0 331
0 333
0 358
0 368
0 372
0 384
0 392
1 0
1 5
1 13
1 59
1 99
1 109
1 115
1 119
1 126
1 130
1 131
1 157
1 165
1 170
1 200
1 204
1 220
1 266
1 281
1 328
1 336
1 354
1 367
1 376
1 394
2 6
2 21
2 25
2 28
2 40
2 50
2 65
2 88
2 118
2 124
2 128
2 152
2 167
2 173
2 175
2 176
2 180
2 183
2 192
2 197
2 211
2 219
2 238
2 244
2 246
2 250
2 280
2 299
2 319
2 327
2 335
2 337
2 356
3 7
3 10
3 20
3 35
3 81
3 86
3 89
3 90
3 107
3 111
3 114
3 122
3 162
3 172
3 181
3 203
3 205
3 209
3 218
3 225
3 247
3 248
3 259
3 284
3 297
3 311
3 312
3 324
3 330
3 332
3 334
3 350
3 390
4 11
4 12
4 71
4 77
4 91
4 100
4 103
4 104
4 108
4 117
4 125
4 132
4 134
4 135
4 138
4 140
4 145
4 160
4 171
4 208
4 224
4 249
4 252
4 258
4 265
4 272
4 279
4 292
4 294
4 343
4 347
4 362
4 379
4 383
4 389
5 3
5 9
5 34
5 62
5 67
5 69
5 72
5 83
5 97
5 123
5 144
5 156
5 158
5 159
5 164
5 217
5 231
5 242
5 264
5 268
5 269
5 305
5 341
5 361
5 363
5 364
5 371
5 381
5 382
5 387
6 15
6 23
6 24
6 52
6 55
6 66
6 73
6 102
6 127
6 136
6 161
6 168
6 177
6 178
6 182
6 186
6 195
6 202
6 210
6 234
6 243
6 257
6 267
6 275
6 289
6 298
6 307
6 310
6 320
6 322
6 345
6 348
6 351
6 366
7 29
7 33
7 36
7 37
7 39
7 44
7 48
7 61
7 63
7 75
7 78
7 87
7 116
7 146
7 169
7 179
7 187
7 190
7 201
7 206
7 216
7 226
7 228
7 229
7 232
7 253
7 260
7 271
7 285
7 296
7 313
7 338
7 346
7 357
7 377
7 378
7 380
7 391
7 393
8 2
8 8
8 26
8 38
8 43
8 45
8 46
8 58
8 80
8 84
8 95
8 98
8 105
8 121
8 149
8 153
8 154
8 189
8 194
8 230
8 235
8 239
8 263
8 295
8 309
8 314
8 317
8 329
8 353
8 355
8 360
8 373
8 374
8 398
9 1
9 14
9 18
9 27
9 47
9 53
9 56
9 57
9 94
9 101
9 112
9 120
9 133
9 143
9 148
9 150
9 151
9 155
9 163
9 184
9 188
9 215
9 221
9 223
9 236
9 240
9 251
9 254
9 256
9 262
9 270
9 276
9 282
9 293
9 306
9 315
9 325
9 342
9 365
9 370
9 375
9 388
9 396
10 22
10 30
10 32
10 42
10 51
10 54
10 79
10 82
10 92
10 96
10 106
10 110
10 129
10 137
10 141
10 147
10 166
10 198
10 213
10 222
10 237
10 255
10 273
10 274
10 286
10 287
10 288
10 304
10 316
10 321
10 326
10 339
10 352
10 359
10 386
10 395
10 399
11 4
11 19
11 31
11 60
11 68
11 70
11 74
11 113
11 139
11 185
11 212
11 227
11 233
11 241
11 245
11 261
11 277
11 278
11 283
11 290
11 300
11 303
11 308
11 318
11 340
11 344
11 349
11 369
11 385
11 397
