0 2
0 8
0 26
0 38
0 43
0 45
0 46
0 58
0 77
0 80
0 84
0 95
0 98
0 105
0 121
0 149
0 153
0 154
0 189
0 193
0 194
0 230
0 235
0 239
0 263
0 314
0 317
0 329
0 353
0 355
0 360
0 373
1 22
1 30
1 42
1 51
1 82
1 92
1 96
1 106
1 110
1 137
1 141
1 147
1 166
1 198
1 213
1 222
1 237
1 255
1 273
1 274
1 286
1 288
1 304
1 316
1 321
1 352
1 359
1 386
1 395
1 399
2 7
2 52
2 66
2 90
2 107
2 161
2 168
2 182
2 186
2 202
2 203
2 210
2 218
2 248
2 257
2 275
2 311
2 334
3 5
3 16
3 17
3 32
3 41
3 49
3 76
3 85
3 99
3 129
3 174
3 196
3 199
3 207
3 214
3 291
3 295
3 302
3 309
3 323
3 326
3 331
3 336
3 358
3 368
3 372
3 374
3 376
3 384
3 392
3 398
4 53
4 54
4 79
4 101
4 118
4 152
4 169
4 175
4 180
4 183
4 190
4 238
4 244
4 250
4 282
4 287
4 315
4 319
4 339
4 365
4 375
4 391
5 18
5 56
5 133
5 148
5 150
5 151
5 163
5 188
5 215
5 221
5 223
5 236
5 251
5 256
5 293
5 306
5 325
5 396
6 29
6 33
6 36
6 39
6 44
6 48
6 61
6 63
6 75
6 78
6 87
6 116
6 136
6 146
6 179
6 187
6 201
6 206
6 216
6 226
6 228
6 229
6 232
6 253
6 260
6 271
6 285
6 296
6 313
6 338
6 346
6 357
6 377
6 378
6 380
7 0
7 13
7 59
7 64
7 93
7 109
7 115
7 119
7 126
7 130
7 131
7 142
7 157
7 165
7 170
7 191
7 200
7 204
7 220
7 266
7 281
7 301
7 328
7 333
7 354
7 367
7 394
8 4
8 19
8 31
8 60
8 113
8 185
8 212
8 227
8 241
8 245
8 261
8 283
8 290
8 308
8 318
9 10
9 20
9 35
9 37
9 81
9 86
9 89
9 111
9 114
9 122
9 162
9 172
9 181
9 205
9 209
9 225
9 247
9 259
9 284
9 297
9 312
9 324
9 330
9 332
9 350
9 356
9 390
10 68
10 70
10 74
10 139
10 233
10 277
10 278
10 300
10 303
10 340
10 344
10 349
10 369
10 385
10 397
11 11
11 12
11 15
11 71
11 91
11 100
11 103
11 104
11 108
11 117
11 125
11 132
11 134
11 135
11 138
11 140
11 145
11 160
11 171
11 208
11 224
11 249
11 252
11 258
11 265
11 272
11 279
11 292
11 294
11 320
11 322
11 343
11 347
11 362
11 379
11 383
11 389
12 3
12 9
12 34
12 62
12 67
12 69
12 72
12 83
12 97
12 123
12 144
12 156
12 158
12 159
12 164
12 217
12 231
12 242
12 264
12 268
12 269
12 305
12 341
12 361
12 363
12 364
12 371
12 381
12 382
12 387
13 23
13 24
13 55
13 73
13 102
13 127
13 177
13 178
13 195
13 234
13 243
13 267
13 289
13 298
13 307
13 310
13 345
13 348
13 351
13 366
14 6
14 21
14 25
14 28
14 40
14 50
14 65
14 88
14 124
14 128
14 167
14 173
14 192
14 197
14 211
14 219
14 246
14 280
14 299
14 327
14 335
14 337
14 393
15 1
15 14
15 27
15 47
15 57
15 94
15 112
15 120
15 143
15 155
15 176
15 184
15 240
15 254
15 262
15 270
15 276
15 342
15 370
15 388
