0 29
0 33
0 48
0 61
0 63
0 75
0 78
0 116
0 121
0 201
0 216
0 226
0 229
0 232
0 253
0 260
0 271
0 285
0 296
0 313
0 346
0 357
0 393
1 25
1 28
1 54
1 79
1 101
1 118
1 124
1 128
1 152
1 175
1 176
1 180
1 183
1 215
1 244
1 250
1 282
1 287
1 293
1 315
1 319
1 327
1 339
1 365
2 22
2 30
2 42
2 51
2 82
2 92
2 106
2 110
2 141
2 147
2 156
2 198
2 213
2 222
2 255
2 286
2 288
2 304
2 316
2 321
2 399
3 36
3 39
3 44
3 65
3 87
3 146
3 169
3 181
3 187
3 190
3 192
3 219
3 238
3 276
3 280
3 337
3 338
3 391
4 7
4 86
4 89
4 111
4 122
4 218
4 248
4 283
4 311
4 312
4 330
4 332
5 23
5 24
5 52
5 55
5 66
5 73
5 90
5 107
5 127
5 168
5 177
5 178
5 182
5 186
5 195
5 202
5 203
5 210
5 234
5 243
5 257
5 267
5 275
5 289
5 310
5 334
5 345
5 348
6 5
6 16
6 17
6 41
6 49
6 64
6 76
6 85
6 93
6 99
6 142
6 174
6 191
6 196
6 199
6 207
6 214
6 291
6 301
6 302
6 309
6 323
6 331
6 333
6 358
6 368
6 372
6 374
6 376
6 384
6 392
6 398
7 15
7 102
7 108
7 113
7 125
7 136
7 140
7 160
7 161
7 179
7 212
7 224
7 249
7 258
7 265
7 292
7 298
7 307
7 320
7 322
7 343
7 347
7 351
7 362
7 366
7 377
8 71
8 91
8 100
8 104
8 117
8 135
8 138
8 208
8 272
8 389
9 2
9 11
9 12
9 43
9 95
9 103
9 132
9 134
9 145
9 154
9 171
9 235
9 252
9 279
9 294
9 314
9 360
9 379
9 383
10 8
10 26
10 38
10 45
10 46
10 58
10 77
10 80
10 84
10 98
10 105
10 149
10 153
10 189
10 193
10 194
10 230
10 239
10 263
10 317
10 329
10 353
10 355
10 373
11 3
11 9
11 34
11 62
11 67
11 83
11 123
11 159
11 164
11 217
11 231
11 242
11 268
11 305
11 341
11 361
11 363
11 364
11 371
11 381
11 387
12 6
12 10
12 20
12 21
12 35
12 37
12 40
12 50
12 81
12 88
12 114
12 162
12 167
12 172
12 173
12 197
12 205
12 209
12 211
12 225
12 246
12 247
12 254
12 259
12 284
12 297
12 299
12 324
12 335
12 356
12 378
12 390
13 1
13 14
13 27
13 47
13 57
13 94
13 112
13 120
13 133
13 143
13 148
13 151
13 155
13 184
13 236
13 240
13 256
13 262
13 270
13 306
13 342
13 370
13 388
13 396
14 32
14 96
14 126
14 129
14 137
14 166
14 206
14 228
14 237
14 273
14 274
14 281
14 295
14 326
14 336
14 352
14 359
14 380
14 386
14 395
15 0
15 13
15 59
15 109
15 115
15 119
15 130
15 131
15 157
15 165
15 170
15 204
15 220
15 266
15 328
15 354
15 367
15 394
16 4
16 19
16 31
16 60
16 68
16 70
16 74
16 139
16 185
16 227
16 233
16 241
16 245
16 261
16 277
16 278
16 290
16 300
16 303
16 308
16 318
16 340
16 344
16 349
16 350
16 369
16 385
16 397
17 18
17 53
17 56
17 69
17 72
17 97
17 144
17 150
17 158
17 163
17 188
17 200
17 221
17 223
17 251
17 264
17 269
17 325
17 375
17 382
