0 0
0 1
0 3
0 4
0 6
0 7
0 9
0 10
0 13
0 14
0 18
0 19
0 20
0 21
0 22
0 23
0 24
0 25
0 27
0 28
0 29
0 30
0 31
0 33
0 34
0 35
0 36
0 37
0 39
0 40
0 42
0 44
0 47
0 50
0 51
0 52
0 53
0 54
0 55
0 56
0 57
0 59
0 60
0 61
0 62
0 63
0 65
0 66
0 67
0 68
0 69
0 70
0 72
0 73
0 74
0 78
0 79
0 81
0 82
0 83
0 86
0 87
0 88
0 89
0 90
0 92
0 94
0 96
0 97
0 101
0 102
0 106
0 107
0 109
0 110
0 111
0 112
0 113
0 114
0 116
0 118
0 119
0 120
0 122
0 123
0 124
0 127
0 128
0 130
0 131
0 133
0 136
0 137
0 139
0 141
0 143
0 144
0 146
0 147
0 148
0 150
0 151
0 152
0 155
0 156
0 158
0 159
0 161
0 162
0 163
0 164
0 165
0 166
0 167
0 168
0 169
0 170
0 172
0 173
0 175
0 176
0 177
0 178
0 180
0 181
0 182
0 183
0 184
0 185
0 186
0 187
0 188
0 190
0 192
0 195
0 197
0 198
0 200
0 201
0 202
0 203
0 205
0 206
0 209
0 210
0 211
0 212
0 213
0 215
0 216
0 217
0 218
0 219
0 221
0 222
0 223
0 225
0 226
0 227
0 228
0 229
0 231
0 232
0 233
0 234
0 236
0 237
0 238
0 240
0 241
0 242
0 243
0 244
0 245
0 246
0 247
0 248
0 250
0 251
0 253
0 254
0 255
0 256
0 257
0 259
0 261
0 262
0 264
0 266
0 267
0 268
0 269
0 270
0 271
0 273
0 274
0 275
0 276
0 277
0 278
0 280
0 282
0 283
0 284
0 286
0 287
0 288
0 289
0 290
0 293
0 296
0 297
0 298
0 299
0 300
0 303
0 304
0 305
0 306
0 308
0 310
0 311
0 312
0 315
0 316
0 318
0 319
0 321
0 324
0 325
0 327
0 330
0 332
0 334
0 335
0 337
0 338
0 339
0 340
0 341
0 342
0 344
0 345
0 346
0 348
0 349
0 350
0 351
0 352
0 354
0 356
0 359
0 361
0 363
0 364
0 365
0 366
0 367
0 369
0 370
0 371
0 375
0 377
0 378
0 380
0 381
0 382
0 385
0 386
0 387
0 388
0 390
0 391
0 393
0 394
0 395
0 396
0 397
0 399
1 2
1 5
1 8
1 11
1 12
1 15
1 16
1 17
1 26
1 32
1 38
1 41
1 43
1 45
1 46
1 48
1 49
1 58
1 64
1 71
1 75
1 76
1 77
1 80
1 84
1 85
1 91
1 93
1 95
1 98
1 99
1 100
1 103
1 104
1 105
1 108
1 115
1 117
1 121
1 125
1 126
1 129
1 132
1 134
1 135
1 138
1 140
1 142
1 145
1 149
1 153
1 154
1 157
1 160
1 171
1 174
1 179
1 189
1 191
1 193
1 194
1 196
1 199
1 204
1 207
1 208
1 214
1 220
1 224
1 230
1 235
1 239
1 249
1 252
1 258
1 260
1 263
1 265
1 272
1 279
1 281
1 285
1 291
1 292
1 294
1 295
1 301
1 302
1 307
1 309
1 313
1 314
1 317
1 320
1 322
1 323
1 326
1 328
1 329
1 331
1 333
1 336
1 343
1 347
1 353
1 355
1 357
1 358
1 360
1 362
1 368
1 372
1 373
1 374
1 376
1 379
1 383
1 384
1 389
1 392
1 398
