0 6
0 7
0 10
0 20
0 21
0 25
0 28
0 29
0 35
0 37
0 40
0 50
0 52
0 61
0 63
0 65
0 75
0 78
0 81
0 86
0 87
0 88
0 89
0 90
0 107
0 111
0 114
0 116
0 118
0 122
0 124
0 128
0 152
0 162
0 167
0 168
0 172
0 173
0 176
0 178
0 180
0 182
0 183
0 187
0 192
0 197
0 201
0 203
0 205
0 209
0 210
0 211
0 218
0 219
0 225
0 226
0 238
0 244
0 246
0 247
0 248
0 250
0 253
0 257
0 259
0 271
0 275
0 280
0 283
0 284
0 296
0 297
0 299
0 311
0 312
0 319
0 324
0 327
0 330
0 332
0 334
0 335
0 337
0 346
0 356
0 369
0 378
0 380
0 390
0 393
1 1
1 4
1 12
1 13
1 14
1 15
1 18
1 19
1 23
1 24
1 27
1 31
1 36
1 47
1 55
1 56
1 57
1 59
1 60
1 64
1 66
1 68
1 70
1 73
1 74
1 76
1 83
1 93
1 94
1 97
1 102
1 109
1 112
1 113
1 115
1 119
1 120
1 125
1 126
1 127
1 130
1 132
1 133
1 134
1 136
1 139
1 142
1 143
1 144
1 145
1 148
1 150
1 151
1 154
1 155
1 157
1 158
1 159
1 160
1 161
1 163
1 165
1 175
1 177
1 181
1 184
1 185
1 186
1 188
1 191
1 195
1 200
1 202
1 204
1 212
1 215
1 221
1 223
1 224
1 227
1 233
1 234
1 236
1 240
1 241
1 243
1 245
1 251
1 252
1 254
1 256
1 258
1 261
1 262
1 264
1 265
1 266
1 267
1 270
1 276
1 277
1 278
1 289
1 290
1 291
1 292
1 293
1 298
1 300
1 301
1 303
1 306
1 307
1 308
1 310
1 318
1 322
1 325
1 328
1 333
1 338
1 340
1 342
1 343
1 344
1 345
1 347
1 348
1 349
1 350
1 351
1 354
1 362
1 364
1 366
1 367
1 370
1 377
1 381
1 382
1 385
1 388
1 389
1 396
1 397
2 2
2 5
2 8
2 11
2 16
2 17
2 26
2 32
2 38
2 41
2 43
2 45
2 46
2 48
2 49
2 58
2 71
2 77
2 80
2 84
2 85
2 91
2 95
2 98
2 99
2 100
2 103
2 104
2 105
2 108
2 117
2 121
2 129
2 135
2 138
2 140
2 149
2 153
2 171
2 174
2 179
2 189
2 193
2 194
2 196
2 199
2 207
2 208
2 214
2 216
2 230
2 232
2 235
2 239
2 249
2 260
2 263
2 272
2 279
2 285
2 294
2 295
2 302
2 309
2 313
2 314
2 317
2 320
2 323
2 329
2 331
2 353
2 355
2 357
2 358
2 360
2 368
2 372
2 373
2 374
2 376
2 379
2 383
2 384
2 392
2 398
3 0
3 3
3 9
3 22
3 30
3 33
3 34
3 39
3 42
3 44
3 51
3 53
3 54
3 62
3 67
3 69
3 72
3 79
3 82
3 92
3 96
3 101
3 106
3 110
3 123
3 131
3 137
3 141
3 146
3 147
3 156
3 164
3 166
3 169
3 170
3 190
3 198
3 206
3 213
3 217
3 220
3 222
3 228
3 229
3 231
3 237
3 242
3 255
3 268
3 269
3 273
3 274
3 281
3 282
3 286
3 287
3 288
3 304
3 305
3 315
3 316
3 321
3 326
3 336
3 339
3 341
3 352
3 359
3 361
3 363
3 365
3 371
3 375
3 386
3 387
3 391
3 394
3 395
3 399
