0 1
0 4
0 14
0 15
0 18
0 19
0 23
0 24
0 27
0 31
0 36
0 47
0 55
0 56
0 57
0 59
0 60
0 66
0 68
0 70
0 73
0 74
0 83
0 94
0 97
0 102
0 109
0 112
0 113
0 119
0 120
0 125
0 127
0 132
0 133
0 136
0 139
0 143
0 144
0 148
0 150
0 151
0 154
0 155
0 158
0 159
0 160
0 161
0 163
0 175
0 177
0 178
0 181
0 184
0 185
0 186
0 188
0 195
0 200
0 202
0 212
0 215
0 221
0 223
0 224
0 227
0 233
0 234
0 236
0 240
0 241
0 243
0 245
0 251
0 254
0 256
0 261
0 262
0 264
0 265
0 267
0 270
0 276
0 277
0 278
0 289
0 290
0 292
0 293
0 298
0 300
0 303
0 306
0 307
0 308
0 310
0 318
0 322
0 325
0 338
0 340
0 342
0 343
0 344
0 345
0 347
0 348
0 349
0 350
0 351
0 362
0 364
0 366
0 367
0 370
0 377
0 381
0 382
0 385
0 388
0 389
0 396
0 397
1 0
1 3
1 9
1 22
1 30
1 33
1 34
1 39
1 42
1 44
1 51
1 53
1 54
1 62
1 67
1 69
1 72
1 79
1 82
1 92
1 96
1 101
1 106
1 110
1 123
1 131
1 137
1 141
1 146
1 147
1 156
1 164
1 166
1 169
1 170
1 190
1 198
1 206
1 213
1 217
1 222
1 228
1 229
1 231
1 237
1 242
1 255
1 268
1 269
1 273
1 274
1 281
1 282
1 286
1 287
1 288
1 304
1 305
1 315
1 316
1 321
1 326
1 336
1 339
1 341
1 352
1 359
1 361
1 363
1 365
1 371
1 375
1 386
1 387
1 391
1 394
1 395
1 399
2 2
2 8
2 26
2 38
2 41
2 43
2 45
2 46
2 48
2 58
2 71
2 77
2 80
2 84
2 91
2 95
2 98
2 100
2 103
2 104
2 105
2 108
2 117
2 121
2 135
2 138
2 140
2 149
2 153
2 171
2 179
2 189
2 193
2 194
2 208
2 214
2 216
2 230
2 232
2 235
2 239
2 249
2 258
2 260
2 263
2 285
2 294
2 295
2 309
2 313
2 314
2 317
2 320
2 329
2 353
2 355
2 357
2 372
2 373
2 374
2 384
2 392
3 5
3 11
3 12
3 13
3 16
3 17
3 32
3 49
3 64
3 76
3 85
3 93
3 99
3 115
3 126
3 129
3 130
3 134
3 142
3 145
3 157
3 165
3 174
3 191
3 196
3 199
3 204
3 207
3 220
3 252
3 266
3 272
3 279
3 291
3 301
3 302
3 323
3 328
3 331
3 333
3 354
3 358
3 360
3 368
3 376
3 379
3 383
3 398
4 6
4 7
4 10
4 20
4 21
4 25
4 28
4 29
4 35
4 37
4 40
4 50
4 52
4 61
4 63
4 65
4 75
4 78
4 81
4 86
4 87
4 88
4 89
4 90
4 107
4 111
4 114
4 116
4 118
4 122
4 124
4 128
4 152
4 162
4 167
4 168
4 172
4 173
4 176
4 180
4 182
4 183
4 187
4 192
4 197
4 201
4 203
4 205
4 209
4 210
4 211
4 218
4 219
4 225
4 226
4 238
4 244
4 246
4 247
4 248
4 250
4 253
4 257
4 259
4 271
4 275
4 280
4 283
4 284
4 296
4 297
4 299
4 311
4 312
4 319
4 324
4 327
4 330
4 332
4 334
4 335
4 337
4 346
4 356
4 369
4 378
4 380
4 390
4 393
