0 2
0 8
0 26
0 38
0 43
0 45
0 46
0 48
0 58
0 71
0 77
0 80
0 84
0 91
0 95
0 98
0 100
0 103
0 104
0 105
0 108
0 117
0 121
0 135
0 138
0 140
0 149
0 153
0 171
0 179
0 189
0 193
0 194
0 208
0 214
0 216
0 230
0 232
0 235
0 239
0 249
0 260
0 263
0 279
0 285
0 294
0 295
0 309
0 313
0 314
0 317
0 320
0 329
0 353
0 355
0 357
0 372
0 373
0 374
0 384
0 392
1 1
1 14
1 18
1 19
1 27
1 31
1 36
1 47
1 56
1 57
1 68
1 70
1 74
1 94
1 112
1 114
1 120
1 133
1 139
1 143
1 148
1 150
1 151
1 155
1 163
1 175
1 181
1 184
1 185
1 188
1 215
1 221
1 223
1 233
1 236
1 240
1 241
1 251
1 254
1 256
1 262
1 270
1 276
1 277
1 278
1 293
1 300
1 303
1 306
1 318
1 325
1 338
1 340
1 342
1 344
1 349
1 350
1 370
1 375
1 385
1 388
1 396
1 397
2 0
2 3
2 9
2 22
2 30
2 33
2 34
2 39
2 42
2 44
2 51
2 53
2 54
2 62
2 69
2 79
2 82
2 92
2 96
2 101
2 106
2 110
2 123
2 137
2 141
2 146
2 147
2 156
2 166
2 169
2 190
2 198
2 206
2 213
2 222
2 228
2 229
2 231
2 237
2 255
2 268
2 273
2 274
2 282
2 286
2 287
2 288
2 304
2 305
2 315
2 316
2 321
2 336
2 339
2 341
2 352
2 359
2 361
2 363
2 365
2 371
2 386
2 387
2 391
2 395
2 399
3 6
3 7
3 10
3 20
3 21
3 25
3 28
3 29
3 35
3 37
3 40
3 50
3 52
3 61
3 63
3 65
3 75
3 78
3 81
3 86
3 87
3 88
3 89
3 90
3 107
3 111
3 116
3 118
3 122
3 124
3 128
3 152
3 162
3 167
3 168
3 172
3 173
3 176
3 180
3 182
3 183
3 187
3 192
3 197
3 201
3 203
3 205
3 209
3 210
3 211
3 218
3 219
3 225
3 226
3 238
3 244
3 246
3 247
3 248
3 250
3 253
3 259
3 271
3 275
3 280
3 283
3 284
3 296
3 297
3 299
3 311
3 312
3 319
3 324
3 327
3 330
3 332
3 334
3 335
3 337
3 346
3 356
3 369
3 378
3 380
3 390
3 393
4 4
4 12
4 15
4 23
4 24
4 55
4 59
4 60
4 66
4 67
4 72
4 73
4 83
4 97
4 102
4 109
4 113
4 119
4 125
4 127
4 130
4 131
4 132
4 134
4 136
4 144
4 154
4 158
4 159
4 160
4 161
4 164
4 177
4 178
4 186
4 195
4 200
4 202
4 212
4 217
4 224
4 227
4 234
4 242
4 243
4 245
4 257
4 258
4 261
4 264
4 265
4 267
4 269
4 289
4 290
4 292
4 298
4 307
4 308
4 310
4 322
4 343
4 345
4 347
4 348
4 351
4 354
4 362
4 364
4 366
4 367
4 377
4 381
4 382
4 389
4 394
5 5
5 11
5 13
5 16
5 17
5 32
5 41
5 49
5 64
5 76
5 85
5 93
5 99
5 115
5 126
5 129
5 142
5 145
5 157
5 165
5 170
5 174
5 191
5 196
5 199
5 204
5 207
5 220
5 252
5 266
5 272
5 281
5 291
5 301
5 302
5 323
5 326
5 328
5 331
5 333
5 358
5 360
5 368
5 376
5 379
5 383
5 398
