0 1
0 14
0 18
0 19
0 27
0 31
0 47
0 56
0 57
0 68
0 70
0 74
0 94
0 112
0 114
0 120
0 133
0 139
0 143
0 148
0 150
0 151
0 155
0 163
0 175
0 181
0 184
0 185
0 188
0 215
0 221
0 223
0 233
0 236
0 240
0 241
0 251
0 254
0 256
0 262
0 270
0 276
0 277
0 278
0 293
0 300
0 303
0 306
0 318
0 325
0 338
0 340
0 342
0 344
0 349
0 350
0 365
0 370
0 375
0 385
0 388
0 396
0 397
1 2
1 8
1 26
1 38
1 41
1 43
1 45
1 46
1 48
1 58
1 77
1 78
1 80
1 84
1 95
1 98
1 105
1 121
1 140
1 149
1 153
1 179
1 189
1 193
1 194
1 214
1 216
1 230
1 232
1 235
1 260
1 263
1 285
1 294
1 295
1 309
1 313
1 314
1 317
1 320
1 329
1 353
1 355
1 357
1 372
1 373
1 374
1 384
1 392
2 7
2 20
2 21
2 35
2 37
2 52
2 61
2 81
2 86
2 87
2 90
2 107
2 111
2 122
2 162
2 168
2 172
2 178
2 182
2 192
2 201
2 203
2 205
2 209
2 210
2 218
2 225
2 247
2 248
2 257
2 259
2 271
2 275
2 283
2 284
2 297
2 311
2 312
2 324
2 330
2 332
2 334
2 369
2 378
2 390
3 11
3 12
3 49
3 71
3 91
3 93
3 100
3 103
3 104
3 117
3 132
3 134
3 135
3 138
3 145
3 171
3 196
3 208
3 239
3 249
3 252
3 272
3 279
3 331
3 379
3 383
3 389
4 0
4 3
4 9
4 22
4 30
4 33
4 34
4 36
4 39
4 42
4 44
4 51
4 53
4 54
4 62
4 63
4 69
4 79
4 82
4 92
4 96
4 101
4 106
4 110
4 123
4 137
4 141
4 146
4 147
4 156
4 166
4 169
4 187
4 190
4 198
4 206
4 213
4 222
4 228
4 229
4 231
4 237
4 255
4 268
4 273
4 274
4 286
4 287
4 288
4 296
4 304
4 305
4 315
4 316
4 321
4 339
4 341
4 352
4 359
4 361
4 363
4 371
4 380
4 386
4 387
4 391
4 395
4 399
5 6
5 10
5 25
5 28
5 29
5 40
5 50
5 65
5 75
5 88
5 89
5 116
5 118
5 124
5 128
5 152
5 167
5 173
5 176
5 180
5 183
5 197
5 211
5 219
5 226
5 238
5 244
5 246
5 250
5 253
5 280
5 282
5 299
5 319
5 327
5 335
5 337
5 346
5 356
5 393
6 4
6 15
6 23
6 24
6 55
6 59
6 60
6 66
6 67
6 72
6 73
6 83
6 97
6 102
6 108
6 109
6 113
6 119
6 125
6 127
6 131
6 136
6 144
6 154
6 158
6 159
6 160
6 161
6 164
6 177
6 186
6 195
6 200
6 202
6 212
6 217
6 224
6 227
6 234
6 242
6 243
6 245
6 258
6 261
6 264
6 265
6 267
6 269
6 289
6 290
6 292
6 298
6 307
6 308
6 310
6 322
6 343
6 345
6 347
6 348
6 351
6 362
6 364
6 366
6 367
6 377
6 381
6 382
7 5
7 13
7 16
7 17
7 32
7 64
7 76
7 85
7 99
7 115
7 126
7 129
7 130
7 142
7 157
7 165
7 170
7 174
7 191
7 199
7 204
7 207
7 220
7 266
7 281
7 291
7 301
7 302
7 323
7 326
7 328
7 333
7 336
7 354
7 358
7 360
7 368
7 376
7 394
7 398
