0 10
0 23
0 25
0 90
0 91
0 102
0 109
0 122
0 144
0 159
0 161
1 2
1 15
1 26
1 30
1 85
1 97
1 108
1 121
1 164
1 165
1 166
2 13
2 17
2 50
2 66
2 113
2 120
2 129
2 131
2 137
2 171
2 191
3 5
3 27
3 56
3 83
3 92
3 106
3 132
3 162
3 168
3 180
3 187
4 1
4 35
4 38
4 45
4 48
4 51
4 53
4 59
4 68
4 82
4 103
4 111
4 116
4 136
4 139
4 156
4 179
5 0
5 61
5 75
5 78
5 95
5 100
5 101
5 115
5 141
5 157
5 174
6 32
6 42
6 43
6 44
6 93
6 99
6 123
6 124
6 150
6 154
6 163
6 167
7 52
7 60
7 62
7 63
7 69
7 94
7 98
7 104
7 118
7 145
7 177
7 184
7 188
8 22
8 34
8 47
8 64
8 70
8 74
8 81
8 88
8 107
8 119
8 127
8 146
8 153
8 160
8 173
8 183
8 198
9 9
9 16
9 57
9 65
9 152
9 158
10 49
10 79
10 87
10 89
10 125
10 176
11 3
11 7
11 14
11 128
11 169
12 40
12 134
12 172
12 199
13 20
13 37
13 71
13 73
13 149
13 178
13 181
13 182
14 8
14 24
14 31
14 39
14 58
14 67
14 84
14 133
14 148
14 155
14 170
14 185
14 186
14 195
15 4
15 6
15 12
15 54
15 117
15 130
15 140
15 142
15 192
16 80
16 105
16 110
16 114
17 18
17 21
17 36
17 41
17 55
17 86
17 96
17 126
17 135
17 147
17 151
18 28
18 29
18 46
18 112
18 138
18 194
18 197
19 11
19 19
19 33
19 72
19 76
19 77
19 143
19 175
19 189
19 190
19 193
19 196
