0 33
0 62
0 81
0 101
0 103
0 109
0 114
0 140
0 160
0 176
0 181
0 229
0 252
0 265
1 9
1 19
1 27
1 46
1 77
1 105
1 161
1 162
1 194
1 195
1 205
1 207
1 209
1 217
1 218
1 221
1 222
1 241
1 242
1 250
1 273
1 288
1 300
2 4
2 16
2 23
2 29
2 220
3 30
3 36
3 41
3 43
3 64
3 71
3 84
3 129
3 188
3 227
3 280
4 15
4 17
4 28
4 52
4 89
4 102
4 121
4 127
4 132
4 137
4 148
4 150
4 167
4 186
4 200
4 203
4 213
4 226
4 238
4 259
4 263
4 264
4 271
4 294
4 296
4 301
4 311
5 1
5 13
5 61
5 82
5 96
5 113
5 133
5 135
5 146
5 154
5 190
5 198
5 276
5 282
5 309
6 14
6 18
6 22
6 59
6 69
6 75
6 76
6 85
6 111
6 120
6 163
6 211
6 223
6 305
7 24
7 31
7 38
7 50
7 54
7 73
7 88
7 91
7 110
7 116
7 126
7 131
7 145
7 149
7 166
7 184
7 199
7 216
7 274
8 11
8 21
8 26
8 58
8 63
8 83
8 87
8 97
8 98
8 107
8 130
8 147
8 156
8 164
8 165
8 179
8 201
8 202
8 254
8 269
8 283
8 308
9 12
9 37
9 49
9 115
9 144
9 172
9 187
9 219
9 236
9 277
10 8
10 25
10 32
10 67
10 159
10 168
10 171
10 196
10 197
10 225
10 248
10 292
11 2
11 5
11 55
11 90
11 100
11 118
11 122
11 174
11 210
11 234
11 247
