0 24
0 30
0 50
0 64
0 120
0 156
0 160
0 254
0 282
0 292
1 8
1 13
1 21
1 36
1 90
1 115
1 126
1 127
1 129
1 159
1 161
1 280
1 288
1 294
1 300
2 2
2 11
2 15
2 23
2 37
2 71
2 91
2 102
2 107
2 109
2 114
2 122
2 130
2 145
2 164
2 170
2 179
2 181
2 199
2 202
2 218
2 259
2 265
2 283
3 12
3 25
3 38
3 43
3 58
3 62
3 75
3 76
3 88
3 96
3 111
3 133
3 172
3 209
3 216
3 223
3 229
3 242
3 248
3 290
3 308
4 14
4 29
4 33
4 59
4 61
4 73
4 81
4 116
4 188
4 196
4 220
4 236
4 274
5 32
5 54
5 85
5 97
5 98
5 103
5 110
5 119
5 135
5 149
5 166
5 168
5 176
5 180
5 198
5 201
5 203
5 208
5 211
5 305
6 16
6 49
6 144
6 190
6 225
6 252
6 309
7 1
7 5
7 18
7 26
7 82
7 83
7 84
7 87
7 101
7 108
7 113
7 117
7 118
7 146
7 162
7 171
7 184
7 276
7 285
8 4
8 17
8 19
8 22
8 28
8 44
8 45
8 46
8 48
8 52
8 55
8 89
8 100
8 105
8 121
8 132
8 143
8 148
8 152
8 163
8 175
8 186
8 207
8 213
8 217
8 221
8 226
8 238
8 263
8 264
8 271
8 296
9 27
9 41
9 53
9 63
9 67
9 154
9 165
9 174
9 187
9 194
9 222
9 227
9 241
9 247
9 249
9 250
9 251
9 273
