0 8
0 36
0 37
0 68
0 90
0 159
0 186
0 269
0 294
1 75
1 114
1 203
1 300
2 1
2 12
2 23
2 25
2 53
2 63
2 71
2 97
2 112
2 116
2 161
2 162
2 236
2 280
3 43
3 103
3 111
3 130
3 172
3 282
3 308
4 177
4 249
4 263
4 264
5 5
5 13
5 27
5 46
5 105
5 118
5 120
5 133
5 154
5 167
5 187
5 199
5 218
5 222
5 227
5 242
5 288
6 29
6 76
6 82
6 144
6 146
7 4
7 44
7 52
7 122
7 148
7 168
7 226
8 15
8 110
8 181
8 202
8 216
9 14
9 88
9 115
9 229
9 283
10 21
10 32
10 59
10 62
10 209
10 312
11 49
11 69
11 84
11 156
11 160
11 178
11 179
12 22
12 33
12 64
12 87
12 102
12 163
12 219
12 248
12 252
13 16
13 18
13 41
13 58
13 67
13 73
13 107
13 119
13 194
13 196
13 211
13 217
14 28
14 35
14 45
14 77
14 89
14 96
14 121
14 127
14 132
14 174
14 197
14 200
14 205
14 207
14 208
14 213
14 238
14 241
14 250
14 254
14 271
14 273
14 293
14 296
15 2
15 30
15 164
15 184
15 274
15 292
16 26
16 98
16 109
16 135
16 147
16 170
16 265
17 61
17 180
17 276
17 290
18 83
18 85
18 101
18 113
18 165
18 190
18 198
18 201
18 223
19 11
19 24
19 50
19 54
19 81
19 126
19 166
19 176
19 188
19 195
19 220
