0 34
0 133
0 137
0 198
0 224
0 242
1 88
1 103
1 149
1 170
1 209
2 14
2 64
2 73
2 75
2 107
2 164
2 168
2 211
3 25
3 130
3 141
3 254
3 280
3 305
4 18
4 30
4 126
5 11
5 31
5 115
5 219
6 1
6 83
6 156
6 184
6 216
7 16
7 38
7 101
7 252
8 33
8 58
8 110
8 116
8 120
8 188
9 61
9 76
9 208
9 248
9 292
9 300
10 29
10 32
10 53
10 87
10 119
10 274
10 283
11 54
11 97
11 108
11 129
11 217
11 223
11 276
12 21
12 49
12 59
12 62
12 111
12 144
12 163
13 3
13 12
13 24
13 82
13 91
13 109
13 161
13 179
13 203
13 225
14 37
14 41
14 50
14 71
14 85
14 102
14 214
14 215
15 23
15 63
15 229
15 308
16 26
16 84
16 135
16 166
16 181
17 81
17 145
17 160
17 172
17 201
18 43
18 114
18 194
18 196
19 22
19 202
19 220
19 236
