0 46
0 152
0 158
0 205
0 207
0 275
0 284
0 297
1 67
1 79
1 80
1 99
1 155
1 173
1 174
1 213
1 214
1 228
2 42
2 57
2 94
2 122
2 177
2 238
2 253
2 304
2 309
3 148
3 218
3 257
3 262
3 285
3 293
4 27
4 78
4 121
4 136
4 187
4 226
4 241
4 245
4 287
5 9
5 28
5 90
5 153
5 175
5 230
5 246
6 55
6 68
6 70
6 86
6 118
6 125
6 301
6 311
7 52
7 186
7 189
8 17
8 40
8 45
8 89
8 127
8 143
8 206
8 267
8 279
8 303
8 307
9 154
9 167
9 256
9 294
10 5
10 44
10 48
10 56
10 60
10 100
10 105
10 106
10 132
10 261
11 141
11 169
11 227
11 247
11 260
11 289
11 291
11 310
12 4
12 36
12 142
12 159
12 171
12 197
12 302
12 306
13 2
13 6
13 39
13 72
13 92
13 113
13 200
13 204
13 221
13 235
14 8
14 65
14 93
14 146
14 239
14 255
14 296
15 47
15 124
15 138
15 150
15 232
15 249
15 263
15 277
15 278
15 299
16 34
16 77
16 185
16 212
16 222
16 224
16 237
16 264
16 270
16 271
16 273
