0 88
0 96
0 252
1 50
1 63
1 98
1 119
1 203
2 14
2 54
2 107
2 111
2 135
2 161
2 164
2 179
2 194
2 248
2 292
3 21
3 30
3 61
3 81
3 236
4 24
4 73
4 108
4 130
4 223
4 276
4 280
4 282
5 49
5 97
5 201
6 11
6 12
6 26
6 34
6 38
6 79
6 80
6 85
6 91
6 95
6 141
6 191
6 193
6 195
6 198
6 199
6 215
6 220
6 254
6 290
7 23
7 84
7 109
7 114
7 196
7 269
8 18
8 53
8 76
8 103
8 115
8 126
8 162
8 216
9 1
9 16
9 75
9 184
9 188
10 25
10 43
10 147
10 208
10 209
10 308
11 32
11 116
11 129
11 214
11 217
12 101
12 180
13 64
13 110
13 144
13 166
14 41
14 156
14 160
14 165
14 168
14 176
14 211
14 219
14 265
14 300
15 22
15 29
15 87
15 120
15 149
15 202
15 305
16 59
16 102
16 170
16 181
17 33
17 37
17 58
17 82
17 190
17 283
18 62
18 83
18 163
18 172
