0 91
0 127
0 186
0 249
0 277
0 304
0 311
1 40
1 43
1 89
1 130
1 143
1 174
1 199
1 248
1 280
2 5
2 19
2 36
2 46
2 52
2 113
2 117
2 150
2 159
2 218
2 221
2 256
3 6
3 11
3 22
3 72
3 82
3 124
3 306
4 27
4 67
4 70
4 121
4 122
4 154
4 222
5 8
5 13
5 45
5 68
5 92
5 106
5 146
5 228
5 262
5 284
6 78
6 227
6 232
6 241
6 246
6 253
7 42
7 50
7 60
7 66
7 123
7 132
7 136
7 153
7 160
7 213
7 235
7 239
7 255
7 271
7 275
7 286
7 295
8 9
8 17
8 28
8 48
8 55
8 95
8 100
8 118
8 158
8 171
8 207
8 230
8 278
8 285
8 309
9 4
9 44
9 86
9 90
9 197
9 294
9 301
9 302
10 12
10 26
10 32
10 39
10 65
10 93
10 97
10 135
10 138
10 161
10 163
10 164
10 243
10 254
11 104
11 125
11 152
11 175
11 238
11 260
11 273
11 296
11 299
12 18
12 21
12 25
12 41
12 101
12 166
12 203
12 206
12 225
12 236
12 252
12 257
12 259
12 279
12 281
12 297
12 305
13 33
13 47
13 54
13 58
13 61
13 64
13 76
13 84
13 99
13 109
13 110
13 149
13 179
13 181
13 189
13 201
13 204
13 209
13 261
13 282
13 287
13 303
14 2
14 105
14 148
14 182
14 187
14 200
14 247
14 270
14 288
14 293
14 307
15 111
15 142
15 226
15 245
15 263
15 264
