0 5
0 13
0 39
0 47
0 48
0 55
0 60
0 70
0 79
0 92
0 100
0 105
0 125
0 218
0 232
0 260
0 302
1 36
1 45
1 46
1 65
1 99
1 104
1 118
1 122
1 127
1 139
1 146
1 148
1 157
1 263
1 275
1 279
1 307
2 89
2 174
2 256
2 257
2 262
2 273
2 285
2 287
2 306
3 72
3 78
3 138
3 159
3 175
3 189
3 249
3 261
3 270
3 286
3 296
3 299
4 0
4 2
4 123
4 158
4 235
4 247
4 253
4 294
4 310
5 19
5 28
5 66
5 67
5 86
5 153
5 169
5 221
5 228
5 288
5 295
6 17
6 44
6 177
6 212
6 214
6 239
6 267
6 271
7 40
7 136
7 171
7 200
7 226
7 255
7 277
7 301
7 304
8 27
8 132
8 150
8 154
8 167
8 204
8 227
8 243
8 293
9 57
9 80
9 94
9 106
9 113
9 124
9 151
9 193
9 213
9 224
9 238
9 264
9 291
9 297
10 6
10 20
10 42
10 77
10 90
10 121
10 182
10 187
10 222
10 245
11 8
11 141
11 173
11 185
11 197
11 237
11 266
12 9
12 68
12 93
12 143
12 152
12 186
12 206
12 230
12 246
12 303
13 3
13 34
13 56
13 155
13 207
13 278
13 311
