0 28
0 45
0 93
0 136
0 226
0 232
0 241
0 262
0 311
1 122
1 157
1 271
1 297
2 2
2 5
2 90
2 150
2 227
2 239
2 245
2 246
2 253
3 27
3 68
3 86
3 106
3 146
3 154
3 186
3 200
3 243
3 257
3 260
3 284
3 296
4 19
4 48
4 113
4 117
4 132
4 141
4 159
4 169
4 238
4 264
4 309
4 310
5 44
5 55
5 299
6 72
6 174
6 189
6 256
7 4
7 9
7 20
7 36
7 46
7 66
7 100
7 167
7 187
7 230
7 263
7 270
7 275
7 288
7 303
8 65
8 118
8 124
8 148
8 153
8 158
8 175
8 222
8 304
8 307
9 8
9 92
9 171
9 228
9 249
9 286
9 302
9 306
10 67
10 125
10 138
10 287
10 301
11 39
11 42
11 121
11 218
11 237
11 293
12 6
12 40
12 247
12 261
12 267
13 0
13 3
13 56
13 89
13 105
13 143
13 155
13 185
13 207
13 279
13 285
14 17
14 60
14 78
14 127
14 139
14 177
14 182
14 206
14 221
14 235
14 255
14 273
14 294
15 47
15 52
15 79
15 99
15 104
15 123
15 142
15 152
15 197
15 204
15 277
15 291
15 295
