0 153
0 192
0 206
0 287
1 20
1 141
1 212
1 237
2 8
2 60
2 66
2 78
2 92
2 148
2 230
2 262
2 267
2 285
2 297
2 302
3 70
3 123
3 155
3 286
3 291
4 93
4 124
4 157
4 191
4 204
4 257
5 94
5 173
5 261
5 295
6 42
6 299
6 306
7 125
7 193
7 266
7 310
8 6
8 40
8 189
8 200
8 245
9 72
9 185
10 243
10 303
11 0
11 3
11 65
12 151
12 174
12 175
12 207
12 301
12 311
13 214
13 304
14 56
14 57
14 79
14 80
14 106
14 136
14 169
14 215
15 47
15 239
16 34
16 39
16 86
16 104
16 138
16 182
16 255
17 99
17 224
17 246
18 158
