0 1
0 88
0 194
0 223
1 91
1 96
1 98
1 130
1 198
1 225
1 259
1 280
2 23
2 63
2 84
2 103
2 109
2 166
2 217
2 252
3 71
3 110
3 119
3 172
3 211
3 276
4 29
4 82
5 33
5 53
5 58
5 83
5 111
5 120
5 161
5 164
6 16
6 37
6 59
6 135
6 144
6 208
6 283
7 30
7 180
7 236
7 305
8 3
8 21
8 107
8 203
8 220
8 231
9 61
9 165
9 282
9 308
10 15
10 24
10 76
10 129
10 156
10 176
10 265
10 274
10 292
11 22
11 116
11 184
12 14
12 62
12 201
13 41
13 126
13 145
13 149
13 160
13 170
13 216
13 248
13 254
14 162
14 199
14 209
14 300
15 49
15 87
15 97
15 108
15 115
15 181
16 11
16 12
16 38
16 43
16 80
16 85
16 141
16 163
16 214
16 224
16 290
17 18
17 26
17 54
17 73
17 75
17 81
17 102
17 114
17 168
17 190
17 196
17 202
18 32
18 188
19 50
19 179
