0 18
0 22
0 38
0 43
0 50
0 61
0 83
0 87
0 93
0 97
0 99
0 106
0 129
0 143
0 149
0 151
0 162
0 166
0 182
0 200
0 201
0 204
0 217
0 223
0 225
0 230
0 236
0 241
0 249
0 259
0 287
0 297
0 304
0 306
0 307
1 2
1 86
1 100
1 113
1 118
1 128
1 152
1 171
1 175
1 238
1 253
1 263
1 277
1 279
1 286
1 296
1 301
1 311
2 4
2 19
2 36
2 55
2 68
2 70
2 92
2 148
2 154
2 174
2 186
2 187
2 226
2 294
3 5
3 8
3 13
3 28
3 48
3 66
3 78
3 90
3 121
3 127
3 167
3 177
3 197
3 221
3 222
3 228
3 243
3 273
3 288
3 302
4 15
4 17
4 21
4 62
4 123
4 130
4 132
4 136
4 146
4 159
4 181
4 208
4 211
4 247
4 248
4 265
4 282
4 285
4 290
5 12
5 39
5 52
5 65
5 101
5 104
5 111
5 125
5 135
5 138
5 163
5 252
5 257
5 262
5 293
5 295
5 305
6 27
6 44
6 45
6 46
6 67
6 77
6 89
6 105
6 150
6 158
6 207
6 227
6 239
6 256
6 264
6 275
7 20
7 26
7 40
7 60
7 91
7 124
7 153
7 160
7 180
7 218
7 229
7 254
7 255
7 260
7 261
7 270
7 271
7 280
7 299
8 6
8 9
8 32
8 33
8 42
8 47
8 54
8 64
8 72
8 82
8 84
8 110
8 122
8 164
8 165
8 189
8 199
8 213
8 232
8 235
8 245
8 246
8 250
8 303
