0 4
0 8
0 42
0 52
0 65
0 86
0 117
0 118
0 122
0 127
0 150
0 159
0 171
0 175
0 222
0 226
0 232
0 241
0 260
0 263
0 264
0 270
0 277
0 284
0 294
0 296
1 21
1 32
1 40
1 50
1 54
1 62
1 82
1 93
1 97
1 110
1 164
1 180
1 189
1 196
1 198
1 220
1 223
1 249
1 257
1 273
1 293
1 295
2 5
2 13
2 46
2 48
2 66
2 90
2 92
2 95
2 105
2 136
2 174
2 197
2 213
2 227
2 230
2 246
2 255
2 261
2 275
2 288
3 6
3 39
3 58
3 64
3 72
3 104
3 121
3 124
3 135
3 138
3 182
3 209
3 247
4 12
4 15
4 18
4 33
4 60
4 84
4 91
4 99
4 130
4 132
4 160
4 181
4 211
4 271
4 287
5 9
5 47
5 55
5 68
5 148
5 218
5 243
6 26
6 44
6 45
6 89
6 100
6 106
6 123
6 125
6 153
6 204
6 228
6 239
6 245
6 250
6 278
6 279
6 281
6 297
7 2
7 19
7 27
7 28
7 113
7 152
7 154
7 167
7 187
7 251
7 302
7 307
8 36
8 67
8 78
8 143
8 146
8 186
8 221
8 262
8 285
8 309
9 17
9 20
9 22
9 41
9 83
9 85
9 98
9 109
9 111
9 116
9 139
9 149
9 166
9 168
9 176
9 200
9 201
9 229
9 236
9 248
9 280
9 304
10 142
10 158
10 206
10 207
10 235
10 238
10 253
10 256
10 267
10 286
10 301
10 311
11 254
11 299
11 303
