0 88
0 145
0 234
1 3
1 14
1 18
1 25
1 32
1 107
1 108
1 133
1 202
1 254
1 269
1 276
1 305
2 22
2 50
2 62
2 87
2 135
2 184
2 188
2 201
2 219
3 15
3 38
3 43
3 56
3 61
3 80
3 85
3 131
3 173
3 176
3 190
3 193
3 196
3 198
3 203
3 220
3 291
3 292
3 310
4 54
4 73
4 84
4 91
4 102
4 149
4 211
4 280
5 12
5 26
5 31
5 59
5 81
5 96
5 116
5 126
5 248
5 282
6 29
6 37
6 76
6 82
6 161
6 162
6 165
6 217
6 274
7 63
7 103
7 114
7 140
7 209
7 252
7 308
8 16
8 23
8 49
8 58
8 97
8 115
8 156
8 163
8 216
9 1
9 33
9 83
9 109
9 111
9 120
9 164
9 166
9 168
9 179
9 194
9 236
9 283
10 11
10 110
10 144
10 160
10 181
10 300
11 21
11 30
11 75
11 101
11 172
12 129
12 130
12 195
12 214
12 265
12 290
