0 14
0 15
0 18
0 30
0 41
0 43
0 63
0 76
0 84
0 88
0 98
0 103
0 112
0 135
0 160
0 164
0 168
0 172
0 178
0 190
0 209
0 236
0 248
0 252
0 254
0 265
0 280
0 282
0 283
0 290
0 292
0 308
0 310
1 23
1 53
1 54
1 59
1 73
1 81
1 83
1 96
1 97
1 102
1 107
1 109
1 111
1 114
1 120
1 144
1 156
1 162
1 163
1 166
1 179
1 181
1 194
1 201
1 208
1 216
1 219
1 220
2 12
2 26
2 29
2 33
2 34
2 35
2 80
2 82
2 85
2 91
2 126
2 130
2 133
2 157
2 161
2 165
2 170
2 173
2 185
2 193
2 195
2 198
2 203
2 211
2 214
2 215
2 217
2 225
2 237
2 259
2 291
2 300
2 312
3 1
3 11
3 16
3 21
3 22
3 32
3 37
3 49
3 50
3 58
3 61
3 62
3 64
3 75
3 87
3 101
3 110
3 115
3 116
3 141
3 180
3 184
3 188
3 196
3 202
3 274
3 276
