0 22
0 30
0 42
0 51
0 82
0 92
0 106
0 110
0 137
0 141
0 147
0 156
0 198
0 213
0 222
0 237
0 255
0 273
0 274
0 286
0 288
0 304
0 316
0 321
0 359
0 395
0 399
1 4
1 19
1 31
1 60
1 68
1 70
1 74
1 113
1 139
1 185
1 212
1 227
1 233
1 241
1 245
1 261
1 277
1 283
1 290
1 300
1 303
1 308
1 318
1 340
1 349
1 369
1 385
1 397
2 33
2 45
2 121
2 179
2 263
2 285
2 295
2 309
2 357
2 372
2 374
2 384
2 398
3 7
3 52
3 66
3 90
3 107
3 168
3 182
3 186
3 202
3 203
3 210
3 218
3 248
3 257
3 275
3 311
3 334
4 53
4 54
4 79
4 101
4 118
4 169
4 180
4 190
4 238
4 282
4 287
4 315
4 319
4 338
4 339
4 365
4 375
4 391
5 15
5 108
5 125
5 127
5 136
5 140
5 160
5 161
5 224
5 249
5 258
5 265
5 292
5 298
5 307
5 320
5 322
5 343
5 347
5 351
5 362
5 377
5 389
6 5
6 16
6 32
6 64
6 85
6 93
6 99
6 115
6 126
6 129
6 131
6 142
6 174
6 191
6 204
6 220
6 281
6 291
6 301
6 323
6 326
6 333
6 336
6 368
6 376
7 6
7 21
7 25
7 28
7 40
7 50
7 65
7 124
7 128
7 152
7 167
7 173
7 175
7 176
7 183
7 192
7 197
7 211
7 219
7 244
7 246
7 250
7 254
7 270
7 276
7 280
7 299
7 327
7 335
7 337
8 1
8 14
8 27
8 47
8 57
8 94
8 112
8 120
8 133
8 143
8 148
8 155
8 184
8 236
8 240
8 256
8 262
8 278
8 306
8 342
8 344
8 370
8 388
9 10
9 20
9 35
9 37
9 81
9 86
9 87
9 88
9 89
9 111
9 114
9 122
9 162
9 172
9 181
9 205
9 209
9 225
9 247
9 259
9 284
9 297
9 312
9 324
9 330
9 332
9 350
9 356
9 390
10 8
10 26
10 38
10 46
10 58
10 77
10 80
10 84
10 98
10 105
10 149
10 153
10 189
10 194
10 230
10 239
10 314
10 317
10 329
10 353
10 355
10 373
11 3
11 9
11 34
11 62
11 67
11 72
11 83
11 97
11 123
11 144
11 158
11 159
11 164
11 200
11 217
11 231
11 242
11 264
11 268
11 269
11 305
11 341
11 361
11 363
11 364
11 371
11 381
11 382
11 387
12 71
12 91
12 100
12 104
12 117
12 135
12 138
12 208
13 0
13 13
13 59
13 109
13 119
13 130
13 157
13 165
13 170
13 266
13 328
13 354
13 367
13 394
14 29
14 36
14 48
14 61
14 75
14 78
14 116
14 216
14 226
14 232
14 253
14 260
14 313
14 346
15 39
15 44
15 63
15 96
15 146
15 166
15 187
15 201
15 206
15 228
15 229
15 271
15 296
15 352
15 378
15 380
15 386
15 393
16 2
16 11
16 12
16 43
16 95
16 103
16 132
16 134
16 145
16 154
16 171
16 235
16 252
16 272
16 279
16 294
16 360
16 379
16 383
17 18
17 56
17 69
17 150
17 151
17 163
17 188
17 215
17 221
17 223
17 251
17 293
17 325
17 396
18 23
18 24
18 55
18 73
18 102
18 177
18 178
18 195
18 234
18 243
18 267
18 289
18 310
18 345
18 348
18 366
19 17
19 41
19 49
19 76
19 193
19 196
19 199
19 207
19 214
19 302
19 331
19 358
19 392
