0 18
0 20
0 26
0 42
0 45
0 58
0 97
0 150
0 179
0 181
0 217
0 230
0 246
0 268
0 287
0 293
0 305
0 325
0 347
0 371
1 10
1 88
1 106
1 107
1 122
1 127
1 141
1 146
1 158
1 161
1 175
1 178
1 180
1 194
1 199
1 214
1 275
1 315
1 317
1 350
1 384
1 390
1 395
2 0
2 5
2 13
2 30
2 59
2 85
2 109
2 126
2 142
2 166
2 191
2 200
2 201
2 228
2 242
2 274
2 316
2 321
2 331
2 333
2 352
2 354
2 361
2 381
2 382
2 386
3 29
3 41
3 43
3 48
3 105
3 135
3 138
3 145
3 157
3 165
3 189
3 204
3 208
3 272
3 301
3 309
3 314
3 323
3 326
3 328
3 373
3 374
3 392
3 394
4 2
4 11
4 12
4 46
4 61
4 64
4 73
4 76
4 90
4 93
4 102
4 104
4 171
4 196
4 239
4 257
4 291
4 322
4 329
4 343
4 379
4 389
5 16
5 49
5 53
5 192
5 219
5 223
5 226
5 280
5 282
5 341
5 357
5 365
5 375
5 378
6 78
6 116
6 120
6 121
6 137
6 176
6 183
6 206
6 209
6 216
6 232
6 233
6 236
6 240
6 261
6 267
6 269
6 273
6 276
6 283
6 284
6 303
6 313
6 338
6 370
6 380
7 8
7 15
7 66
7 80
7 86
7 110
7 114
7 160
7 177
7 182
7 203
7 205
7 249
7 294
7 299
7 320
7 334
7 372
8 34
8 51
8 67
8 69
8 82
8 83
8 92
8 118
8 119
8 128
8 131
8 144
8 147
8 151
8 156
8 159
8 164
8 170
8 213
8 251
8 255
8 363
8 367
8 376
9 3
9 14
9 28
9 40
9 47
9 56
9 57
9 72
9 75
9 79
9 81
9 143
9 152
9 167
9 169
9 237
9 244
9 256
9 264
9 286
9 288
9 306
9 319
9 339
9 342
9 356
9 364
9 385
9 387
9 396
10 6
10 55
10 65
10 70
10 95
10 125
10 140
10 149
10 186
10 235
10 243
10 245
10 298
10 366
10 377
11 21
11 23
11 60
11 74
11 112
11 195
11 234
11 250
11 262
11 277
11 330
11 344
11 388
11 397
12 33
12 36
12 38
12 71
12 77
12 91
12 98
12 99
12 100
12 117
12 134
12 153
12 168
12 173
12 174
12 193
12 224
12 252
12 258
12 260
12 285
12 289
12 312
12 327
12 335
12 346
12 353
12 358
12 362
12 398
13 1
13 4
13 27
13 44
13 50
13 94
13 133
13 148
13 155
13 184
13 227
13 270
13 278
13 300
13 332
14 24
14 31
14 52
14 84
14 108
14 139
14 154
14 202
14 212
14 265
14 290
14 307
14 308
14 318
14 345
14 349
14 351
15 7
15 89
15 132
15 162
15 185
15 211
15 248
15 254
15 292
15 296
15 310
15 311
15 324
15 359
15 369
15 391
16 22
16 25
16 32
16 37
16 39
16 54
16 62
16 87
16 111
16 129
16 136
16 188
16 215
16 218
16 221
16 225
16 231
16 253
16 302
16 399
17 9
17 17
17 63
17 101
17 103
17 130
17 187
17 207
17 259
17 279
17 295
17 336
17 355
17 360
17 383
17 393
18 35
18 115
18 123
18 124
18 163
18 172
18 197
18 198
18 220
18 222
18 247
18 263
18 266
18 281
18 297
18 304
18 337
18 368
19 19
19 68
19 96
19 113
19 190
19 210
19 229
19 238
19 241
19 271
19 340
19 348
