0 23
0 58
0 75
0 85
0 98
0 100
0 134
0 142
0 191
0 194
0 230
0 249
0 279
1 4
1 24
1 43
1 47
1 102
1 107
1 117
1 125
1 127
1 133
1 155
1 171
1 178
1 185
1 203
1 209
1 210
1 212
1 224
1 233
1 241
1 278
1 298
1 300
1 345
1 355
1 366
1 370
1 373
1 390
2 19
2 61
2 63
2 90
2 114
2 118
2 120
2 140
2 168
2 205
2 215
2 220
2 226
2 254
2 260
2 283
2 287
2 313
2 316
2 325
2 350
2 353
2 382
3 39
3 46
3 48
3 82
3 121
3 151
3 156
3 179
3 183
3 193
3 196
3 246
3 248
3 270
3 274
3 297
3 324
3 329
3 336
3 361
3 374
3 398
4 5
4 15
4 25
4 28
4 40
4 45
4 95
4 116
4 167
4 232
4 239
4 253
4 263
4 265
4 295
4 319
4 323
4 333
4 362
4 368
4 376
5 0
5 7
5 66
5 69
5 123
5 170
5 221
5 393
5 394
6 67
6 72
6 109
6 157
6 164
6 165
6 174
6 176
6 190
6 200
6 229
6 264
6 266
6 269
6 271
6 291
6 312
6 341
6 364
6 371
6 395
6 399
7 17
7 20
7 78
7 103
7 128
7 136
7 161
7 189
7 245
7 267
7 284
7 307
7 309
7 320
7 347
7 348
7 356
7 392
8 22
8 30
8 42
8 53
8 54
8 57
8 65
8 70
8 94
8 101
8 159
8 163
8 184
8 219
8 236
8 255
8 304
8 306
8 315
8 321
8 365
8 381
9 11
9 16
9 62
9 64
9 76
9 80
9 93
9 97
9 131
9 149
9 199
9 206
9 235
9 252
9 281
9 305
9 359
9 363
9 372
10 32
10 41
10 115
10 129
10 130
10 214
10 237
10 272
10 301
11 18
11 35
11 60
11 73
11 88
11 89
11 111
11 122
11 143
11 148
11 162
11 186
11 225
11 240
11 256
11 259
11 285
11 289
11 303
11 337
11 340
11 342
11 346
11 351
11 357
12 79
12 108
12 113
12 182
12 202
12 216
12 217
12 268
12 294
12 317
12 375
12 380
13 9
13 21
13 34
13 36
13 77
13 83
13 84
13 99
13 106
13 110
13 124
13 141
13 146
13 153
13 198
13 222
13 231
13 238
13 242
13 250
13 258
13 293
13 296
13 330
13 332
13 338
13 339
13 354
13 367
13 377
13 388
14 33
14 38
14 51
14 52
14 86
14 87
14 92
14 112
14 126
14 147
14 166
14 169
14 172
14 192
14 243
14 244
14 257
14 275
14 292
14 314
14 318
14 326
14 343
14 352
14 386
15 2
15 55
15 71
15 91
15 105
15 135
15 138
15 160
15 177
15 218
15 227
15 247
16 1
16 6
16 10
16 13
16 14
16 27
16 29
16 31
16 56
16 68
16 74
16 119
16 139
16 144
16 150
16 158
16 173
16 175
16 181
16 188
16 197
16 211
16 223
16 251
16 262
16 276
16 282
16 290
16 299
16 311
16 327
16 328
16 335
16 344
16 349
16 369
16 391
16 396
16 397
17 3
17 8
17 59
17 96
17 137
17 204
17 273
17 286
17 288
17 302
17 379
17 383
17 384
17 387
18 37
18 44
18 50
18 81
18 104
18 152
18 180
18 187
18 201
18 208
18 213
18 228
18 234
18 261
18 277
18 280
18 308
18 310
18 322
18 334
18 378
18 385
19 12
19 26
19 49
19 132
19 145
19 154
19 195
19 207
19 331
19 358
19 360
19 389
