0 32
0 49
0 75
0 144
0 152
0 169
0 170
0 178
0 225
0 237
0 261
0 280
0 355
1 23
1 24
1 27
1 60
1 112
1 132
1 141
1 146
1 188
1 198
1 234
1 262
1 266
1 281
1 288
1 292
1 293
1 317
1 344
1 368
1 383
1 397
2 41
2 44
2 48
2 61
2 69
2 86
2 138
2 148
2 155
2 159
2 165
2 171
2 173
2 195
2 204
2 206
2 285
2 290
2 316
2 323
2 330
2 336
2 337
2 343
2 353
2 377
3 6
3 14
3 16
3 58
3 100
3 122
3 127
3 131
3 143
3 163
3 166
3 207
3 231
3 263
3 287
3 338
3 350
3 360
3 382
3 385
3 390
3 396
4 2
4 38
4 43
4 63
4 68
4 88
4 98
4 99
4 157
4 175
4 182
4 203
4 211
4 224
4 243
4 245
4 254
4 283
4 311
4 312
4 315
4 329
4 341
4 398
5 10
5 15
5 39
5 57
5 78
5 89
5 94
5 97
5 140
5 161
5 181
5 194
5 199
5 305
5 313
5 334
5 342
5 357
5 371
6 25
6 35
6 53
6 77
6 91
6 109
6 136
6 172
6 213
6 242
6 247
6 259
6 302
6 340
6 361
6 399
7 7
7 30
7 33
7 36
7 70
7 150
7 156
7 168
7 174
7 223
7 233
7 260
7 271
7 289
7 298
7 326
7 335
7 366
7 393
8 20
8 45
8 47
8 79
8 87
8 92
8 111
8 126
8 129
8 135
8 147
8 197
8 221
8 226
8 244
8 246
8 274
8 303
8 331
8 333
8 363
8 376
9 5
9 13
9 37
9 142
9 151
9 191
9 208
9 218
9 251
9 253
9 255
9 306
9 352
9 367
9 375
9 378
9 386
10 3
10 4
10 22
10 26
10 28
10 42
10 54
10 56
10 67
10 72
10 81
10 82
10 116
10 118
10 119
10 121
10 164
10 167
10 179
10 216
10 227
10 230
10 232
10 256
10 267
10 277
10 278
10 319
10 332
10 347
10 356
10 364
10 387
11 8
11 11
11 12
11 21
11 31
11 55
11 80
11 93
11 96
11 106
11 108
11 139
11 149
11 158
11 185
11 193
11 196
11 202
11 236
11 250
11 296
11 318
11 359
11 372
11 379
11 389
11 391
11 395
12 83
12 137
12 153
12 214
12 217
12 252
12 258
12 268
12 273
12 286
12 297
12 300
12 322
12 325
12 339
12 348
13 1
13 40
13 50
13 74
13 84
13 95
13 133
13 154
13 160
13 184
13 190
13 209
13 210
13 229
13 240
13 270
13 284
13 299
13 345
13 351
13 384
14 17
14 52
14 71
14 104
14 123
14 162
14 180
14 205
14 212
14 220
14 238
14 239
14 264
14 265
14 307
14 308
14 388
15 19
15 183
15 201
15 241
15 249
15 272
15 279
15 314
15 321
15 380
15 381
16 18
16 62
16 66
16 113
16 115
16 120
16 124
16 130
16 134
16 176
16 177
16 222
16 269
16 275
16 276
16 294
16 304
16 310
16 370
17 9
17 46
17 64
17 65
17 73
17 76
17 90
17 102
17 105
17 110
17 114
17 125
17 186
17 248
17 301
17 320
17 324
17 327
17 328
17 349
17 369
17 392
17 394
18 0
18 29
18 34
18 85
18 101
18 128
18 189
18 215
18 228
18 257
18 282
18 295
18 309
18 362
18 373
18 374
19 51
19 59
19 103
19 107
19 117
19 145
19 187
19 192
19 200
19 219
19 235
19 291
19 346
19 354
19 358
19 365
