0 14
0 16
0 35
0 62
0 91
0 100
0 107
0 109
0 122
0 127
0 131
0 143
0 163
0 166
0 183
0 201
0 207
0 231
0 235
0 237
0 241
0 242
0 249
0 259
0 263
0 272
0 275
0 280
0 287
0 297
0 302
0 314
0 338
0 340
0 350
0 358
0 360
0 361
0 380
0 381
0 382
0 385
0 390
0 396
1 2
1 6
1 17
1 18
1 59
1 66
1 113
1 120
1 124
1 130
1 134
1 150
1 162
1 175
1 176
1 177
1 222
1 252
1 254
1 258
1 268
1 269
1 276
1 283
1 294
1 304
1 307
1 322
1 370
1 377
1 393
2 9
2 12
2 31
2 38
2 46
2 61
2 64
2 65
2 73
2 76
2 90
2 93
2 98
2 102
2 105
2 110
2 114
2 125
2 178
2 186
2 202
2 210
2 245
2 248
2 320
2 324
2 327
2 328
2 369
2 392
3 3
3 21
3 22
3 32
3 41
3 48
3 49
3 54
3 55
3 56
3 106
3 118
3 119
3 138
3 164
3 165
3 167
3 169
3 171
3 173
3 179
3 180
3 204
3 227
3 230
3 236
3 239
3 267
3 301
3 311
3 323
3 343
3 353
3 355
3 364
3 388
3 391
3 394
3 395
4 20
4 37
4 45
4 47
4 53
4 77
4 79
4 82
4 87
4 92
4 111
4 126
4 129
4 135
4 142
4 147
4 156
4 197
4 213
4 221
4 226
4 246
4 247
4 256
4 274
4 303
4 333
4 363
4 376
5 4
5 5
5 10
5 11
5 13
5 15
5 26
5 28
5 39
5 42
5 43
5 44
5 50
5 57
5 58
5 67
5 68
5 72
5 75
5 78
5 81
5 83
5 85
5 94
5 97
5 99
5 103
5 108
5 116
5 121
5 140
5 144
5 151
5 152
5 155
5 161
5 170
5 174
5 181
5 182
5 185
5 189
5 191
5 194
5 195
5 199
5 206
5 209
5 211
5 214
5 216
5 218
5 224
5 225
5 232
5 238
5 240
5 243
5 244
5 251
5 253
5 255
5 257
5 261
5 273
5 277
5 278
5 279
5 284
5 286
5 290
5 299
5 305
5 306
5 312
5 313
5 319
5 326
5 330
5 332
5 342
5 347
5 349
5 352
5 356
5 357
5 367
5 371
5 373
5 378
5 379
5 384
5 386
5 387
5 398
6 23
6 24
6 27
6 52
6 60
6 89
6 112
6 115
6 132
6 137
6 141
6 146
6 153
6 188
6 198
6 212
6 217
6 220
6 234
6 262
6 264
6 265
6 266
6 270
6 281
6 288
6 292
6 293
6 300
6 310
6 317
6 321
6 325
6 334
6 339
6 344
6 348
6 368
6 383
6 397
7 0
7 7
7 19
7 25
7 29
7 34
7 51
7 69
7 101
7 117
7 128
7 136
7 145
7 159
7 172
7 187
7 192
7 200
7 208
7 215
7 228
7 282
7 295
7 309
7 331
7 336
7 337
7 354
7 362
7 374
7 375
7 399
8 1
8 8
8 40
8 71
8 74
8 80
8 84
8 95
8 96
8 104
8 123
8 133
8 139
8 148
8 149
8 154
8 158
8 160
8 184
8 190
8 193
8 196
8 205
8 229
8 250
8 296
8 308
8 318
8 345
8 351
8 359
8 372
8 389
9 30
9 33
9 36
9 63
9 70
9 86
9 88
9 157
9 168
9 203
9 219
9 223
9 233
9 260
9 271
9 285
9 289
9 291
9 298
9 315
9 316
9 329
9 335
9 341
9 346
9 365
9 366
