0 38
0 55
0 65
0 98
0 114
0 236
0 245
0 311
0 320
0 349
0 392
0 395
1 0
1 7
1 19
1 25
1 29
1 30
1 34
1 69
1 85
1 101
1 107
1 128
1 145
1 159
1 172
1 183
1 189
1 192
1 201
1 208
1 215
1 228
1 242
1 257
1 259
1 282
1 289
1 295
1 309
1 314
1 331
1 336
1 337
1 338
1 362
1 373
1 374
1 378
2 9
2 12
2 31
2 46
2 61
2 63
2 64
2 73
2 76
2 88
2 90
2 93
2 102
2 105
2 110
2 125
2 186
2 202
2 203
2 248
2 285
2 291
2 316
2 324
2 327
2 328
2 353
2 369
3 2
3 6
3 18
3 59
3 113
3 120
3 124
3 134
3 150
3 175
3 176
3 233
3 252
3 258
3 260
3 268
3 269
3 276
3 283
3 294
3 322
3 370
3 377
3 393
4 4
4 5
4 11
4 13
4 21
4 26
4 33
4 36
4 43
4 50
4 51
4 66
4 68
4 70
4 71
4 81
4 86
4 96
4 99
4 103
4 104
4 106
4 116
4 117
4 130
4 138
4 144
4 151
4 155
4 157
4 158
4 162
4 165
4 168
4 174
4 182
4 185
4 187
4 195
4 200
4 206
4 209
4 211
4 218
4 219
4 223
4 224
4 238
4 239
4 240
4 243
4 251
4 253
4 254
4 255
4 264
4 271
4 277
4 279
4 290
4 298
4 308
4 312
4 315
4 326
4 329
4 335
4 341
4 343
4 346
4 347
4 352
4 354
4 356
4 365
4 366
4 367
4 375
4 384
4 386
4 388
4 389
4 391
4 398
4 399
5 14
5 17
5 23
5 24
5 27
5 52
5 60
5 62
5 83
5 115
5 132
5 137
5 143
5 146
5 153
5 170
5 177
5 180
5 188
5 198
5 212
5 214
5 222
5 231
5 234
5 244
5 249
5 263
5 265
5 266
5 270
5 275
5 281
5 288
5 292
5 293
5 297
5 300
5 304
5 307
5 310
5 321
5 325
5 348
5 368
5 380
5 381
6 1
6 40
6 74
6 84
6 95
6 112
6 123
6 133
6 141
6 160
6 184
6 190
6 205
6 220
6 229
6 262
6 284
6 317
6 330
6 344
6 345
6 351
6 383
6 397
7 16
7 35
7 91
7 100
7 109
7 122
7 127
7 131
7 163
7 166
7 207
7 235
7 237
7 241
7 272
7 280
7 287
7 302
7 340
7 350
7 358
7 360
7 361
7 382
7 385
7 390
7 396
8 10
8 15
8 28
8 39
8 42
8 44
8 57
8 72
8 75
8 78
8 94
8 97
8 121
8 140
8 161
8 181
8 194
8 199
8 210
8 216
8 217
8 225
8 232
8 273
8 278
8 286
8 299
8 305
8 313
8 319
8 332
8 334
8 339
8 342
8 357
8 371
8 387
9 20
9 37
9 45
9 47
9 53
9 77
9 79
9 82
9 87
9 92
9 111
9 126
9 129
9 135
9 136
9 142
9 147
9 156
9 197
9 213
9 221
9 226
9 246
9 247
9 256
9 274
9 303
9 333
9 363
9 376
10 3
10 8
10 22
10 32
10 41
10 48
10 49
10 54
10 56
10 58
10 67
10 80
10 89
10 108
10 118
10 119
10 139
10 148
10 149
10 152
10 154
10 164
10 167
10 169
10 171
10 173
10 178
10 179
10 191
10 193
10 196
10 204
10 227
10 230
10 250
10 261
10 267
10 296
10 301
10 306
10 318
10 323
10 355
10 359
10 364
10 372
10 379
10 394
