0 4
0 30
0 33
0 36
0 63
0 68
0 70
0 81
0 86
0 88
0 103
0 116
0 157
0 165
0 168
0 174
0 175
0 200
0 203
0 219
0 223
0 233
0 243
0 260
0 271
0 277
0 279
0 285
0 289
0 291
0 298
0 315
0 329
0 335
0 341
0 343
0 346
0 354
0 356
0 365
0 366
0 393
0 398
1 112
1 141
1 160
1 220
1 234
1 262
1 265
1 281
1 317
1 344
1 368
1 383
1 388
1 397
2 3
2 22
2 32
2 41
2 48
2 49
2 54
2 56
2 80
2 108
2 118
2 119
2 164
2 167
2 169
2 171
2 173
2 179
2 204
2 227
2 230
2 250
2 261
2 267
2 296
2 301
2 306
2 323
2 355
2 359
2 364
2 372
2 394
3 0
3 11
3 19
3 34
3 35
3 69
3 85
3 101
3 107
3 109
3 138
3 145
3 155
3 159
3 182
3 183
3 185
3 189
3 192
3 195
3 201
3 208
3 215
3 224
3 228
3 242
3 257
3 259
3 282
3 295
3 309
3 314
3 336
3 337
3 338
3 349
3 361
3 362
3 373
3 374
3 378
3 386
4 1
4 8
4 40
4 71
4 74
4 84
4 95
4 96
4 104
4 123
4 133
4 148
4 154
4 184
4 190
4 205
4 229
4 308
4 318
4 330
4 345
4 351
4 389
5 13
5 20
5 21
5 26
5 43
5 47
5 58
5 82
5 87
5 92
5 111
5 126
5 129
5 144
5 152
5 158
5 170
5 178
5 194
5 197
5 211
5 218
5 221
5 226
5 238
5 239
5 244
5 246
5 251
5 255
5 256
5 274
5 303
5 312
5 326
5 333
5 347
5 352
5 363
5 376
6 9
6 38
6 46
6 61
6 64
6 65
6 73
6 76
6 90
6 98
6 102
6 105
6 110
6 114
6 125
6 186
6 236
6 245
6 248
6 311
6 316
6 320
6 324
6 327
6 328
6 353
6 369
6 392
6 395
7 7
7 14
7 16
7 59
7 91
7 100
7 127
7 163
7 166
7 207
7 235
7 237
7 241
7 272
7 280
7 302
7 358
7 360
7 385
7 396
8 10
8 15
8 28
8 39
8 42
8 44
8 57
8 72
8 75
8 78
8 121
8 140
8 181
8 199
8 216
8 225
8 278
8 299
8 305
8 313
8 319
8 332
8 342
8 357
8 371
8 382
8 387
9 17
9 24
9 62
9 122
9 131
9 137
9 143
9 188
9 231
9 249
9 263
9 266
9 275
9 287
9 297
9 321
9 340
9 350
9 380
9 390
10 23
10 27
10 50
10 60
10 83
10 89
10 97
10 132
10 146
10 198
10 206
10 209
10 210
10 214
10 232
10 240
10 264
10 270
10 273
10 284
10 292
10 300
10 348
10 384
11 2
11 6
11 18
11 52
11 55
11 66
11 67
11 94
11 99
11 106
11 113
11 115
11 120
11 124
11 130
11 134
11 150
11 151
11 153
11 161
11 162
11 176
11 177
11 180
11 191
11 212
11 217
11 222
11 252
11 254
11 258
11 268
11 269
11 276
11 283
11 286
11 288
11 290
11 293
11 294
11 304
11 307
11 310
11 322
11 325
11 334
11 339
11 370
11 377
11 381
11 391
12 12
12 31
12 93
12 139
12 149
12 193
12 196
12 202
12 379
13 5
13 25
13 29
13 37
13 45
13 51
13 53
13 77
13 79
13 117
13 128
13 135
13 136
13 142
13 147
13 156
13 172
13 187
13 213
13 247
13 253
13 331
13 367
13 375
13 399
