0 0
0 19
0 25
0 29
0 34
0 35
0 53
0 69
0 85
0 101
0 107
0 109
0 128
0 136
0 145
0 159
0 172
0 183
0 189
0 192
0 201
0 208
0 215
0 228
0 242
0 253
0 259
0 282
0 295
0 309
0 314
0 331
0 336
0 337
0 338
0 361
0 367
0 373
0 374
0 375
0 378
0 399
1 4
1 11
1 12
1 21
1 26
1 31
1 38
1 43
1 55
1 65
1 81
1 89
1 93
1 98
1 99
1 106
1 114
1 119
1 158
1 162
1 165
1 173
1 178
1 180
1 182
1 185
1 202
1 210
1 211
1 224
1 236
1 238
1 239
1 243
1 245
1 255
1 257
1 264
1 290
1 311
1 312
1 320
1 326
1 343
1 349
1 353
1 356
1 384
1 388
1 391
1 395
2 5
2 13
2 87
2 91
2 111
2 131
2 218
2 251
2 287
2 302
2 303
2 333
2 340
2 350
2 352
2 390
3 17
3 23
3 24
3 27
3 52
3 62
3 115
3 122
3 137
3 146
3 153
3 177
3 188
3 212
3 214
3 222
3 231
3 235
3 249
3 263
3 266
3 275
3 288
3 297
3 300
3 304
3 307
3 310
3 321
3 325
3 348
3 380
3 381
4 10
4 15
4 28
4 39
4 42
4 44
4 57
4 72
4 75
4 78
4 94
4 97
4 121
4 140
4 161
4 181
4 199
4 216
4 217
4 225
4 232
4 273
4 278
4 286
4 299
4 305
4 313
4 319
4 332
4 342
4 357
4 371
4 382
4 387
5 1
5 8
5 40
5 50
5 71
5 74
5 80
5 84
5 95
5 96
5 104
5 108
5 123
5 133
5 139
5 148
5 149
5 154
5 184
5 190
5 193
5 196
5 205
5 229
5 240
5 250
5 296
5 308
5 318
5 330
5 345
5 351
5 359
5 372
5 389
6 60
6 112
6 132
6 141
6 160
6 198
6 220
6 234
6 262
6 265
6 270
6 281
6 284
6 292
6 293
6 317
6 334
6 339
6 344
6 368
6 383
6 397
7 3
7 32
7 49
7 54
7 118
7 164
7 169
7 227
7 230
7 261
7 267
7 355
8 14
8 16
8 22
8 41
8 48
8 56
8 58
8 67
8 83
8 100
8 116
8 127
8 138
8 143
8 151
8 152
8 155
8 163
8 166
8 167
8 170
8 171
8 179
8 191
8 194
8 195
8 204
8 206
8 207
8 209
8 237
8 241
8 244
8 272
8 277
8 280
8 301
8 306
8 323
8 347
8 358
8 360
8 364
8 385
8 386
8 396
9 7
9 30
9 33
9 36
9 51
9 63
9 68
9 70
9 117
9 168
9 174
9 187
9 200
9 219
9 271
9 289
9 291
9 298
9 329
9 335
9 341
9 346
9 354
9 362
9 365
9 366
10 86
10 88
10 103
10 150
10 157
10 175
10 203
10 233
10 260
10 279
10 315
10 393
10 398
11 2
11 6
11 18
11 59
11 66
11 113
11 120
11 124
11 130
11 134
11 176
11 223
11 252
11 254
11 258
11 268
11 269
11 276
11 283
11 294
11 322
11 370
11 377
11 379
12 20
12 77
12 156
12 197
12 213
13 37
13 45
13 47
13 79
13 82
13 92
13 126
13 129
13 135
13 142
13 144
13 147
13 221
13 226
13 246
13 247
13 256
13 274
13 363
13 376
14 9
14 46
14 61
14 64
14 73
14 76
14 90
14 102
14 105
14 110
14 125
14 186
14 248
14 285
14 316
14 324
14 327
14 328
14 369
14 392
14 394
