0 1
0 40
0 74
0 84
0 95
0 123
0 133
0 184
0 190
0 205
0 229
0 262
0 330
0 345
0 351
1 17
1 24
1 27
1 62
1 107
1 115
1 122
1 131
1 137
1 143
1 177
1 183
1 188
1 201
1 214
1 222
1 231
1 249
1 263
1 266
1 275
1 287
1 297
1 304
1 310
1 314
1 321
1 338
1 340
1 348
1 350
1 380
1 381
1 390
2 16
2 19
2 25
2 35
2 51
2 53
2 69
2 77
2 91
2 100
2 109
2 117
2 127
2 136
2 145
2 156
2 159
2 163
2 166
2 172
2 207
2 208
2 213
2 215
2 235
2 237
2 241
2 242
2 259
2 272
2 279
2 282
2 302
2 331
2 337
2 354
2 358
2 360
2 361
2 375
2 385
2 396
2 399
3 0
3 11
3 12
3 26
3 31
3 58
3 85
3 93
3 152
3 170
3 178
3 185
3 189
3 202
3 206
3 209
3 210
3 232
3 240
3 349
3 378
3 379
3 384
3 386
4 48
4 86
4 165
4 171
4 233
4 315
4 316
4 341
4 343
4 353
5 3
5 4
5 15
5 28
5 42
5 57
5 72
5 75
5 81
5 116
5 121
5 140
5 199
5 204
5 216
5 225
5 227
5 277
5 278
5 299
5 301
5 319
5 323
5 332
5 342
5 356
5 387
6 2
6 6
6 18
6 59
6 113
6 120
6 124
6 134
6 150
6 153
6 176
6 252
6 258
6 268
6 269
6 276
6 283
6 294
6 322
6 370
6 377
6 393
7 38
7 64
7 65
7 98
7 110
7 114
7 125
7 186
7 245
7 248
7 320
7 324
7 328
7 369
7 392
8 21
8 55
8 106
8 130
8 162
8 180
8 236
8 239
8 254
8 311
8 388
8 391
8 395
9 5
9 9
9 46
9 61
9 63
9 73
9 76
9 88
9 90
9 102
9 105
9 285
9 291
9 327
9 352
9 394
10 7
10 13
10 34
10 41
10 43
10 50
10 66
10 68
10 99
10 101
10 103
10 138
10 149
10 151
10 154
10 155
10 157
10 174
10 175
10 182
10 191
10 192
10 195
10 203
10 211
10 218
10 223
10 224
10 228
10 238
10 243
10 251
10 253
10 255
10 257
10 260
10 290
10 309
10 312
10 326
10 336
10 347
10 367
10 373
10 389
10 398
11 8
11 22
11 32
11 49
11 52
11 54
11 56
11 67
11 80
11 89
11 108
11 118
11 119
11 139
11 148
11 158
11 164
11 167
11 169
11 173
11 179
11 193
11 196
11 230
11 250
11 267
11 296
11 306
11 307
11 318
11 355
11 359
11 364
11 372
12 10
12 39
12 44
12 78
12 83
12 94
12 97
12 161
12 181
12 194
12 217
12 261
12 273
12 280
12 284
12 286
12 295
12 305
12 313
12 334
12 339
12 357
12 371
12 382
13 14
13 20
13 47
13 82
13 87
13 92
13 111
13 126
13 129
13 144
13 197
13 221
13 226
13 244
13 246
13 256
13 274
13 303
13 333
13 363
13 376
14 30
14 33
14 36
14 70
14 168
14 187
14 200
14 219
14 271
14 289
14 298
14 329
14 335
14 346
14 362
14 365
14 366
14 374
15 23
15 60
15 71
15 96
15 104
15 112
15 132
15 141
15 146
15 160
15 198
15 212
15 220
15 234
15 264
15 265
15 270
15 281
15 288
15 292
15 293
15 300
15 308
15 317
15 325
15 344
15 368
15 383
15 397
16 29
16 37
16 45
16 79
16 128
16 135
16 142
16 147
16 247
