0 3
0 22
0 32
0 49
0 54
0 56
0 118
0 119
0 167
0 169
0 227
0 230
1 14
1 20
1 26
1 47
1 58
1 82
1 83
1 129
1 144
1 152
1 170
1 178
1 194
1 197
1 221
1 226
1 244
1 246
1 256
1 347
1 376
2 9
2 46
2 61
2 64
2 73
2 76
2 90
2 102
2 105
2 110
2 125
2 186
2 248
2 285
2 309
2 316
2 324
2 327
2 328
2 369
2 392
3 15
3 28
3 42
3 57
3 72
3 75
3 81
3 94
3 121
3 140
3 161
3 199
3 216
3 225
3 261
3 278
3 319
3 332
3 334
3 342
3 387
4 5
4 13
4 67
4 87
4 92
4 151
4 179
4 191
4 217
4 218
4 251
4 253
4 255
4 274
4 286
4 288
4 303
4 306
4 325
4 333
4 339
4 352
4 363
4 364
4 367
5 7
5 30
5 33
5 36
5 51
5 68
5 69
5 70
5 117
5 136
5 159
5 168
5 174
5 187
5 192
5 200
5 208
5 219
5 228
5 271
5 289
5 291
5 298
5 331
5 335
5 336
5 346
5 354
5 362
5 365
5 366
5 374
5 375
6 0
6 19
6 25
6 35
6 53
6 85
6 107
6 109
6 145
6 172
6 183
6 189
6 201
6 215
6 235
6 242
6 259
6 282
6 314
6 337
6 338
6 361
6 378
6 380
6 381
6 399
7 34
7 41
7 48
7 86
7 101
7 138
7 165
7 171
7 173
7 204
7 257
7 301
7 323
7 341
7 343
7 353
7 394
8 29
8 37
8 45
8 79
8 126
8 128
8 135
8 142
8 147
8 247
9 8
9 12
9 31
9 52
9 80
9 93
9 108
9 139
9 148
9 149
9 154
9 164
9 193
9 196
9 202
9 250
9 267
9 296
9 307
9 318
9 359
9 372
9 379
10 21
10 55
10 106
10 162
10 180
10 236
10 239
10 254
10 311
10 388
10 391
10 395
11 4
11 11
11 38
11 40
11 44
11 50
11 65
11 84
11 89
11 98
11 99
11 114
11 116
11 132
11 133
11 155
11 181
11 184
11 185
11 195
11 206
11 209
11 210
11 214
11 232
11 240
11 245
11 264
11 270
11 273
11 277
11 284
11 290
11 295
11 300
11 312
11 320
11 330
11 348
11 349
11 351
11 356
11 384
11 386
12 17
12 24
12 62
12 77
12 91
12 111
12 122
12 131
12 137
12 143
12 188
12 213
12 231
12 249
12 263
12 275
12 287
12 297
12 302
12 321
12 340
12 350
12 390
13 23
13 27
13 60
13 74
13 112
13 141
13 146
13 160
13 190
13 198
13 212
13 220
13 229
13 234
13 262
13 265
13 281
13 292
13 293
13 317
13 344
13 368
13 383
13 397
14 43
14 63
14 66
14 88
14 103
14 130
14 150
14 156
14 157
14 175
14 182
14 203
14 211
14 223
14 224
14 233
14 238
14 243
14 260
14 279
14 315
14 326
14 329
14 373
14 393
14 398
15 10
15 39
15 78
15 97
15 299
15 305
15 313
15 357
15 371
15 382
16 1
16 71
16 95
16 96
16 104
16 123
16 158
16 205
16 308
16 345
16 389
17 2
17 6
17 18
17 59
17 113
17 115
17 120
17 124
17 134
17 153
17 176
17 177
17 222
17 252
17 258
17 266
17 268
17 269
17 276
17 283
17 294
17 304
17 310
17 322
17 370
17 377
18 16
18 100
18 127
18 163
18 166
18 207
18 237
18 241
18 272
18 280
18 355
18 358
18 360
18 385
18 396
