0 16
0 19
0 20
0 25
0 35
0 53
0 77
0 91
0 100
0 107
0 109
0 111
0 122
0 127
0 131
0 145
0 156
0 163
0 166
0 172
0 183
0 201
0 207
0 213
0 215
0 235
0 237
0 241
0 242
0 259
0 272
0 279
0 280
0 287
0 302
0 303
0 314
0 337
0 338
0 340
0 350
0 355
0 358
0 360
0 361
0 380
0 382
0 385
0 390
0 396
1 0
1 1
1 4
1 5
1 7
1 9
1 11
1 12
1 13
1 21
1 26
1 29
1 30
1 31
1 33
1 34
1 36
1 37
1 38
1 39
1 40
1 41
1 43
1 44
1 45
1 46
1 47
1 48
1 50
1 51
1 61
1 63
1 64
1 65
1 66
1 68
1 69
1 70
1 73
1 74
1 76
1 78
1 79
1 81
1 82
1 84
1 85
1 86
1 87
1 88
1 90
1 92
1 95
1 98
1 99
1 101
1 102
1 103
1 105
1 110
1 112
1 114
1 116
1 117
1 123
1 125
1 126
1 128
1 129
1 132
1 133
1 135
1 136
1 138
1 141
1 142
1 144
1 147
1 151
1 152
1 155
1 157
1 159
1 160
1 165
1 168
1 171
1 173
1 174
1 175
1 181
1 182
1 184
1 185
1 186
1 187
1 189
1 190
1 192
1 195
1 197
1 200
1 202
1 203
1 205
1 206
1 208
1 209
1 210
1 211
1 218
1 219
1 220
1 221
1 223
1 224
1 226
1 228
1 229
1 232
1 238
1 239
1 240
1 243
1 244
1 245
1 246
1 247
1 248
1 251
1 253
1 255
1 256
1 257
1 260
1 264
1 270
1 271
1 274
1 277
1 281
1 282
1 284
1 285
1 289
1 290
1 291
1 295
1 298
1 299
1 301
1 305
1 308
1 309
1 311
1 312
1 315
1 316
1 317
1 319
1 320
1 324
1 326
1 327
1 328
1 329
1 330
1 331
1 333
1 335
1 336
1 341
1 343
1 344
1 345
1 346
1 347
1 349
1 351
1 352
1 353
1 354
1 356
1 362
1 363
1 365
1 366
1 367
1 369
1 371
1 373
1 374
1 375
1 376
1 378
1 384
1 386
1 387
1 388
1 389
1 392
1 394
1 395
1 397
1 398
1 399
2 2
2 6
2 14
2 17
2 18
2 23
2 24
2 27
2 52
2 55
2 58
2 59
2 62
2 83
2 113
2 115
2 120
2 124
2 130
2 134
2 137
2 143
2 146
2 150
2 153
2 162
2 170
2 176
2 177
2 180
2 188
2 198
2 214
2 222
2 231
2 233
2 236
2 249
2 252
2 254
2 258
2 262
2 263
2 265
2 266
2 268
2 269
2 273
2 275
2 276
2 283
2 292
2 294
2 297
2 300
2 304
2 307
2 310
2 321
2 322
2 325
2 348
2 368
2 370
2 377
2 381
2 383
2 393
3 3
3 8
3 10
3 15
3 22
3 28
3 32
3 42
3 49
3 54
3 56
3 57
3 60
3 67
3 71
3 72
3 75
3 80
3 89
3 93
3 94
3 96
3 97
3 104
3 106
3 108
3 118
3 119
3 121
3 139
3 140
3 148
3 149
3 154
3 158
3 161
3 164
3 167
3 169
3 178
3 179
3 191
3 193
3 194
3 196
3 199
3 204
3 212
3 216
3 217
3 225
3 227
3 230
3 234
3 250
3 261
3 267
3 278
3 286
3 288
3 293
3 296
3 306
3 313
3 318
3 323
3 332
3 334
3 339
3 342
3 357
3 359
3 364
3 372
3 379
3 391
