0 1
0 40
0 71
0 74
0 84
0 95
0 96
0 104
0 112
0 123
0 133
0 141
0 160
0 184
0 190
0 205
0 220
0 229
0 240
0 262
0 284
0 308
0 317
0 330
0 344
0 345
0 351
0 383
0 389
0 397
1 14
1 17
1 23
1 24
1 27
1 52
1 56
1 60
1 62
1 115
1 122
1 132
1 137
1 143
1 146
1 153
1 188
1 198
1 212
1 214
1 217
1 231
1 234
1 249
1 263
1 266
1 268
1 270
1 273
1 275
1 281
1 288
1 292
1 293
1 297
1 300
1 310
1 321
1 325
1 340
1 348
1 368
1 381
2 2
2 6
2 7
2 10
2 18
2 19
2 51
2 55
2 59
2 66
2 68
2 70
2 77
2 91
2 113
2 120
2 124
2 130
2 134
2 140
2 150
2 156
2 175
2 176
2 177
2 180
2 213
2 222
2 223
2 233
2 236
2 241
2 252
2 254
2 258
2 260
2 265
2 269
2 271
2 276
2 279
2 283
2 294
2 302
2 304
2 307
2 313
2 322
2 334
2 339
2 354
2 357
2 370
2 377
2 393
3 8
3 9
3 12
3 31
3 38
3 46
3 48
3 61
3 63
3 64
3 73
3 76
3 80
3 86
3 88
3 90
3 93
3 102
3 105
3 106
3 108
3 110
3 119
3 125
3 139
3 148
3 149
3 162
3 164
3 173
3 186
3 193
3 196
3 202
3 203
3 219
3 248
3 250
3 267
3 285
3 291
3 296
3 309
3 311
3 315
3 316
3 318
3 320
3 324
3 327
3 328
3 329
3 341
3 353
3 359
3 369
3 372
3 379
3 391
3 392
3 394
4 3
4 4
4 5
4 11
4 13
4 15
4 20
4 21
4 22
4 26
4 28
4 29
4 30
4 32
4 33
4 34
4 37
4 39
4 41
4 42
4 43
4 44
4 45
4 47
4 49
4 50
4 54
4 57
4 58
4 65
4 67
4 69
4 72
4 75
4 78
4 79
4 81
4 82
4 83
4 87
4 89
4 92
4 94
4 97
4 98
4 99
4 101
4 111
4 114
4 116
4 117
4 118
4 121
4 126
4 128
4 129
4 135
4 136
4 138
4 142
4 144
4 147
4 151
4 152
4 154
4 155
4 157
4 158
4 159
4 161
4 165
4 167
4 168
4 169
4 170
4 171
4 174
4 178
4 179
4 181
4 182
4 185
4 187
4 191
4 192
4 194
4 195
4 197
4 199
4 200
4 204
4 206
4 208
4 209
4 210
4 211
4 216
4 218
4 221
4 224
4 225
4 226
4 227
4 228
4 230
4 232
4 238
4 239
4 243
4 244
4 245
4 246
4 247
4 251
4 253
4 255
4 256
4 261
4 264
4 274
4 277
4 278
4 280
4 286
4 289
4 290
4 295
4 298
4 299
4 301
4 303
4 305
4 306
4 312
4 319
4 323
4 326
4 331
4 332
4 333
4 335
4 336
4 342
4 343
4 347
4 349
4 352
4 355
4 356
4 362
4 363
4 364
4 365
4 366
4 371
4 373
4 374
4 375
4 376
4 384
4 386
4 387
4 388
4 395
4 398
5 0
5 16
5 25
5 35
5 36
5 53
5 85
5 100
5 103
5 107
5 109
5 127
5 131
5 145
5 163
5 166
5 172
5 183
5 189
5 201
5 207
5 215
5 235
5 237
5 242
5 257
5 259
5 272
5 282
5 287
5 314
5 337
5 338
5 346
5 350
5 358
5 360
5 361
5 367
5 378
5 380
5 382
5 385
5 390
5 396
5 399
