0 1
0 40
0 74
0 84
0 95
0 123
0 133
0 141
0 160
0 184
0 190
0 205
0 220
0 229
0 262
0 284
0 317
0 330
0 345
0 351
0 383
0 397
1 2
1 6
1 17
1 18
1 23
1 24
1 27
1 52
1 59
1 62
1 113
1 115
1 120
1 122
1 124
1 134
1 137
1 143
1 146
1 153
1 176
1 177
1 188
1 222
1 231
1 235
1 249
1 252
1 258
1 263
1 265
1 266
1 268
1 269
1 275
1 276
1 283
1 294
1 297
1 304
1 307
1 310
1 321
1 322
1 348
1 370
1 377
1 380
1 381
2 13
2 14
2 16
2 20
2 26
2 35
2 47
2 58
2 82
2 83
2 87
2 91
2 92
2 100
2 111
2 126
2 127
2 129
2 131
2 144
2 152
2 163
2 166
2 170
2 194
2 197
2 207
2 218
2 221
2 226
2 237
2 241
2 244
2 246
2 251
2 256
2 272
2 274
2 280
2 287
2 302
2 303
2 333
2 340
2 347
2 350
2 352
2 355
2 358
2 360
2 363
2 376
2 385
2 390
2 396
3 22
3 32
3 34
3 41
3 48
3 49
3 54
3 56
3 86
3 101
3 118
3 119
3 138
3 165
3 167
3 169
3 171
3 173
3 179
3 204
3 227
3 230
3 257
3 301
3 311
3 323
3 341
3 343
3 353
3 364
3 394
4 0
4 7
4 21
4 30
4 33
4 36
4 43
4 55
4 63
4 66
4 68
4 70
4 85
4 88
4 98
4 99
4 103
4 106
4 130
4 150
4 157
4 162
4 168
4 174
4 175
4 180
4 182
4 185
4 189
4 200
4 203
4 211
4 219
4 223
4 224
4 233
4 236
4 238
4 239
4 243
4 245
4 254
4 255
4 260
4 271
4 279
4 285
4 289
4 290
4 291
4 298
4 312
4 315
4 326
4 329
4 335
4 346
4 349
4 354
4 362
4 365
4 366
4 373
4 386
4 388
4 391
4 393
4 395
4 398
5 5
5 19
5 25
5 29
5 37
5 45
5 51
5 53
5 69
5 77
5 79
5 107
5 109
5 117
5 128
5 135
5 136
5 142
5 147
5 156
5 159
5 172
5 183
5 187
5 201
5 208
5 213
5 215
5 228
5 242
5 247
5 253
5 259
5 282
5 295
5 314
5 331
5 336
5 337
5 338
5 361
5 367
5 374
5 375
5 378
5 399
6 8
6 9
6 12
6 31
6 38
6 39
6 46
6 61
6 64
6 65
6 67
6 71
6 73
6 76
6 80
6 90
6 93
6 96
6 97
6 102
6 104
6 105
6 108
6 110
6 114
6 125
6 139
6 148
6 149
6 158
6 164
6 178
6 181
6 186
6 193
6 196
6 202
6 210
6 232
6 240
6 248
6 250
6 264
6 267
6 296
6 299
6 305
6 308
6 309
6 316
6 318
6 320
6 324
6 327
6 328
6 359
6 369
6 371
6 372
6 379
6 382
6 389
6 392
7 3
7 4
7 10
7 11
7 15
7 28
7 42
7 44
7 50
7 57
7 60
7 72
7 75
7 78
7 81
7 89
7 94
7 112
7 116
7 121
7 132
7 140
7 145
7 151
7 154
7 155
7 161
7 191
7 192
7 195
7 198
7 199
7 206
7 209
7 212
7 214
7 216
7 217
7 225
7 234
7 261
7 270
7 273
7 277
7 278
7 281
7 286
7 288
7 292
7 293
7 300
7 306
7 313
7 319
7 325
7 332
7 334
7 339
7 342
7 344
7 356
7 357
7 368
7 384
7 387
