0 1
0 40
0 74
0 84
0 95
0 112
0 123
0 133
0 141
0 160
0 184
0 190
0 205
0 220
0 229
0 262
0 284
0 317
0 330
0 344
0 345
0 351
0 383
0 397
1 2
1 6
1 14
1 17
1 18
1 19
1 23
1 24
1 27
1 58
1 59
1 62
1 66
1 113
1 115
1 120
1 124
1 134
1 137
1 143
1 146
1 150
1 153
1 170
1 176
1 177
1 188
1 198
1 201
1 214
1 222
1 231
1 249
1 252
1 254
1 258
1 263
1 265
1 266
1 268
1 269
1 275
1 276
1 283
1 294
1 297
1 300
1 304
1 310
1 321
1 322
1 325
1 348
1 368
1 370
1 377
1 381
1 393
2 12
2 31
2 32
2 49
2 54
2 89
2 93
2 94
2 118
2 139
2 148
2 161
2 164
2 169
2 178
2 179
2 193
2 194
2 196
2 202
2 225
2 230
2 250
2 261
2 267
2 334
2 355
2 359
2 379
3 16
3 35
3 77
3 91
3 100
3 107
3 109
3 111
3 122
3 127
3 131
3 156
3 163
3 166
3 183
3 207
3 213
3 235
3 237
3 241
3 242
3 259
3 272
3 279
3 280
3 287
3 302
3 303
3 314
3 338
3 340
3 350
3 358
3 360
3 361
3 380
3 382
3 385
3 390
3 396
4 0
4 7
4 30
4 33
4 36
4 51
4 68
4 69
4 70
4 117
4 136
4 159
4 168
4 187
4 192
4 200
4 208
4 219
4 223
4 271
4 282
4 289
4 298
4 329
4 331
4 335
4 336
4 346
4 354
4 362
4 365
4 366
4 374
4 375
5 9
5 46
5 61
5 63
5 64
5 73
5 76
5 86
5 88
5 90
5 102
5 105
5 110
5 119
5 125
5 186
5 203
5 233
5 248
5 260
5 285
5 291
5 315
5 316
5 324
5 327
5 328
5 341
5 353
5 369
5 392
5 394
6 3
6 4
6 5
6 10
6 15
6 25
6 28
6 29
6 34
6 39
6 41
6 42
6 44
6 48
6 50
6 53
6 57
6 60
6 72
6 75
6 78
6 81
6 97
6 101
6 108
6 116
6 121
6 128
6 132
6 138
6 140
6 145
6 151
6 154
6 155
6 165
6 171
6 172
6 173
6 181
6 191
6 195
6 199
6 204
6 206
6 209
6 210
6 215
6 216
6 218
6 227
6 228
6 232
6 234
6 240
6 253
6 257
6 270
6 273
6 277
6 278
6 281
6 292
6 295
6 299
6 301
6 305
6 306
6 308
6 309
6 313
6 319
6 323
6 332
6 337
6 342
6 343
6 356
6 357
6 371
6 373
6 384
6 386
6 387
6 399
7 8
7 22
7 52
7 55
7 56
7 67
7 71
7 80
7 96
7 104
7 106
7 149
7 158
7 167
7 180
7 212
7 217
7 236
7 264
7 286
7 288
7 293
7 296
7 307
7 311
7 318
7 339
7 364
7 372
7 389
7 391
7 395
8 11
8 13
8 20
8 21
8 26
8 37
8 38
8 43
8 45
8 47
8 65
8 79
8 82
8 83
8 85
8 87
8 92
8 98
8 99
8 103
8 114
8 126
8 129
8 130
8 135
8 142
8 144
8 147
8 152
8 157
8 162
8 174
8 175
8 182
8 185
8 189
8 197
8 211
8 221
8 224
8 226
8 238
8 239
8 243
8 244
8 245
8 246
8 247
8 251
8 255
8 256
8 274
8 290
8 312
8 320
8 326
8 333
8 347
8 349
8 352
8 363
8 367
8 376
8 378
8 388
8 398
