0 3
0 14
0 23
0 55
0 56
0 64
0 81
0 126
0 153
0 160
0 161
0 162
0 180
0 183
1 7
1 40
1 49
1 52
1 60
1 62
1 63
1 65
1 83
1 89
1 94
1 104
1 118
1 134
1 145
1 152
1 158
1 172
1 176
1 177
1 184
1 188
2 1
2 5
2 32
2 38
2 41
2 42
2 43
2 48
2 53
2 59
2 87
2 99
2 103
2 122
2 136
2 139
2 156
2 199
3 2
3 10
3 19
3 20
3 24
3 30
3 37
3 58
3 61
3 75
3 80
3 84
3 85
3 100
3 101
3 114
3 141
3 155
3 157
3 165
3 178
3 181
3 182
4 11
4 33
4 71
4 73
4 76
4 77
4 105
4 143
4 175
4 189
4 190
4 196
5 0
5 8
5 15
5 27
5 39
5 51
5 67
5 72
5 92
5 95
5 106
5 109
5 110
5 115
5 116
5 123
5 124
5 132
5 148
5 150
5 168
5 170
5 185
5 193
6 13
6 17
6 18
6 28
6 29
6 34
6 46
6 50
6 66
6 69
6 107
6 112
6 113
6 120
6 129
6 131
6 137
6 138
6 171
6 173
6 191
6 194
6 197
6 198
7 16
7 21
7 22
7 25
7 36
7 47
7 57
7 70
7 74
7 86
7 88
7 90
7 91
7 96
7 102
7 119
7 127
7 128
7 135
7 144
7 146
7 147
7 151
7 159
7 169
8 4
8 6
8 9
8 12
8 26
8 54
8 78
8 79
8 98
8 108
8 117
8 125
8 130
8 140
8 142
8 164
8 166
8 174
8 192
8 195
9 31
9 35
9 44
9 45
9 68
9 82
9 93
9 97
9 111
9 121
9 133
9 149
9 154
9 163
9 167
9 179
9 186
9 187
