0 16
0 21
0 22
0 36
0 47
0 70
0 74
0 86
0 90
0 91
0 96
0 102
0 119
0 127
0 128
0 144
0 146
0 147
0 169
1 18
1 51
1 55
1 67
1 116
1 124
1 126
1 135
1 139
1 150
1 151
1 159
1 170
2 1
2 35
2 38
2 41
2 43
2 44
2 45
2 48
2 53
2 59
2 68
2 82
2 99
2 103
2 111
2 136
2 149
2 156
2 167
3 0
3 8
3 15
3 39
3 72
3 75
3 80
3 95
3 110
3 115
3 123
3 179
3 185
3 193
3 196
4 14
4 25
4 27
4 34
4 40
4 57
4 62
4 65
4 84
4 88
4 94
4 132
4 134
4 153
4 160
4 161
4 162
4 183
4 187
4 198
5 31
5 63
5 87
5 93
5 97
5 121
5 133
5 152
5 154
5 158
5 163
5 186
6 11
6 19
6 33
6 71
6 73
6 76
6 77
6 89
6 105
6 114
6 143
6 175
6 189
6 190
7 4
7 6
7 9
7 12
7 26
7 49
7 54
7 78
7 79
7 98
7 101
7 108
7 117
7 125
7 130
7 140
7 142
7 164
7 166
7 174
7 176
7 177
7 192
7 195
8 3
8 5
8 23
8 32
8 42
8 56
8 81
8 83
8 92
8 106
8 122
8 148
8 168
8 180
8 199
9 7
9 50
9 52
9 60
9 66
9 69
9 104
9 118
9 120
9 131
9 137
9 145
9 171
9 172
9 173
9 184
9 188
9 191
9 197
10 13
10 17
10 28
10 29
10 46
10 64
10 107
10 112
10 113
10 129
10 138
10 194
11 2
11 10
11 20
11 24
11 30
11 37
11 58
11 61
11 85
11 100
11 109
11 141
11 155
11 157
11 165
11 178
11 181
11 182
