0 0
0 15
0 20
0 37
0 51
0 67
0 75
0 80
0 95
0 116
0 124
0 139
0 150
0 157
0 170
0 178
0 181
0 182
1 10
1 18
1 34
1 55
1 58
1 64
1 113
1 126
1 129
1 153
1 155
1 160
1 161
1 162
1 183
1 194
1 198
2 8
2 11
2 19
2 33
2 71
2 72
2 73
2 76
2 77
2 105
2 110
2 115
2 143
2 175
2 179
2 189
2 190
2 193
2 196
3 7
3 60
3 62
3 66
3 104
3 118
3 172
3 184
3 188
3 199
4 2
4 24
4 27
4 30
4 61
4 84
4 85
4 100
4 132
4 141
4 165
5 16
5 22
5 25
5 57
5 70
5 74
5 88
5 94
5 119
5 127
5 146
5 169
5 173
6 6
6 26
6 49
6 65
6 89
6 101
6 108
6 114
6 125
6 145
6 166
6 174
6 176
6 177
6 195
7 1
7 32
7 36
7 38
7 41
7 43
7 44
7 45
7 48
7 53
7 59
7 68
7 82
7 96
7 99
7 103
7 111
7 136
7 149
7 156
7 167
8 3
8 5
8 14
8 23
8 42
8 56
8 81
8 83
8 92
8 106
8 122
8 148
8 168
8 180
9 4
9 9
9 12
9 52
9 54
9 78
9 79
9 98
9 117
9 130
9 140
9 142
9 164
9 192
10 31
10 35
10 40
10 63
10 87
10 93
10 97
10 121
10 133
10 134
10 152
10 154
10 158
10 163
10 186
10 187
11 13
11 17
11 28
11 29
11 46
11 50
11 69
11 107
11 112
11 120
11 131
11 137
11 138
11 171
11 191
11 197
12 21
12 39
12 47
12 86
12 90
12 91
12 102
12 109
12 123
12 128
12 135
12 144
12 147
12 151
12 159
12 185
