0 0
0 2
0 8
0 11
0 13
0 15
0 19
0 20
0 24
0 28
0 29
0 30
0 33
0 37
0 39
0 58
0 61
0 64
0 71
0 72
0 73
0 75
0 76
0 77
0 80
0 85
0 89
0 95
0 101
0 105
0 107
0 110
0 112
0 113
0 114
0 115
0 123
0 131
0 138
0 143
0 155
0 161
0 174
0 175
0 178
0 179
0 181
0 185
0 189
0 190
0 193
0 194
0 196
0 197
1 1
1 3
1 4
1 5
1 6
1 7
1 9
1 10
1 12
1 14
1 16
1 17
1 18
1 21
1 22
1 23
1 25
1 26
1 27
1 31
1 32
1 34
1 35
1 36
1 38
1 40
1 41
1 42
1 43
1 44
1 45
1 46
1 47
1 48
1 49
1 50
1 51
1 52
1 53
1 54
1 55
1 56
1 57
1 59
1 60
1 62
1 63
1 65
1 66
1 67
1 68
1 69
1 70
1 74
1 78
1 79
1 81
1 82
1 83
1 84
1 86
1 87
1 88
1 90
1 91
1 92
1 93
1 94
1 96
1 97
1 98
1 99
1 100
1 102
1 103
1 104
1 106
1 108
1 109
1 111
1 116
1 117
1 118
1 119
1 120
1 121
1 122
1 124
1 125
1 126
1 127
1 128
1 129
1 130
1 132
1 133
1 134
1 135
1 136
1 137
1 139
1 140
1 141
1 142
1 144
1 145
1 146
1 147
1 148
1 149
1 150
1 151
1 152
1 153
1 154
1 156
1 157
1 158
1 159
1 160
1 162
1 163
1 164
1 165
1 166
1 167
1 168
1 169
1 170
1 171
1 172
1 173
1 176
1 177
1 180
1 182
1 183
1 184
1 186
1 187
1 188
1 191
1 192
1 195
1 198
1 199
