0 2
0 10
0 13
0 17
0 18
0 21
0 23
0 26
0 28
0 29
0 30
0 34
0 46
0 47
0 50
0 55
0 58
0 64
0 66
0 69
0 85
0 91
0 102
0 107
0 109
0 112
0 113
0 120
0 126
0 127
0 128
0 129
0 131
0 137
0 138
0 144
0 147
0 153
0 155
0 160
0 161
0 162
0 171
0 183
0 187
0 191
0 194
0 197
0 198
1 0
1 4
1 6
1 8
1 11
1 12
1 15
1 19
1 20
1 24
1 33
1 37
1 39
1 49
1 54
1 61
1 71
1 72
1 73
1 75
1 76
1 77
1 78
1 79
1 80
1 89
1 95
1 100
1 101
1 105
1 108
1 110
1 114
1 115
1 117
1 123
1 130
1 140
1 141
1 142
1 143
1 157
1 164
1 165
1 166
1 170
1 174
1 175
1 176
1 178
1 179
1 181
1 182
1 185
1 189
1 190
1 192
1 193
1 195
1 196
2 7
2 9
2 14
2 16
2 22
2 25
2 27
2 40
2 52
2 57
2 60
2 62
2 63
2 65
2 70
2 74
2 84
2 88
2 92
2 94
2 98
2 104
2 118
2 119
2 125
2 132
2 134
2 145
2 146
2 152
2 158
2 168
2 169
2 172
2 173
2 177
2 184
2 188
3 1
3 3
3 5
3 31
3 32
3 35
3 36
3 38
3 41
3 42
3 43
3 44
3 45
3 48
3 51
3 53
3 56
3 59
3 67
3 68
3 81
3 82
3 83
3 86
3 87
3 90
3 93
3 96
3 97
3 99
3 103
3 106
3 111
3 116
3 121
3 122
3 124
3 133
3 135
3 136
3 139
3 148
3 149
3 150
3 151
3 154
3 156
3 159
3 163
3 167
3 180
3 186
3 199
