0 15
0 21
0 39
0 47
0 90
0 91
0 95
0 109
0 110
0 115
0 123
0 124
0 144
0 185
1 2
1 10
1 13
1 17
1 18
1 28
1 29
1 30
1 34
1 46
1 50
1 55
1 58
1 64
1 66
1 69
1 85
1 107
1 112
1 113
1 120
1 126
1 129
1 131
1 137
1 138
1 153
1 155
1 160
1 161
1 162
1 171
1 173
1 183
1 187
1 191
1 194
1 197
1 198
2 4
2 6
2 9
2 12
2 16
2 26
2 49
2 52
2 54
2 57
2 63
2 65
2 78
2 79
2 94
2 98
2 100
2 108
2 117
2 125
2 130
2 140
2 141
2 142
2 145
2 157
2 164
2 165
2 166
2 174
2 176
2 177
2 182
2 188
2 192
2 195
3 1
3 31
3 32
3 35
3 38
3 42
3 43
3 44
3 45
3 48
3 51
3 53
3 59
3 68
3 75
3 80
3 82
3 87
3 93
3 97
3 99
3 103
3 111
3 121
3 133
3 136
3 139
3 149
3 154
3 156
3 163
3 167
3 179
3 186
4 0
4 11
4 19
4 20
4 33
4 37
4 61
4 71
4 72
4 73
4 76
4 77
4 89
4 101
4 105
4 114
4 143
4 175
4 178
4 181
4 189
4 190
4 193
4 196
5 22
5 25
5 36
5 41
5 67
5 70
5 74
5 86
5 96
5 102
5 116
5 119
5 127
5 128
5 135
5 146
5 147
5 150
5 151
5 159
5 169
5 170
6 3
6 5
6 7
6 8
6 14
6 23
6 24
6 27
6 40
6 56
6 60
6 62
6 81
6 83
6 84
6 88
6 92
6 104
6 106
6 118
6 122
6 132
6 134
6 148
6 152
6 158
6 168
6 172
6 180
6 184
6 199
