0 4
0 6
0 9
0 12
0 16
0 26
0 54
0 78
0 79
0 98
0 108
0 117
0 125
0 130
0 140
0 142
0 164
0 166
0 170
0 174
0 192
0 195
1 0
1 2
1 15
1 19
1 20
1 24
1 30
1 37
1 58
1 61
1 75
1 80
1 84
1 85
1 95
1 100
1 101
1 109
1 114
1 141
1 155
1 157
1 165
1 178
1 181
1 182
2 3
2 5
2 23
2 27
2 32
2 38
2 42
2 43
2 47
2 48
2 56
2 81
2 83
2 90
2 92
2 99
2 103
2 106
2 116
2 122
2 124
2 144
2 148
2 150
2 156
2 159
2 168
2 180
2 199
3 10
3 14
3 25
3 34
3 55
3 57
3 64
3 69
3 88
3 91
3 107
3 120
3 129
3 132
3 137
3 146
3 149
3 153
3 160
3 161
3 162
3 169
3 171
3 173
3 183
3 191
3 194
3 198
4 13
4 17
4 18
4 21
4 22
4 28
4 29
4 36
4 41
4 46
4 50
4 66
4 67
4 70
4 74
4 86
4 96
4 102
4 112
4 113
4 119
4 126
4 127
4 128
4 131
4 135
4 138
4 147
4 151
4 197
5 1
5 31
5 35
5 44
5 45
5 53
5 59
5 68
5 82
5 87
5 93
5 97
5 111
5 121
5 133
5 136
5 154
5 163
5 167
5 186
5 187
6 8
6 11
6 33
6 39
6 51
6 71
6 72
6 73
6 76
6 77
6 105
6 110
6 115
6 123
6 139
6 143
6 175
6 179
6 185
6 189
6 190
6 193
6 196
7 7
7 40
7 49
7 52
7 60
7 62
7 63
7 65
7 89
7 94
7 104
7 118
7 134
7 145
7 152
7 158
7 172
7 176
7 177
7 184
7 188
