0 28
0 31
0 36
0 47
0 50
0 60
0 71
0 74
0 79
0 80
0 87
0 100
0 111
0 112
0 116
0 121
0 123
0 124
0 131
0 158
0 162
0 167
0 187
0 206
0 212
0 234
0 239
0 254
0 256
0 261
0 283
0 288
0 289
0 303
0 317
0 328
0 334
0 344
0 362
0 375
0 378
0 379
0 381
0 397
1 0
1 12
1 14
1 17
1 19
1 30
1 38
1 40
1 99
1 103
1 110
1 114
1 130
1 132
1 139
1 146
1 165
1 193
1 198
1 209
1 217
1 220
1 222
1 229
1 230
1 244
1 264
1 307
1 324
1 329
1 345
1 347
1 351
1 359
1 392
1 394
2 9
2 13
2 32
2 45
2 51
2 56
2 65
2 81
2 89
2 104
2 143
2 161
2 185
2 189
2 192
2 207
2 274
2 297
2 308
2 349
2 360
2 367
2 384
3 10
3 34
3 39
3 52
3 69
3 72
3 93
3 95
3 127
3 134
3 144
3 156
3 159
3 164
3 177
3 190
3 205
3 215
3 237
3 238
3 250
3 253
3 257
3 260
3 281
3 284
3 291
3 294
3 299
3 306
3 311
3 320
3 325
3 330
3 343
3 353
3 365
3 388
3 389
3 395
4 4
4 11
4 24
4 25
4 33
4 43
4 98
4 106
4 115
4 117
4 118
4 129
4 133
4 141
4 145
4 149
4 195
4 201
4 216
4 221
4 224
4 225
4 227
4 232
4 236
4 242
4 249
4 263
4 266
4 296
4 309
4 312
4 314
4 321
4 323
4 333
4 350
4 356
4 368
4 372
4 382
4 383
4 387
4 390
5 3
5 26
5 42
5 48
5 86
5 88
5 109
5 148
5 166
5 175
5 178
5 184
5 186
5 204
5 214
5 258
5 262
5 273
5 290
5 305
5 319
5 336
5 341
5 357
5 398
6 5
6 6
6 7
6 8
6 18
6 23
6 27
6 37
6 44
6 53
6 55
6 57
6 62
6 66
6 67
6 68
6 70
6 73
6 75
6 76
6 83
6 90
6 94
6 97
6 101
6 105
6 107
6 108
6 113
6 119
6 122
6 125
6 135
6 137
6 138
6 140
6 151
6 153
6 154
6 155
6 157
6 160
6 168
6 170
6 172
6 173
6 174
6 176
6 179
6 182
6 183
6 194
6 196
6 199
6 200
6 203
6 208
6 211
6 218
6 226
6 231
6 240
6 245
6 246
6 251
6 259
6 269
6 272
6 282
6 286
6 293
6 295
6 298
6 310
6 318
6 331
6 332
6 335
6 337
6 338
6 339
6 340
6 348
6 352
6 358
6 361
6 364
6 366
6 370
6 374
6 377
6 380
6 385
6 396
6 399
7 1
7 2
7 20
7 21
7 35
7 41
7 46
7 54
7 58
7 61
7 63
7 64
7 82
7 85
7 102
7 120
7 128
7 136
7 150
7 171
7 180
7 181
7 188
7 202
7 213
7 219
7 223
7 228
7 241
7 243
7 247
7 255
7 265
7 268
7 270
7 271
7 275
7 278
7 279
7 300
7 304
7 313
7 315
7 316
7 326
7 327
7 342
7 354
7 363
7 369
7 386
8 16
8 22
8 29
8 49
8 59
8 78
8 84
8 92
8 96
8 126
8 163
8 191
8 197
8 210
8 252
8 277
8 280
8 322
8 355
8 376
8 393
9 15
9 77
9 91
9 142
9 147
9 152
9 169
9 233
9 235
9 248
9 267
9 276
9 285
9 287
9 292
9 301
9 302
9 346
9 371
9 373
9 391
