0 5
0 6
0 27
0 34
0 36
0 44
0 46
0 52
0 53
0 68
0 70
0 80
0 103
0 112
0 113
0 117
0 127
0 129
0 137
0 140
0 142
0 151
0 153
0 155
0 156
0 159
0 160
0 180
0 182
0 190
0 196
0 199
0 215
0 218
0 221
0 231
0 237
0 238
0 241
0 243
0 249
0 251
0 253
0 259
0 265
0 275
0 281
0 286
0 291
0 295
0 309
0 310
0 311
0 318
0 320
0 324
0 332
0 335
0 337
0 343
0 353
0 356
0 358
0 364
0 365
0 374
0 376
0 386
0 388
0 390
0 395
1 10
1 16
1 29
1 39
1 49
1 59
1 72
1 84
1 93
1 95
1 96
1 126
1 144
1 148
1 163
1 177
1 197
1 205
1 210
1 252
1 272
1 277
1 280
1 284
1 290
1 294
1 322
1 325
1 355
1 393
2 19
2 55
2 57
2 58
2 73
2 83
2 94
2 98
2 100
2 108
2 114
2 119
2 121
2 122
2 131
2 145
2 149
2 171
2 181
2 183
2 200
2 217
2 220
2 227
2 232
2 236
2 244
2 245
2 246
2 282
2 338
2 350
2 387
2 394
3 9
3 13
3 15
3 32
3 45
3 51
3 56
3 65
3 81
3 89
3 104
3 143
3 161
3 185
3 189
3 192
3 207
3 260
3 274
3 297
3 306
3 308
3 349
3 360
3 367
3 384
4 3
4 26
4 28
4 31
4 42
4 48
4 50
4 60
4 74
4 79
4 86
4 87
4 88
4 109
4 111
4 124
4 134
4 158
4 162
4 166
4 167
4 175
4 178
4 184
4 186
4 187
4 204
4 212
4 214
4 223
4 258
4 261
4 262
4 273
4 292
4 303
4 305
4 317
4 319
4 328
4 334
4 336
4 341
4 357
4 378
4 379
4 381
4 397
4 398
5 8
5 105
5 125
5 132
5 165
5 174
5 188
5 203
5 229
5 271
5 316
5 326
5 327
5 339
5 389
6 1
6 2
6 20
6 35
6 41
6 54
6 63
6 64
6 69
6 82
6 85
6 102
6 120
6 128
6 136
6 150
6 202
6 213
6 219
6 228
6 235
6 247
6 255
6 268
6 270
6 278
6 279
6 300
6 304
6 313
6 315
6 342
6 354
6 363
6 369
7 22
7 78
7 92
7 118
7 191
7 216
7 225
7 250
7 330
7 383
8 4
8 11
8 24
8 25
8 33
8 43
8 106
8 115
8 133
8 141
8 195
8 201
8 224
8 242
8 263
8 266
8 296
8 312
8 314
8 321
8 323
8 333
8 345
8 368
8 372
8 382
9 0
9 12
9 14
9 17
9 30
9 38
9 40
9 97
9 99
9 110
9 130
9 139
9 146
9 154
9 157
9 164
9 170
9 193
9 198
9 209
9 222
9 230
9 264
9 293
9 299
9 307
9 329
9 347
9 351
9 359
9 392
10 23
10 47
10 67
10 71
10 75
10 76
10 77
10 91
10 107
10 116
10 123
10 138
10 147
10 152
10 169
10 206
10 208
10 226
10 233
10 234
10 239
10 248
10 254
10 256
10 267
10 269
10 276
10 283
10 285
10 287
10 288
10 289
10 301
10 302
10 331
10 344
10 346
10 348
10 352
10 361
10 362
10 370
10 371
10 373
10 375
10 377
10 380
10 391
11 7
11 18
11 21
11 37
11 61
11 62
11 66
11 90
11 101
11 135
11 168
11 172
11 173
11 176
11 179
11 194
11 211
11 240
11 257
11 298
11 340
11 366
11 385
11 396
11 399
