0 16
0 22
0 39
0 59
0 78
0 84
0 92
0 93
0 118
0 144
0 163
0 177
0 197
0 205
0 250
0 277
0 280
0 294
0 322
0 325
0 330
0 353
0 355
0 383
1 18
1 21
1 37
1 46
1 68
1 70
1 125
1 173
1 176
1 182
1 211
1 238
1 241
1 243
1 257
1 265
1 275
1 298
1 320
1 385
1 386
2 108
2 110
2 121
2 132
2 174
2 217
2 229
2 231
2 304
2 307
2 316
2 326
2 345
3 4
3 25
3 26
3 28
3 31
3 50
3 74
3 79
3 100
3 111
3 116
3 124
3 131
3 145
3 158
3 162
3 181
3 187
3 201
3 212
3 232
3 236
3 261
3 281
3 283
3 288
3 317
3 328
3 333
3 334
3 362
3 368
3 372
3 378
3 379
3 387
3 397
4 3
4 10
4 42
4 48
4 86
4 88
4 109
4 134
4 148
4 166
4 175
4 184
4 186
4 204
4 214
4 258
4 262
4 273
4 290
4 292
4 305
4 319
4 336
4 341
4 357
5 36
5 80
5 81
5 87
5 104
5 112
5 167
5 189
5 260
5 297
5 303
5 306
5 335
5 381
5 384
6 0
6 12
6 17
6 19
6 30
6 55
6 72
6 95
6 99
6 114
6 130
6 139
6 146
6 154
6 193
6 198
6 209
6 220
6 222
6 230
6 242
6 264
6 299
6 347
6 351
6 359
6 392
6 394
7 8
7 14
7 38
7 40
7 73
7 97
7 105
7 157
7 164
7 170
7 293
7 296
7 323
7 327
7 329
7 339
8 5
8 15
8 29
8 32
8 45
8 47
8 49
8 51
8 53
8 66
8 89
8 94
8 96
8 101
8 117
8 119
8 126
8 140
8 149
8 151
8 153
8 161
8 172
8 180
8 191
8 192
8 194
8 207
8 210
8 246
8 252
8 272
8 286
8 295
8 376
8 393
8 399
9 20
9 61
9 62
9 63
9 90
9 219
9 228
9 240
9 247
9 255
9 396
10 6
10 11
10 23
10 24
10 33
10 43
10 44
10 71
10 77
10 98
10 106
10 113
10 115
10 123
10 129
10 133
10 136
10 141
10 142
10 152
10 155
10 160
10 169
10 190
10 195
10 196
10 199
10 206
10 216
10 218
10 221
10 224
10 225
10 227
10 234
10 239
10 249
10 251
10 253
10 254
10 256
10 259
10 263
10 266
10 276
10 284
10 289
10 309
10 310
10 312
10 314
10 318
10 321
10 337
10 344
10 350
10 356
10 358
10 361
10 364
10 374
10 375
10 380
10 382
10 390
10 391
11 57
11 75
11 76
11 107
11 168
11 200
11 208
11 235
11 287
11 338
11 348
11 366
11 370
11 373
12 1
12 2
12 35
12 41
12 54
12 58
12 64
12 82
12 85
12 102
12 120
12 128
12 150
12 202
12 213
12 270
12 278
12 279
12 300
12 313
12 315
12 342
12 354
12 363
12 369
13 7
13 27
13 67
13 83
13 122
13 135
13 137
13 138
13 179
13 183
13 282
13 285
13 331
13 332
13 371
13 377
14 9
14 13
14 56
14 60
14 65
14 143
14 171
14 178
14 185
14 223
14 244
14 245
14 274
14 308
14 349
14 360
14 367
14 398
15 69
15 103
15 156
15 165
15 188
15 203
15 215
15 268
15 271
15 324
15 340
15 343
15 365
15 389
15 395
16 34
16 52
16 91
16 127
16 147
16 159
16 226
16 233
16 237
16 248
16 267
16 269
16 291
16 301
16 302
16 311
16 346
16 352
16 388
