0 11
0 99
0 198
0 345
1 19
1 55
1 69
1 85
1 94
1 102
1 114
1 128
1 133
1 190
1 220
1 227
1 236
1 242
1 268
1 353
1 387
1 394
2 0
2 12
2 17
2 20
2 30
2 39
2 72
2 95
2 103
2 120
2 139
2 205
2 209
2 230
2 264
2 270
2 299
2 315
2 324
2 351
2 359
2 389
2 392
3 116
3 168
3 169
3 173
3 239
3 254
3 276
3 283
3 289
3 348
3 350
3 366
3 375
4 8
4 73
4 97
4 105
4 108
4 110
4 121
4 125
4 132
4 157
4 165
4 188
4 193
4 203
4 217
4 222
4 229
4 231
4 271
4 293
4 304
4 307
4 316
4 326
4 329
4 339
4 347
5 1
5 2
5 35
5 41
5 54
5 57
5 58
5 61
5 62
5 63
5 64
5 82
5 107
5 136
5 150
5 171
5 200
5 202
5 219
5 223
5 228
5 235
5 247
5 255
5 278
5 279
5 287
5 300
5 313
5 338
5 342
5 354
5 363
5 369
6 14
6 16
6 22
6 38
6 40
6 49
6 59
6 70
6 78
6 84
6 92
6 93
6 96
6 101
6 126
6 130
6 140
6 144
6 149
6 154
6 156
6 163
6 164
6 170
6 177
6 191
6 196
6 197
6 210
6 215
6 272
6 277
6 280
6 294
6 296
6 298
6 318
6 322
6 323
6 325
6 327
6 330
6 343
6 355
6 365
6 376
6 393
6 395
7 36
7 80
7 112
7 122
7 137
7 167
7 282
7 332
7 335
7 381
8 28
8 50
8 60
8 74
8 79
8 87
8 100
8 111
8 124
8 131
8 146
8 158
8 162
8 178
8 181
8 187
8 212
8 232
8 244
8 245
8 288
8 303
8 317
8 328
8 334
8 362
8 378
8 379
8 397
9 98
9 118
9 145
9 216
9 225
9 250
9 383
10 21
10 34
10 46
10 52
10 68
10 91
10 127
10 147
10 159
10 182
10 226
10 233
10 237
10 238
10 240
10 241
10 243
10 248
10 257
10 265
10 267
10 269
10 275
10 291
10 301
10 302
10 311
10 320
10 337
10 346
10 385
10 386
10 388
11 47
11 67
11 71
11 75
11 123
11 138
11 152
11 208
11 234
11 256
11 285
11 331
11 344
11 352
11 361
11 370
11 373
11 377
11 391
12 4
12 25
12 43
12 115
12 141
12 201
12 333
12 368
12 372
13 7
13 18
13 23
13 37
13 66
13 76
13 83
13 90
13 119
13 135
13 172
13 176
13 179
13 183
13 194
13 211
13 259
13 340
13 380
13 396
13 399
14 3
14 10
14 26
14 31
14 42
14 48
14 86
14 88
14 109
14 134
14 148
14 166
14 175
14 184
14 186
14 204
14 214
14 258
14 261
14 262
14 273
14 290
14 292
14 305
14 319
14 336
14 341
14 357
15 5
15 29
15 53
15 81
15 89
15 104
15 153
15 180
15 199
15 207
15 252
15 286
15 295
15 371
16 9
16 13
16 15
16 32
16 45
16 51
16 56
16 65
16 143
16 161
16 185
16 189
16 192
16 260
16 274
16 297
16 306
16 308
16 349
16 360
16 367
16 384
16 398
17 6
17 24
17 27
17 33
17 44
17 77
17 106
17 113
17 117
17 129
17 142
17 151
17 155
17 160
17 174
17 195
17 206
17 213
17 218
17 221
17 224
17 246
17 249
17 251
17 253
17 263
17 266
17 281
17 284
17 309
17 310
17 312
17 314
17 321
17 356
17 358
17 364
17 374
17 382
17 390
