0 227
0 394
1 5
1 6
1 27
1 36
1 46
1 68
1 80
1 81
1 83
1 112
1 122
1 137
1 142
1 199
1 218
1 241
1 243
1 249
1 251
1 275
1 282
1 309
1 310
1 332
1 335
1 358
1 364
1 374
1 381
1 386
1 390
2 26
2 31
2 124
2 148
2 261
3 1
3 2
3 41
3 54
3 63
3 120
3 150
3 202
3 213
3 228
3 247
3 255
3 278
3 279
3 300
3 304
3 354
4 16
4 22
4 29
4 49
4 53
4 57
4 59
4 78
4 84
4 89
4 92
4 96
4 104
4 126
4 140
4 144
4 151
4 153
4 163
4 180
4 191
4 197
4 200
4 207
4 210
4 246
4 252
4 272
4 277
4 280
4 286
4 322
4 325
4 330
4 338
4 355
4 376
4 393
5 8
5 11
5 24
5 25
5 33
5 43
5 44
5 93
5 106
5 107
5 115
5 117
5 118
5 129
5 133
5 141
5 155
5 160
5 190
5 195
5 201
5 216
5 221
5 224
5 225
5 238
5 242
5 263
5 266
5 284
5 312
5 314
5 321
5 333
5 345
5 348
5 350
5 356
5 368
5 370
5 372
5 382
5 383
6 9
6 13
6 32
6 45
6 51
6 65
6 143
6 161
6 192
6 274
6 349
6 360
6 367
6 384
7 3
7 42
7 48
7 86
7 88
7 166
7 175
7 184
7 186
7 204
7 214
7 223
7 258
7 273
7 290
7 319
7 341
7 357
8 14
8 38
8 40
8 73
8 97
8 105
8 130
8 146
8 149
8 154
8 157
8 164
8 170
8 193
8 209
8 296
8 323
8 329
8 339
8 351
9 7
9 18
9 37
9 62
9 66
9 76
9 90
9 101
9 119
9 125
9 135
9 168
9 172
9 173
9 176
9 179
9 183
9 194
9 203
9 211
9 240
9 259
9 298
9 340
9 385
9 396
9 399
10 15
10 77
10 91
10 147
10 169
10 206
10 219
10 235
10 248
10 262
10 267
10 285
10 287
10 292
10 302
10 346
10 371
10 391
11 4
11 50
11 74
11 79
11 98
11 100
11 109
11 134
11 145
11 162
11 167
11 232
11 236
11 253
11 281
11 283
11 305
11 317
11 362
11 379
11 387
12 20
12 21
12 35
12 64
12 82
12 85
12 102
12 128
12 136
12 265
12 313
12 315
12 337
12 342
12 363
12 369
13 10
13 39
13 72
13 95
13 177
13 189
13 205
13 250
13 260
13 294
13 297
13 299
13 306
13 336
14 0
14 12
14 17
14 19
14 30
14 55
14 58
14 61
14 70
14 99
14 108
14 110
14 113
14 114
14 121
14 132
14 139
14 165
14 174
14 196
14 198
14 217
14 222
14 229
14 230
14 231
14 264
14 270
14 293
14 295
14 307
14 316
14 318
14 326
14 353
14 359
14 392
15 28
15 56
15 60
15 87
15 94
15 111
15 131
15 158
15 171
15 178
15 181
15 185
15 187
15 212
15 220
15 244
15 245
15 288
15 303
15 308
15 328
15 334
15 347
15 378
15 397
15 398
16 23
16 47
16 67
16 71
16 75
16 116
16 123
16 138
16 152
16 208
16 233
16 234
16 239
16 254
16 256
16 276
16 289
16 331
16 344
16 352
16 361
16 366
16 373
16 375
16 377
16 380
17 69
17 103
17 156
17 188
17 215
17 268
17 271
17 324
17 327
17 343
17 365
17 389
17 395
18 34
18 52
18 127
18 159
18 182
18 226
18 237
18 257
18 269
18 291
18 301
18 311
18 320
18 388
