0 27
0 36
0 47
0 50
0 71
0 77
0 79
0 80
0 87
0 91
0 112
0 116
0 121
0 122
0 123
0 137
0 142
0 147
0 158
0 161
0 162
0 167
0 169
0 187
0 189
0 206
0 248
0 251
0 254
0 262
0 267
0 282
0 283
0 285
0 288
0 292
0 302
0 303
0 328
0 332
0 335
0 344
0 346
0 362
0 364
0 378
0 381
0 384
0 391
1 0
1 1
1 2
1 3
1 4
1 5
1 6
1 8
1 9
1 10
1 11
1 12
1 13
1 14
1 15
1 16
1 17
1 19
1 20
1 21
1 22
1 25
1 26
1 28
1 29
1 30
1 31
1 32
1 34
1 35
1 37
1 38
1 39
1 40
1 41
1 42
1 43
1 44
1 45
1 46
1 48
1 49
1 51
1 52
1 53
1 54
1 55
1 56
1 58
1 59
1 60
1 61
1 62
1 64
1 65
1 68
1 69
1 70
1 72
1 73
1 74
1 78
1 81
1 82
1 84
1 85
1 86
1 88
1 89
1 92
1 93
1 94
1 95
1 96
1 97
1 98
1 99
1 100
1 101
1 102
1 103
1 104
1 105
1 106
1 108
1 109
1 110
1 111
1 113
1 114
1 115
1 117
1 118
1 120
1 124
1 125
1 126
1 127
1 128
1 129
1 130
1 131
1 132
1 133
1 134
1 136
1 139
1 140
1 141
1 143
1 144
1 145
1 146
1 148
1 149
1 150
1 151
1 153
1 154
1 155
1 156
1 157
1 159
1 160
1 163
1 164
1 165
1 166
1 170
1 171
1 172
1 174
1 175
1 177
1 178
1 180
1 181
1 182
1 184
1 185
1 186
1 188
1 190
1 191
1 192
1 193
1 194
1 195
1 196
1 197
1 198
1 199
1 201
1 202
1 203
1 204
1 205
1 207
1 209
1 210
1 212
1 213
1 214
1 215
1 216
1 217
1 218
1 219
1 220
1 221
1 222
1 223
1 224
1 225
1 226
1 227
1 228
1 229
1 230
1 231
1 232
1 236
1 237
1 238
1 240
1 241
1 242
1 243
1 244
1 245
1 246
1 247
1 249
1 250
1 252
1 253
1 255
1 257
1 258
1 260
1 261
1 263
1 264
1 265
1 266
1 268
1 269
1 270
1 271
1 272
1 273
1 274
1 275
1 277
1 278
1 279
1 280
1 281
1 284
1 286
1 290
1 291
1 293
1 294
1 295
1 296
1 297
1 298
1 299
1 300
1 301
1 304
1 305
1 306
1 307
1 308
1 309
1 310
1 311
1 312
1 313
1 314
1 315
1 316
1 317
1 318
1 319
1 320
1 321
1 322
1 323
1 324
1 325
1 326
1 327
1 329
1 330
1 333
1 334
1 336
1 337
1 339
1 341
1 342
1 343
1 345
1 347
1 349
1 351
1 353
1 354
1 355
1 356
1 357
1 358
1 359
1 360
1 363
1 365
1 367
1 368
1 369
1 372
1 374
1 376
1 379
1 382
1 383
1 385
1 386
1 387
1 388
1 389
1 390
1 392
1 393
1 394
1 395
1 397
1 398
1 399
2 7
2 18
2 23
2 24
2 33
2 57
2 63
2 66
2 67
2 75
2 76
2 83
2 90
2 107
2 119
2 135
2 138
2 152
2 168
2 173
2 176
2 179
2 183
2 200
2 208
2 211
2 233
2 234
2 235
2 239
2 256
2 259
2 276
2 287
2 289
2 331
2 338
2 340
2 348
2 350
2 352
2 361
2 366
2 370
2 371
2 373
2 375
2 377
2 380
2 396
