0 4
0 28
0 36
0 47
0 50
0 71
0 74
0 75
0 77
0 79
0 80
0 87
0 91
0 100
0 111
0 112
0 116
0 121
0 123
0 124
0 131
0 137
0 147
0 158
0 162
0 167
0 169
0 187
0 206
0 212
0 233
0 234
0 239
0 248
0 254
0 256
0 262
0 267
0 276
0 283
0 285
0 288
0 289
0 292
0 302
0 303
0 317
0 328
0 335
0 336
0 344
0 346
0 352
0 362
0 375
0 378
0 379
0 381
0 391
0 397
1 0
1 1
1 2
1 5
1 6
1 10
1 11
1 12
1 14
1 16
1 17
1 19
1 20
1 21
1 22
1 25
1 27
1 29
1 30
1 32
1 34
1 35
1 37
1 38
1 39
1 40
1 41
1 43
1 44
1 46
1 49
1 52
1 53
1 54
1 55
1 57
1 58
1 59
1 61
1 62
1 63
1 64
1 67
1 68
1 69
1 70
1 72
1 78
1 82
1 84
1 85
1 92
1 93
1 94
1 95
1 96
1 97
1 98
1 99
1 101
1 102
1 103
1 105
1 106
1 107
1 113
1 114
1 115
1 117
1 118
1 120
1 126
1 127
1 128
1 129
1 130
1 133
1 134
1 136
1 138
1 139
1 140
1 141
1 142
1 144
1 145
1 146
1 149
1 150
1 151
1 152
1 153
1 154
1 155
1 156
1 157
1 159
1 160
1 163
1 164
1 170
1 171
1 177
1 180
1 181
1 182
1 190
1 191
1 193
1 195
1 196
1 197
1 199
1 200
1 201
1 202
1 205
1 208
1 209
1 210
1 213
1 215
1 216
1 218
1 219
1 220
1 221
1 222
1 224
1 225
1 226
1 227
1 228
1 230
1 232
1 235
1 236
1 237
1 238
1 241
1 242
1 243
1 244
1 245
1 246
1 247
1 249
1 250
1 251
1 252
1 253
1 255
1 263
1 264
1 265
1 266
1 268
1 269
1 270
1 272
1 275
1 277
1 278
1 279
1 280
1 281
1 282
1 284
1 286
1 287
1 291
1 293
1 294
1 295
1 296
1 298
1 299
1 300
1 301
1 309
1 310
1 311
1 312
1 313
1 314
1 315
1 318
1 320
1 321
1 322
1 323
1 324
1 325
1 327
1 329
1 330
1 331
1 333
1 337
1 338
1 342
1 343
1 347
1 351
1 353
1 354
1 355
1 356
1 358
1 359
1 363
1 364
1 365
1 368
1 369
1 371
1 372
1 373
1 374
1 376
1 382
1 383
1 386
1 387
1 388
1 390
1 392
1 393
1 394
1 395
2 3
2 9
2 13
2 15
2 26
2 31
2 42
2 45
2 48
2 51
2 56
2 60
2 65
2 81
2 86
2 88
2 89
2 104
2 109
2 143
2 148
2 161
2 166
2 175
2 178
2 184
2 185
2 186
2 189
2 192
2 204
2 207
2 214
2 223
2 258
2 260
2 261
2 273
2 274
2 290
2 297
2 305
2 306
2 308
2 319
2 334
2 341
2 349
2 357
2 360
2 367
2 384
2 398
3 7
3 8
3 18
3 23
3 24
3 33
3 66
3 73
3 76
3 83
3 90
3 108
3 110
3 119
3 122
3 125
3 132
3 135
3 165
3 168
3 172
3 173
3 174
3 176
3 179
3 183
3 188
3 194
3 198
3 203
3 211
3 217
3 229
3 231
3 240
3 257
3 259
3 271
3 304
3 307
3 316
3 326
3 332
3 339
3 340
3 345
3 348
3 350
3 361
3 366
3 370
3 377
3 380
3 385
3 389
3 396
3 399
