0 3
0 9
0 26
0 42
0 48
0 56
0 60
0 86
0 88
0 109
0 148
0 166
0 175
0 178
0 184
0 185
0 186
0 204
0 212
0 214
0 223
0 258
0 262
0 273
0 290
0 305
0 308
0 319
0 334
0 336
0 341
0 357
0 367
0 398
1 1
1 2
1 19
1 20
1 35
1 41
1 54
1 57
1 58
1 61
1 62
1 63
1 64
1 82
1 107
1 120
1 150
1 152
1 164
1 171
1 188
1 200
1 202
1 219
1 220
1 227
1 228
1 235
1 244
1 247
1 255
1 268
1 271
1 278
1 279
1 287
1 300
1 313
1 327
1 338
1 342
1 354
1 363
1 369
1 373
1 394
2 10
2 16
2 22
2 30
2 39
2 49
2 59
2 69
2 72
2 78
2 84
2 92
2 93
2 95
2 118
2 126
2 134
2 144
2 156
2 163
2 177
2 190
2 197
2 205
2 210
2 250
2 260
2 277
2 280
2 281
2 284
2 294
2 299
2 306
2 322
2 325
2 330
2 343
2 353
2 355
2 383
2 389
2 395
3 4
3 7
3 24
3 25
3 27
3 28
3 31
3 33
3 43
3 67
3 74
3 76
3 83
3 98
3 100
3 115
3 119
3 122
3 124
3 133
3 135
3 137
3 138
3 141
3 142
3 145
3 179
3 181
3 183
3 189
3 201
3 208
3 216
3 225
3 232
3 236
3 246
3 251
3 261
3 282
3 317
3 331
3 332
3 333
3 348
3 350
3 352
3 361
3 366
3 368
3 370
3 371
3 372
3 377
3 387
4 0
4 5
4 6
4 8
4 11
4 12
4 13
4 14
4 15
4 17
4 18
4 21
4 29
4 32
4 34
4 37
4 38
4 40
4 44
4 45
4 46
4 51
4 52
4 53
4 55
4 65
4 66
4 68
4 70
4 73
4 81
4 85
4 89
4 90
4 94
4 96
4 97
4 99
4 101
4 102
4 103
4 104
4 105
4 106
4 108
4 110
4 113
4 114
4 117
4 125
4 127
4 128
4 129
4 130
4 132
4 136
4 139
4 140
4 143
4 146
4 149
4 151
4 153
4 154
4 155
4 157
4 159
4 160
4 161
4 165
4 168
4 170
4 172
4 173
4 174
4 176
4 180
4 182
4 191
4 192
4 193
4 194
4 195
4 196
4 198
4 199
4 203
4 207
4 209
4 211
4 213
4 215
4 217
4 218
4 221
4 222
4 224
4 226
4 229
4 230
4 231
4 237
4 238
4 240
4 241
4 242
4 243
4 245
4 249
4 252
4 253
4 257
4 259
4 263
4 264
4 265
4 266
4 269
4 270
4 272
4 274
4 275
4 286
4 291
4 293
4 295
4 296
4 297
4 298
4 301
4 304
4 307
4 309
4 310
4 311
4 312
4 314
4 315
4 316
4 318
4 320
4 321
4 323
4 324
4 326
4 329
4 337
4 339
4 340
4 345
4 347
4 349
4 351
4 356
4 358
4 359
4 360
4 364
4 365
4 374
4 376
4 382
4 384
4 385
4 386
4 388
4 390
4 392
4 393
4 396
4 399
5 23
5 36
5 47
5 50
5 71
5 75
5 77
5 79
5 80
5 87
5 91
5 111
5 112
5 116
5 121
5 123
5 131
5 147
5 158
5 162
5 167
5 169
5 187
5 206
5 233
5 234
5 239
5 248
5 254
5 256
5 267
5 276
5 283
5 285
5 288
5 289
5 292
5 302
5 303
5 328
5 335
5 344
5 346
5 362
5 375
5 378
5 379
5 380
5 381
5 391
5 397
