0 10
0 12
0 16
0 17
0 22
0 29
0 39
0 49
0 59
0 69
0 72
0 78
0 84
0 93
0 95
0 103
0 134
0 144
0 153
0 156
0 163
0 177
0 190
0 197
0 205
0 210
0 215
0 230
0 250
0 252
0 260
0 277
0 280
0 281
0 291
0 294
0 299
0 306
0 322
0 324
0 325
0 330
0 336
0 343
0 353
0 355
0 365
0 389
0 395
1 27
1 36
1 47
1 71
1 77
1 79
1 80
1 87
1 112
1 113
1 116
1 121
1 123
1 137
1 142
1 151
1 158
1 162
1 167
1 169
1 187
1 199
1 206
1 218
1 234
1 239
1 251
1 254
1 256
1 283
1 288
1 289
1 303
1 310
1 335
1 344
1 362
1 364
1 374
1 375
1 378
1 381
1 390
1 391
2 0
2 8
2 14
2 19
2 30
2 38
2 40
2 55
2 73
2 94
2 97
2 99
2 105
2 108
2 110
2 114
2 125
2 130
2 132
2 139
2 140
2 146
2 149
2 154
2 157
2 164
2 165
2 170
2 174
2 188
2 193
2 198
2 203
2 209
2 217
2 220
2 222
2 229
2 231
2 244
2 264
2 271
2 293
2 295
2 296
2 307
2 316
2 323
2 326
2 327
2 329
2 339
2 345
2 347
2 351
2 359
2 392
2 394
3 6
3 7
3 18
3 23
3 24
3 33
3 66
3 76
3 83
3 90
3 122
3 129
3 135
3 176
3 179
3 194
3 211
3 221
3 249
3 259
3 309
3 332
3 340
3 348
3 350
3 361
3 370
3 380
3 399
4 1
4 2
4 9
4 13
4 15
4 20
4 21
4 32
4 35
4 37
4 41
4 45
4 46
4 51
4 52
4 53
4 54
4 58
4 65
4 70
4 81
4 82
4 85
4 89
4 102
4 104
4 120
4 127
4 128
4 136
4 143
4 150
4 159
4 161
4 180
4 182
4 192
4 202
4 207
4 213
4 223
4 237
4 238
4 241
4 243
4 245
4 255
4 257
4 265
4 268
4 270
4 274
4 275
4 278
4 279
4 286
4 298
4 300
4 304
4 311
4 313
4 315
4 318
4 320
4 337
4 342
4 349
4 354
4 360
4 363
4 369
4 386
4 388
5 5
5 11
5 25
5 34
5 43
5 44
5 57
5 61
5 62
5 63
5 64
5 67
5 68
5 75
5 91
5 92
5 96
5 98
5 101
5 106
5 107
5 115
5 117
5 118
5 119
5 126
5 133
5 138
5 141
5 145
5 147
5 152
5 155
5 160
5 168
5 171
5 172
5 173
5 181
5 183
5 189
5 191
5 195
5 196
5 200
5 201
5 208
5 216
5 219
5 224
5 225
5 226
5 227
5 228
5 232
5 233
5 235
5 236
5 240
5 242
5 246
5 247
5 248
5 253
5 263
5 266
5 267
5 269
5 272
5 276
5 282
5 284
5 285
5 287
5 301
5 302
5 312
5 314
5 321
5 331
5 333
5 338
5 346
5 352
5 356
5 358
5 366
5 368
5 371
5 372
5 373
5 376
5 377
5 382
5 383
5 384
5 385
5 387
5 393
5 396
6 3
6 4
6 26
6 28
6 31
6 42
6 48
6 50
6 56
6 60
6 74
6 86
6 88
6 100
6 109
6 111
6 124
6 131
6 148
6 166
6 175
6 178
6 184
6 185
6 186
6 204
6 212
6 214
6 258
6 261
6 262
6 273
6 290
6 292
6 297
6 305
6 308
6 317
6 319
6 328
6 334
6 341
6 357
6 367
6 379
6 397
6 398
