0 23
0 29
0 50
0 61
0 62
0 63
0 71
0 84
0 92
0 93
0 114
0 116
0 118
0 122
0 125
0 155
0 160
0 165
0 169
0 195
1 21
1 38
1 53
1 87
1 107
1 112
1 117
1 129
1 142
1 148
1 151
1 168
1 172
1 180
2 7
2 9
2 13
2 32
2 33
2 64
2 124
2 133
2 144
2 149
2 159
2 173
2 177
3 1
3 26
3 37
3 40
3 46
3 58
3 68
3 72
3 79
3 85
3 88
3 94
3 103
3 120
3 137
3 141
3 150
3 176
3 185
3 194
4 2
4 4
4 25
4 77
4 98
4 109
4 113
4 132
4 134
4 156
4 163
4 171
4 196
5 15
5 24
5 42
5 45
5 55
5 76
5 83
5 86
5 99
5 115
5 128
5 139
5 145
5 157
5 162
5 178
5 183
5 192
5 199
6 3
6 6
6 14
6 27
6 43
6 49
6 66
6 78
6 91
6 95
6 97
6 102
6 105
6 135
6 154
6 158
6 179
6 187
6 198
7 10
7 11
7 16
7 17
7 34
7 48
7 65
7 106
7 121
7 140
7 146
7 152
7 170
7 186
7 190
8 8
8 12
8 19
8 22
8 28
8 30
8 52
8 56
8 67
8 70
8 80
8 82
8 89
8 96
8 110
8 127
8 143
8 161
8 166
8 175
8 181
8 189
8 193
8 197
9 41
9 104
9 123
9 167
10 18
10 31
10 36
10 44
10 47
10 51
10 57
10 59
10 60
10 69
10 74
10 75
10 90
10 101
10 108
10 111
10 119
10 136
10 164
10 174
10 188
10 191
11 0
11 5
11 20
11 35
11 39
11 54
11 73
11 81
11 100
11 126
11 130
11 131
11 138
11 147
11 153
11 182
11 184
