0 34
0 65
0 92
0 121
0 122
0 125
0 146
0 152
0 165
1 3
1 9
1 13
1 14
1 27
1 43
1 66
1 78
1 97
1 102
1 105
1 135
1 154
1 179
1 198
2 1
2 21
2 26
2 37
2 40
2 46
2 72
2 96
2 110
2 120
2 137
2 141
2 150
2 185
3 7
3 32
3 33
3 64
3 112
3 124
3 142
3 144
3 149
3 159
3 173
3 177
4 19
4 22
4 30
4 67
4 70
4 82
4 89
4 143
4 161
4 181
4 189
4 193
4 197
5 11
5 16
5 17
5 31
5 48
5 57
5 60
5 69
5 74
5 106
5 111
5 133
5 136
5 140
5 186
5 188
5 190
5 191
6 8
6 12
6 24
6 28
6 45
6 52
6 56
6 68
6 79
6 80
6 86
6 88
6 99
6 103
6 166
6 175
6 194
6 199
7 15
7 35
7 39
7 42
7 55
7 76
7 83
7 115
7 128
7 139
7 145
7 157
7 162
7 176
7 178
7 183
7 184
7 192
8 0
8 5
8 18
8 20
8 44
8 54
8 58
8 59
8 73
8 75
8 100
8 126
8 130
8 138
8 147
8 153
9 10
9 81
9 85
9 90
9 94
9 131
9 170
9 182
10 36
10 38
10 47
10 51
10 53
10 87
10 101
10 107
10 108
10 117
10 119
10 129
10 148
10 151
10 164
10 168
10 172
10 174
10 180
11 41
11 104
11 123
11 127
11 167
12 2
12 4
12 25
12 77
12 98
12 109
12 113
12 132
12 134
12 156
12 163
12 171
12 196
13 6
13 49
13 91
13 95
13 158
13 187
14 23
14 29
14 50
14 61
14 62
14 63
14 71
14 84
14 93
14 114
14 116
14 118
14 155
14 160
14 169
14 195
