0 77
0 109
0 113
0 132
0 134
0 171
0 196
1 10
1 81
1 85
1 94
1 131
1 170
1 182
2 19
2 22
2 67
2 89
2 143
2 172
2 189
2 193
3 7
3 33
3 64
3 124
3 144
3 149
3 159
3 173
3 177
4 8
4 12
4 24
4 28
4 45
4 52
4 56
4 68
4 70
4 79
4 80
4 86
4 88
4 103
4 166
4 175
4 194
4 199
5 34
5 65
5 92
5 121
5 122
5 146
5 152
6 18
6 31
6 36
6 44
6 47
6 51
6 59
6 60
6 74
6 75
6 90
6 101
6 108
6 119
6 164
6 168
6 174
7 15
7 42
7 55
7 76
7 83
7 115
7 128
7 139
7 145
7 157
7 162
7 176
7 178
7 183
7 184
7 192
8 2
8 4
8 25
8 98
8 112
8 156
8 163
9 23
9 29
9 62
9 63
9 84
9 93
9 114
9 116
9 118
9 125
9 155
9 160
9 165
9 195
10 11
10 16
10 17
10 48
10 57
10 69
10 106
10 111
10 133
10 136
10 140
10 151
10 186
10 188
10 190
10 191
11 3
11 9
11 13
11 14
11 27
11 32
11 43
11 66
11 78
11 97
11 102
11 105
11 135
11 154
11 179
11 198
12 30
12 50
12 61
12 71
12 82
12 99
12 161
12 169
12 181
12 197
13 21
13 38
13 53
13 87
13 107
13 117
13 129
13 142
13 148
13 180
14 41
14 104
14 123
14 127
14 167
15 6
15 49
15 91
15 95
15 158
15 187
16 1
16 26
16 37
16 40
16 46
16 72
16 96
16 110
16 120
16 137
16 141
16 150
16 185
17 0
17 5
17 20
17 35
17 39
17 54
17 58
17 73
17 100
17 126
17 130
17 138
17 147
17 153
