0 40
0 52
0 89
0 96
0 110
0 127
1 36
1 38
1 47
1 51
1 87
1 101
1 108
1 119
1 136
1 148
1 151
1 168
2 2
2 4
2 25
2 77
2 98
2 109
2 132
2 134
2 156
2 163
2 171
3 7
3 9
3 13
3 32
3 33
3 48
3 64
3 106
3 124
3 133
3 144
3 149
3 159
3 173
3 177
3 188
4 0
4 5
4 20
4 44
4 59
4 73
4 75
4 100
4 126
4 131
4 138
4 153
5 8
5 28
5 37
5 46
5 68
5 72
5 79
5 80
5 88
5 103
5 120
5 175
5 176
5 194
6 91
6 158
7 23
7 29
7 81
7 114
7 125
7 139
7 165
7 181
8 3
8 14
8 43
8 49
8 66
8 78
8 95
8 97
8 135
8 154
8 179
9 10
9 11
9 16
9 17
9 18
9 31
9 57
9 60
9 69
9 74
9 111
9 140
9 170
9 186
9 190
9 191
10 1
10 26
10 54
10 58
10 85
10 90
10 94
10 130
10 137
10 141
10 147
10 150
10 182
10 185
11 12
11 24
11 45
11 56
11 83
11 86
11 166
11 199
12 6
12 27
12 102
12 105
12 187
12 198
13 62
13 63
13 93
13 113
13 116
13 118
13 160
13 172
13 195
13 196
14 50
14 61
14 71
14 84
14 155
14 169
15 21
15 53
15 107
15 117
15 129
15 164
15 174
15 180
16 34
16 65
16 92
16 121
16 122
16 146
16 152
17 41
17 104
17 112
17 123
17 142
17 167
18 15
18 35
18 39
18 42
18 55
18 76
18 115
18 128
18 145
18 157
18 162
18 178
18 183
18 184
18 192
19 19
19 22
19 30
19 67
19 70
19 82
19 99
19 143
19 161
19 189
19 193
19 197
