0 0
0 5
0 15
0 20
0 35
0 39
0 42
0 54
0 55
0 73
0 75
0 76
0 81
0 100
0 115
0 126
0 128
0 130
0 131
0 138
0 139
0 141
0 145
0 147
0 150
0 153
0 157
0 162
0 176
0 178
0 182
0 183
0 184
0 185
0 192
1 19
1 23
1 29
1 34
1 50
1 61
1 62
1 63
1 65
1 71
1 84
1 92
1 93
1 113
1 114
1 116
1 118
1 121
1 122
1 125
1 155
1 160
1 165
1 169
1 172
1 189
1 195
2 1
2 21
2 26
2 36
2 38
2 44
2 47
2 51
2 53
2 58
2 85
2 87
2 90
2 94
2 107
2 108
2 117
2 119
2 129
2 137
2 148
2 164
2 174
2 180
3 3
3 6
3 7
3 9
3 13
3 14
3 27
3 32
3 33
3 43
3 49
3 64
3 66
3 78
3 91
3 95
3 97
3 102
3 105
3 135
3 144
3 149
3 154
3 158
3 159
3 173
3 177
3 179
3 187
3 198
4 8
4 12
4 24
4 28
4 30
4 37
4 40
4 45
4 46
4 52
4 56
4 68
4 70
4 72
4 79
4 80
4 82
4 83
4 86
4 88
4 89
4 96
4 99
4 103
4 110
4 120
4 127
4 143
4 161
4 166
4 175
4 181
4 193
4 194
4 197
4 199
5 10
5 11
5 16
5 17
5 18
5 31
5 48
5 57
5 59
5 60
5 69
5 74
5 101
5 106
5 111
5 124
5 133
5 136
5 140
5 146
5 151
5 152
5 168
5 170
5 186
5 188
5 190
5 191
6 2
6 4
6 22
6 25
6 41
6 67
6 77
6 98
6 104
6 109
6 112
6 123
6 132
6 134
6 142
6 156
6 163
6 167
6 171
6 196
