0 1
0 5
0 26
0 40
0 44
0 54
0 58
0 73
0 85
0 90
0 94
0 100
0 120
0 126
0 130
0 137
0 141
0 147
0 150
0 182
0 185
1 3
1 6
1 7
1 9
1 13
1 14
1 27
1 32
1 33
1 43
1 49
1 64
1 66
1 78
1 91
1 95
1 97
1 102
1 105
1 135
1 144
1 149
1 154
1 158
1 159
1 173
1 179
1 187
1 198
2 2
2 4
2 22
2 25
2 41
2 67
2 77
2 98
2 104
2 109
2 112
2 123
2 132
2 134
2 156
2 163
2 167
2 171
2 196
3 21
3 36
3 38
3 47
3 53
3 87
3 107
3 117
3 129
3 142
3 148
3 151
3 164
3 168
3 172
3 174
3 177
3 180
4 0
4 10
4 11
4 16
4 17
4 18
4 31
4 48
4 51
4 57
4 59
4 60
4 69
4 74
4 75
4 101
4 106
4 108
4 111
4 119
4 121
4 124
4 133
4 136
4 140
4 146
4 152
4 170
4 186
4 188
4 190
4 191
5 19
5 23
5 29
5 34
5 50
5 61
5 62
5 63
5 65
5 71
5 84
5 92
5 93
5 113
5 114
5 116
5 118
5 122
5 125
5 155
5 160
5 165
5 169
5 189
5 195
6 15
6 20
6 35
6 39
6 42
6 55
6 76
6 81
6 83
6 115
6 128
6 131
6 138
6 139
6 145
6 153
6 157
6 162
6 176
6 178
6 183
6 184
6 192
7 8
7 12
7 24
7 28
7 30
7 37
7 45
7 46
7 52
7 56
7 68
7 70
7 72
7 79
7 80
7 82
7 86
7 88
7 89
7 96
7 99
7 103
7 110
7 127
7 143
7 161
7 166
7 175
7 181
7 193
7 194
7 197
7 199
