0 15
0 20
0 35
0 39
0 42
0 55
0 76
0 81
0 115
0 128
0 131
0 139
0 145
0 153
0 157
0 162
0 176
0 178
0 183
0 184
0 192
1 7
1 9
1 13
1 32
1 33
1 38
1 48
1 64
1 87
1 106
1 124
1 133
1 144
1 149
1 151
1 159
1 173
1 177
1 188
2 19
2 23
2 29
2 34
2 50
2 61
2 62
2 63
2 65
2 71
2 84
2 92
2 93
2 114
2 116
2 118
2 121
2 122
2 125
2 143
2 146
2 155
2 160
2 165
2 169
2 172
2 189
2 195
3 0
3 10
3 11
3 16
3 17
3 18
3 31
3 36
3 44
3 47
3 51
3 57
3 59
3 60
3 69
3 74
3 75
3 101
3 108
3 111
3 119
3 136
3 138
3 140
3 148
3 152
3 164
3 168
3 170
3 174
3 186
3 190
3 191
4 21
4 41
4 53
4 89
4 96
4 104
4 107
4 110
4 112
4 117
4 123
4 127
4 129
4 142
4 167
4 180
5 1
5 5
5 26
5 40
5 54
5 58
5 73
5 85
5 90
5 94
5 100
5 120
5 126
5 130
5 137
5 141
5 147
5 150
5 182
5 185
6 8
6 12
6 24
6 28
6 30
6 37
6 45
6 46
6 52
6 56
6 68
6 70
6 72
6 79
6 80
6 82
6 83
6 86
6 88
6 99
6 103
6 161
6 166
6 175
6 181
6 193
6 194
6 197
6 199
7 3
7 6
7 14
7 27
7 43
7 49
7 66
7 78
7 91
7 95
7 97
7 102
7 105
7 135
7 154
7 158
7 179
7 187
7 198
8 2
8 4
8 22
8 25
8 67
8 77
8 98
8 109
8 113
8 132
8 134
8 156
8 163
8 171
8 196
