0 9
0 34
0 62
0 72
0 82
0 83
0 92
0 97
0 106
0 110
0 119
0 123
0 141
0 147
0 156
0 188
0 198
0 213
0 217
0 222
0 242
0 255
0 269
0 305
0 341
0 371
0 382
1 20
1 25
1 65
1 124
1 128
1 152
1 175
1 183
1 192
1 219
1 244
1 253
1 280
1 319
1 337
1 338
2 4
2 19
2 23
2 31
2 60
2 139
2 185
2 212
2 233
2 241
2 245
2 261
2 267
2 289
2 290
2 300
2 308
2 318
2 340
2 385
3 7
3 10
3 81
3 89
3 90
3 114
3 122
3 205
3 209
3 284
3 334
3 356
3 390
4 16
4 32
4 41
4 49
4 121
4 129
4 199
4 237
4 263
4 285
4 309
4 372
4 374
4 384
4 398
5 26
5 29
5 33
5 36
5 45
5 48
5 58
5 61
5 75
5 78
5 116
5 136
5 173
5 179
5 216
5 226
5 230
5 232
5 260
5 292
5 313
5 320
5 329
5 346
5 347
5 353
5 357
5 377
6 52
6 59
6 66
6 68
6 70
6 104
6 107
6 109
6 113
6 125
6 127
6 161
6 168
6 178
6 182
6 186
6 200
6 202
6 203
6 210
6 243
6 247
6 248
6 257
6 275
6 283
6 298
6 311
6 348
6 350
6 351
6 366
6 367
6 389
7 13
7 126
7 130
7 157
7 165
7 170
7 174
7 204
7 220
7 266
7 281
7 323
7 326
7 328
7 354
7 368
8 1
8 57
8 64
8 74
8 88
8 100
8 112
8 133
8 138
8 142
8 155
8 181
8 191
8 223
8 227
8 236
8 240
8 256
8 262
8 277
8 278
8 295
8 301
8 306
8 333
8 342
8 344
8 349
8 369
8 397
9 3
9 56
9 67
9 69
9 144
9 164
9 231
9 251
9 264
9 268
9 361
9 363
9 364
9 387
10 0
10 44
10 63
10 96
10 137
10 159
10 166
10 201
10 206
10 228
10 229
10 271
10 273
10 274
10 296
10 321
10 352
10 359
10 380
10 381
10 386
10 393
10 394
10 395
11 15
11 46
11 77
11 140
11 160
11 249
11 258
11 265
11 294
11 307
11 317
11 322
11 343
12 11
12 12
12 17
12 71
12 76
12 91
12 93
12 95
12 103
12 132
12 134
12 135
12 145
12 171
12 194
12 239
12 252
12 272
12 279
12 331
12 379
12 383
13 5
13 85
13 99
13 115
13 131
13 148
13 151
13 153
13 193
13 196
13 207
13 214
13 235
13 291
13 302
13 336
13 360
13 376
13 396
14 21
14 35
14 37
14 39
14 51
14 86
14 87
14 111
14 146
14 162
14 172
14 187
14 218
14 225
14 259
14 297
14 312
14 324
14 330
14 332
14 378
14 391
15 24
15 55
15 73
15 102
15 117
15 177
15 195
15 208
15 234
15 310
15 345
16 6
16 28
16 40
16 50
16 167
16 197
16 211
16 246
16 254
16 276
16 299
16 325
16 327
16 335
17 2
17 8
17 38
17 43
17 80
17 84
17 98
17 105
17 108
17 149
17 154
17 189
17 224
17 314
17 355
17 358
17 362
17 373
17 392
18 14
18 27
18 47
18 94
18 120
18 143
18 176
18 184
18 250
18 270
18 303
18 370
18 388
19 18
19 22
19 30
19 42
19 53
19 54
19 79
19 101
19 118
19 150
19 158
19 163
19 169
19 180
19 190
19 215
19 221
19 238
19 282
19 286
19 287
19 288
19 293
19 304
19 315
19 316
19 339
19 365
19 375
19 399
