0 1
0 8
0 11
0 12
0 14
0 17
0 38
0 40
0 97
0 106
0 108
0 130
0 133
0 139
0 148
0 154
0 170
0 193
0 224
0 266
0 283
0 312
0 323
0 359
0 379
0 392
1 0
1 57
1 59
1 134
1 177
1 212
1 252
1 260
1 278
1 294
1 308
1 313
1 314
1 342
1 357
1 363
1 371
1 393
2 7
2 21
2 35
2 44
2 46
2 48
2 61
2 69
2 85
2 86
2 101
2 102
2 128
2 155
2 159
2 173
2 176
2 182
2 209
2 211
2 219
2 223
2 228
2 238
2 243
2 250
2 268
2 269
2 271
2 285
2 296
2 311
2 341
2 365
2 373
2 388
3 50
3 62
3 71
3 74
3 80
3 104
3 115
3 116
3 132
3 158
3 181
3 198
3 201
3 239
3 240
3 263
3 317
3 321
3 336
3 354
3 368
3 381
4 31
4 43
4 98
4 99
4 114
4 123
4 124
4 217
4 220
4 222
4 231
4 236
4 264
4 270
4 281
4 288
4 293
4 304
4 307
4 326
4 339
4 353
4 389
4 391
4 394
5 4
5 78
5 93
5 160
5 195
5 196
5 205
5 232
5 284
5 318
5 345
5 351
5 383
6 18
6 19
6 37
6 76
6 168
6 183
6 247
6 255
6 257
6 265
6 282
6 289
6 298
6 309
6 362
6 366
6 375
6 386
7 10
7 15
7 39
7 42
7 72
7 81
7 84
7 92
7 95
7 96
7 118
7 125
7 165
7 166
7 184
7 199
7 210
7 215
7 216
7 225
7 233
7 248
7 277
7 280
7 299
7 301
7 320
7 322
7 324
7 330
7 343
7 356
7 369
7 382
7 384
7 387
8 16
8 22
8 32
8 49
8 89
8 113
8 119
8 140
8 144
8 149
8 161
8 163
8 191
8 197
8 227
8 230
8 258
8 261
8 272
8 274
8 355
8 376
9 3
9 28
9 55
9 94
9 100
9 121
9 153
9 164
9 178
9 206
9 297
9 305
9 319
9 325
9 334
10 9
10 63
10 64
10 73
10 88
10 90
10 103
10 105
10 110
10 120
10 150
10 156
10 174
10 186
10 200
10 279
10 316
10 327
10 395
11 33
11 107
11 117
11 122
11 129
11 141
11 172
11 189
11 190
11 208
11 249
11 256
11 348
11 361
11 372
11 374
11 399
12 23
12 25
12 27
12 60
12 83
12 109
12 111
12 112
12 131
12 137
12 145
12 151
12 162
12 234
12 242
12 253
12 287
12 292
12 310
12 333
12 344
12 367
12 377
13 30
13 66
13 136
13 157
13 185
13 188
13 202
13 213
13 229
13 241
13 245
13 276
13 295
13 329
13 370
14 5
14 6
14 13
14 24
14 29
14 36
14 67
14 87
14 91
14 126
14 135
14 142
14 167
14 179
14 194
14 218
14 221
14 244
14 246
14 251
14 303
14 306
14 332
14 340
14 350
14 352
14 358
14 364
14 390
15 20
15 45
15 47
15 75
15 79
15 169
15 187
15 192
15 226
15 235
15 259
15 302
15 338
15 346
15 378
15 380
15 385
15 396
16 52
16 68
16 127
16 138
16 171
16 237
16 262
16 275
16 291
16 331
16 337
17 34
17 41
17 70
17 203
17 204
17 315
18 2
18 26
18 51
18 53
18 54
18 56
18 58
18 65
18 77
18 82
18 143
18 146
18 147
18 152
18 175
18 180
18 207
18 214
18 254
18 267
18 273
18 286
18 290
18 300
18 328
18 335
18 347
18 349
18 360
18 397
18 398
