0 7
0 18
0 30
0 33
0 36
0 43
0 59
0 66
0 68
0 70
0 88
0 103
0 150
0 156
0 157
0 168
0 174
0 175
0 211
0 219
0 223
0 224
0 233
0 260
0 271
0 289
0 291
0 298
0 312
0 315
0 326
0 329
0 335
0 341
0 346
0 366
0 393
1 3
1 4
1 22
1 26
1 28
1 32
1 42
1 44
1 54
1 56
1 67
1 72
1 81
1 82
1 116
1 118
1 119
1 121
1 144
1 148
1 152
1 155
1 164
1 167
1 179
1 195
1 206
1 209
1 210
1 216
1 227
1 230
1 232
1 256
1 267
1 277
1 278
1 319
1 330
1 332
1 347
1 356
1 364
1 371
1 376
1 384
1 387
2 23
2 24
2 27
2 62
2 113
2 115
2 120
2 124
2 134
2 137
2 146
2 153
2 176
2 177
2 188
2 214
2 222
2 249
2 252
2 265
2 266
2 268
2 269
2 275
2 288
2 294
2 297
2 300
2 304
2 310
2 321
2 322
2 325
2 339
2 348
2 370
2 380
2 383
3 16
3 19
3 25
3 35
3 53
3 77
3 91
3 100
3 107
3 109
3 122
3 127
3 131
3 143
3 163
3 166
3 172
3 183
3 201
3 207
3 213
3 231
3 235
3 241
3 242
3 259
3 263
3 272
3 279
3 287
3 302
3 314
3 338
3 340
3 350
3 360
3 361
3 381
3 385
3 390
3 396
3 399
4 6
4 10
4 14
4 15
4 39
4 49
4 57
4 58
4 75
4 78
4 83
4 89
4 94
4 97
4 140
4 161
4 169
4 170
4 178
4 181
4 194
4 199
4 217
4 225
4 237
4 258
4 261
4 273
4 280
4 286
4 305
4 313
4 334
4 342
4 355
4 357
4 382
5 0
5 29
5 34
5 41
5 48
5 51
5 69
5 85
5 101
5 117
5 128
5 138
5 145
5 159
5 165
5 171
5 187
5 189
5 192
5 200
5 215
5 228
5 257
5 282
5 295
5 309
5 316
5 336
5 337
5 343
5 354
5 358
5 362
5 365
5 373
5 374
6 2
6 9
6 11
6 38
6 46
6 61
6 63
6 64
6 65
6 73
6 76
6 86
6 90
6 98
6 99
6 102
6 105
6 110
6 114
6 125
6 173
6 182
6 186
6 203
6 204
6 243
6 245
6 248
6 254
6 276
6 283
6 285
6 290
6 301
6 311
6 320
6 323
6 324
6 327
6 328
6 349
6 353
6 369
6 377
6 392
6 394
6 398
7 1
7 40
7 50
7 60
7 74
7 84
7 95
7 112
7 123
7 132
7 133
7 141
7 154
7 160
7 184
7 190
7 198
7 220
7 229
7 234
7 240
7 262
7 270
7 281
7 284
7 292
7 293
7 299
7 308
7 317
7 344
7 345
7 351
7 368
7 397
8 5
8 13
8 20
8 37
8 45
8 47
8 79
8 87
8 92
8 111
8 126
8 129
8 135
8 136
8 142
8 147
8 151
8 191
8 197
8 208
8 218
8 221
8 226
8 244
8 246
8 247
8 251
8 253
8 255
8 274
8 303
8 306
8 331
8 333
8 352
8 363
8 367
8 375
8 378
8 386
9 8
9 12
9 17
9 21
9 31
9 52
9 55
9 71
9 80
9 93
9 96
9 104
9 106
9 108
9 130
9 139
9 149
9 158
9 162
9 180
9 185
9 193
9 196
9 202
9 205
9 212
9 236
9 238
9 239
9 250
9 264
9 296
9 307
9 318
9 359
9 372
9 379
9 388
9 389
9 391
9 395
