0 19
0 25
0 35
0 53
0 77
0 91
0 100
0 107
0 109
0 122
0 131
0 136
0 143
0 163
0 166
0 183
0 201
0 207
0 213
0 231
0 235
0 241
0 242
0 259
0 263
0 272
0 279
0 287
0 302
0 314
0 338
0 340
0 350
0 360
0 361
0 381
0 385
0 390
0 396
0 399
1 2
1 9
1 11
1 38
1 46
1 61
1 63
1 64
1 65
1 66
1 68
1 73
1 76
1 86
1 90
1 98
1 99
1 102
1 103
1 105
1 110
1 114
1 125
1 130
1 182
1 186
1 203
1 243
1 245
1 248
1 254
1 276
1 283
1 285
1 290
1 311
1 320
1 324
1 327
1 328
1 329
1 349
1 353
1 369
1 377
1 392
1 394
1 398
2 7
2 18
2 30
2 33
2 36
2 43
2 59
2 70
2 88
2 150
2 156
2 157
2 168
2 174
2 175
2 211
2 219
2 223
2 224
2 233
2 260
2 271
2 289
2 291
2 298
2 312
2 315
2 326
2 335
2 341
2 346
2 366
2 393
3 3
3 4
3 22
3 26
3 28
3 42
3 44
3 67
3 81
3 82
3 116
3 119
3 121
3 148
3 151
3 155
3 184
3 195
3 206
3 209
3 210
3 216
3 227
3 232
3 256
3 277
3 319
3 330
3 332
3 356
3 371
3 384
3 387
4 0
4 29
4 51
4 69
4 85
4 117
4 128
4 145
4 159
4 172
4 187
4 189
4 192
4 200
4 208
4 215
4 228
4 282
4 295
4 336
4 337
4 354
4 358
4 362
4 365
4 374
4 378
5 23
5 24
5 27
5 62
5 113
5 115
5 120
5 124
5 134
5 137
5 146
5 153
5 176
5 177
5 222
5 249
5 265
5 266
5 269
5 275
5 294
5 297
5 304
5 310
5 321
5 325
5 370
5 380
6 1
6 17
6 40
6 50
6 52
6 60
6 74
6 84
6 112
6 123
6 132
6 133
6 141
6 160
6 188
6 190
6 198
6 212
6 220
6 229
6 234
6 240
6 262
6 264
6 270
6 281
6 284
6 288
6 292
6 293
6 299
6 308
6 317
6 344
6 351
6 368
6 383
6 397
7 14
7 16
7 32
7 49
7 54
7 56
7 58
7 72
7 75
7 118
7 127
7 144
7 152
7 164
7 167
7 169
7 170
7 178
7 179
7 225
7 230
7 237
7 261
7 267
7 278
7 280
7 347
7 355
7 364
7 376
8 5
8 13
8 20
8 37
8 45
8 47
8 79
8 87
8 92
8 111
8 126
8 129
8 135
8 142
8 147
8 191
8 197
8 218
8 221
8 226
8 244
8 246
8 247
8 251
8 253
8 255
8 274
8 303
8 306
8 331
8 333
8 352
8 363
8 367
8 375
8 386
9 6
9 10
9 15
9 39
9 57
9 78
9 83
9 89
9 94
9 97
9 140
9 161
9 181
9 194
9 199
9 214
9 217
9 252
9 258
9 268
9 273
9 286
9 300
9 305
9 313
9 322
9 334
9 339
9 342
9 348
9 357
9 382
10 8
10 12
10 21
10 31
10 55
10 71
10 80
10 93
10 95
10 96
10 104
10 106
10 108
10 139
10 149
10 154
10 158
10 162
10 180
10 185
10 193
10 196
10 202
10 205
10 236
10 238
10 239
10 250
10 296
10 307
10 318
10 345
10 359
10 372
10 379
10 388
10 389
10 391
10 395
11 34
11 41
11 48
11 101
11 138
11 165
11 171
11 173
11 204
11 257
11 301
11 309
11 316
11 323
11 343
11 373
