0 17
0 24
0 52
0 71
0 104
0 123
0 162
0 180
0 188
0 205
0 212
0 220
0 262
0 264
0 265
0 288
0 307
0 308
0 317
0 383
0 388
1 3
1 4
1 22
1 26
1 28
1 42
1 44
1 67
1 69
1 81
1 82
1 116
1 119
1 121
1 148
1 151
1 155
1 195
1 204
1 206
1 209
1 210
1 216
1 227
1 232
1 256
1 277
1 319
1 330
1 332
1 337
1 356
1 364
1 376
1 384
1 387
2 1
2 23
2 27
2 40
2 50
2 60
2 74
2 84
2 112
2 115
2 132
2 133
2 141
2 146
2 160
2 177
2 184
2 190
2 198
2 222
2 229
2 234
2 240
2 270
2 281
2 284
2 292
2 293
2 299
2 304
2 310
2 344
2 351
2 368
2 397
3 19
3 25
3 77
3 183
3 187
3 201
3 241
3 242
3 249
3 259
3 272
3 279
3 314
3 381
3 399
4 7
4 30
4 33
4 36
4 43
4 70
4 88
4 150
4 156
4 157
4 168
4 174
4 175
4 211
4 223
4 224
4 233
4 260
4 271
4 289
4 298
4 312
4 315
4 326
4 335
4 341
4 366
4 393
5 2
5 18
5 51
5 59
5 66
5 68
5 86
5 99
5 103
5 117
5 120
5 124
5 130
5 134
5 176
5 182
5 200
5 219
5 243
5 275
5 276
5 291
5 294
5 329
5 346
5 354
5 358
5 365
5 370
5 377
5 398
6 5
6 13
6 20
6 37
6 45
6 47
6 79
6 87
6 92
6 126
6 129
6 135
6 136
6 142
6 147
6 191
6 197
6 208
6 218
6 221
6 226
6 244
6 246
6 247
6 251
6 253
6 255
6 274
6 303
6 306
6 331
6 333
6 352
6 363
6 367
6 375
6 378
6 386
7 32
7 49
7 54
7 56
7 58
7 72
7 75
7 118
7 144
7 152
7 164
7 167
7 169
7 170
7 178
7 179
7 225
7 230
7 237
7 261
7 267
7 278
7 280
7 347
7 355
8 9
8 38
8 46
8 61
8 63
8 64
8 65
8 73
8 76
8 90
8 98
8 102
8 105
8 110
8 114
8 125
8 173
8 186
8 203
8 245
8 248
8 283
8 285
8 301
8 311
8 320
8 323
8 324
8 327
8 328
8 349
8 353
8 369
8 392
8 394
9 14
9 16
9 35
9 53
9 91
9 100
9 107
9 109
9 111
9 122
9 127
9 131
9 143
9 163
9 166
9 172
9 207
9 213
9 231
9 235
9 263
9 287
9 302
9 338
9 340
9 350
9 360
9 361
9 385
9 390
9 396
10 0
10 29
10 34
10 41
10 48
10 85
10 101
10 128
10 138
10 145
10 159
10 165
10 171
10 189
10 192
10 215
10 228
10 257
10 282
10 295
10 309
10 316
10 336
10 343
10 362
10 373
10 374
11 10
11 15
11 39
11 57
11 78
11 89
11 94
11 97
11 140
11 161
11 181
11 194
11 199
11 305
11 313
11 334
11 342
11 357
11 371
12 8
12 11
12 12
12 21
12 31
12 55
12 80
12 93
12 95
12 96
12 106
12 108
12 139
12 149
12 154
12 158
12 185
12 193
12 196
12 202
12 236
12 238
12 239
12 250
12 254
12 290
12 296
12 318
12 345
12 359
12 372
12 379
12 389
12 391
12 395
13 6
13 62
13 83
13 113
13 137
13 153
13 214
13 217
13 252
13 258
13 266
13 268
13 269
13 273
13 286
13 297
13 300
13 321
13 322
13 325
13 339
13 348
13 380
13 382
