0 1
0 40
0 50
0 60
0 74
0 84
0 95
0 112
0 132
0 133
0 141
0 154
0 155
0 160
0 184
0 190
0 198
0 209
0 210
0 229
0 234
0 240
0 270
0 281
0 284
0 292
0 293
0 299
0 330
0 344
0 345
0 351
0 368
0 384
0 397
1 7
1 19
1 30
1 36
1 51
1 59
1 117
1 156
1 168
1 187
1 200
1 219
1 279
1 289
1 291
1 346
1 354
1 365
2 10
2 15
2 39
2 57
2 78
2 83
2 89
2 94
2 97
2 140
2 161
2 181
2 194
2 199
2 217
2 258
2 273
2 286
2 305
2 313
2 334
2 342
2 357
2 382
3 2
3 18
3 38
3 61
3 63
3 66
3 68
3 86
3 98
3 99
3 103
3 114
3 120
3 124
3 130
3 134
3 182
3 203
3 243
3 245
3 254
3 276
3 283
3 285
3 290
3 311
3 329
3 353
3 358
3 377
3 398
4 3
4 4
4 22
4 26
4 28
4 42
4 44
4 54
4 56
4 72
4 81
4 116
4 118
4 119
4 121
4 164
4 167
4 195
4 206
4 216
4 227
4 230
4 232
4 267
4 277
4 278
4 319
4 332
4 347
4 356
4 371
4 387
5 13
5 20
5 45
5 47
5 79
5 87
5 92
5 129
5 135
5 147
5 197
5 221
5 226
5 247
5 253
5 274
5 303
5 306
5 331
5 333
5 340
5 352
5 363
5 375
6 25
6 35
6 53
6 77
6 91
6 100
6 107
6 109
6 122
6 131
6 136
6 143
6 163
6 166
6 183
6 201
6 207
6 231
6 235
6 241
6 242
6 259
6 263
6 272
6 287
6 302
6 314
6 338
6 350
6 360
6 361
6 381
6 385
6 390
6 396
6 399
7 8
7 11
7 12
7 21
7 31
7 55
7 80
7 93
7 96
7 106
7 108
7 139
7 149
7 158
7 185
7 193
7 196
7 202
7 236
7 238
7 239
7 250
7 296
7 318
7 359
7 372
7 379
7 389
7 391
7 395
8 5
8 37
8 67
8 69
8 82
8 111
8 126
8 142
8 148
8 151
8 159
8 172
8 191
8 208
8 213
8 218
8 244
8 246
8 251
8 255
8 256
8 337
8 364
8 376
9 9
9 46
9 64
9 65
9 73
9 76
9 90
9 102
9 105
9 110
9 125
9 186
9 248
9 301
9 320
9 323
9 324
9 327
9 328
9 349
9 369
9 392
9 394
10 34
10 41
10 48
10 101
10 138
10 165
10 171
10 173
10 192
10 204
10 257
10 309
10 316
10 336
10 343
10 362
10 373
11 6
11 14
11 16
11 32
11 49
11 58
11 75
11 127
11 144
11 152
11 169
11 170
11 178
11 179
11 225
11 237
11 261
11 280
11 355
12 23
12 27
12 62
12 113
12 115
12 137
12 146
12 153
12 176
12 177
12 214
12 222
12 249
12 252
12 266
12 268
12 269
12 275
12 294
12 297
12 300
12 304
12 310
12 321
12 322
12 325
12 339
12 348
12 370
12 380
13 17
13 24
13 52
13 71
13 104
13 123
13 162
13 180
13 188
13 205
13 212
13 220
13 262
13 264
13 265
13 288
13 307
13 308
13 317
13 383
13 388
14 33
14 43
14 70
14 88
14 150
14 157
14 174
14 175
14 211
14 223
14 224
14 233
14 260
14 271
14 298
14 312
14 315
14 326
14 335
14 341
14 366
14 393
15 0
15 29
15 85
15 128
15 145
15 189
15 215
15 228
15 282
15 295
15 367
15 374
15 378
15 386
