0 1
0 40
0 50
0 60
0 74
0 84
0 95
0 112
0 123
0 132
0 133
0 141
0 154
0 160
0 190
0 229
0 270
0 281
0 284
0 293
0 344
0 345
0 351
0 368
0 397
1 2
1 18
1 51
1 59
1 66
1 68
1 103
1 107
1 117
1 120
1 124
1 130
1 134
1 176
1 200
1 219
1 275
1 276
1 294
1 354
1 358
1 365
1 370
2 22
2 26
2 32
2 49
2 54
2 56
2 118
2 144
2 152
2 164
2 167
2 169
2 178
2 179
2 230
2 261
2 267
2 278
2 347
2 355
2 364
3 5
3 37
3 67
3 69
3 82
3 126
3 142
3 151
3 159
3 172
3 191
3 208
3 218
3 244
3 246
3 251
3 255
3 256
3 337
3 376
3 378
3 386
4 23
4 27
4 62
4 113
4 115
4 137
4 146
4 153
4 177
4 214
4 217
4 252
4 266
4 268
4 269
4 273
4 286
4 297
4 300
4 304
4 310
4 321
4 322
4 325
4 339
4 348
5 19
5 77
5 183
5 201
5 241
5 242
5 249
5 259
5 272
5 279
5 314
5 380
5 381
5 399
6 9
6 11
6 46
6 64
6 65
6 73
6 76
6 90
6 102
6 105
6 110
6 114
6 125
6 186
6 248
6 301
6 320
6 324
6 327
6 328
6 349
6 369
6 392
6 394
7 8
7 12
7 21
7 31
7 55
7 71
7 80
7 93
7 96
7 104
7 106
7 108
7 139
7 149
7 158
7 162
7 180
7 185
7 193
7 196
7 202
7 205
7 236
7 238
7 239
7 250
7 296
7 318
7 359
7 372
7 379
7 388
7 389
7 391
7 395
8 13
8 20
8 45
8 47
8 79
8 87
8 92
8 129
8 135
8 136
8 147
8 197
8 221
8 226
8 247
8 253
8 274
8 303
8 306
8 331
8 333
8 340
8 352
8 363
8 367
8 375
9 14
9 16
9 25
9 35
9 53
9 91
9 100
9 109
9 111
9 122
9 127
9 131
9 143
9 163
9 166
9 207
9 213
9 231
9 235
9 263
9 287
9 302
9 338
9 350
9 360
9 361
9 385
9 390
9 396
10 17
10 24
10 52
10 188
10 212
10 220
10 262
10 264
10 265
10 288
10 307
10 308
10 317
10 383
11 38
11 41
11 48
11 61
11 63
11 86
11 98
11 99
11 138
11 165
11 171
11 173
11 182
11 203
11 204
11 224
11 243
11 245
11 254
11 283
11 285
11 290
11 311
11 316
11 323
11 329
11 341
11 343
11 353
11 377
11 398
12 6
12 10
12 15
12 39
12 57
12 58
12 75
12 78
12 83
12 89
12 94
12 97
12 140
12 161
12 170
12 181
12 194
12 199
12 225
12 237
12 258
12 280
12 305
12 313
12 334
12 342
12 357
12 382
13 7
13 30
13 33
13 36
13 43
13 70
13 88
13 150
13 156
13 157
13 168
13 174
13 175
13 211
13 223
13 233
13 260
13 271
13 289
13 291
13 298
13 312
13 315
13 326
13 335
13 346
13 366
13 393
14 0
14 29
14 34
14 85
14 101
14 128
14 145
14 187
14 189
14 192
14 215
14 228
14 257
14 282
14 295
14 309
14 336
14 362
14 373
14 374
15 3
15 4
15 28
15 42
15 72
15 81
15 116
15 119
15 121
15 195
15 216
15 227
15 232
15 277
15 319
15 332
15 356
15 371
15 387
16 44
16 148
16 155
16 184
16 198
16 206
16 209
16 210
16 222
16 234
16 240
16 292
16 299
16 330
16 384
