0 5
0 13
0 45
0 47
0 79
0 87
0 92
0 135
0 136
0 147
0 191
0 197
0 247
0 251
0 253
0 255
0 303
0 306
0 331
0 333
0 352
0 367
0 375
0 386
1 62
1 113
1 115
1 137
1 153
1 176
1 177
1 214
1 249
1 252
1 268
1 269
1 294
1 297
1 300
1 304
1 310
1 321
1 322
1 325
1 339
1 348
1 370
1 380
2 7
2 30
2 33
2 36
2 51
2 70
2 150
2 156
2 168
2 174
2 219
2 223
2 233
2 260
2 271
2 279
2 289
2 291
2 298
2 326
2 335
2 346
2 366
2 393
3 1
3 40
3 50
3 74
3 84
3 95
3 133
3 154
3 155
3 160
3 184
3 190
3 209
3 210
3 229
3 240
3 270
3 284
3 299
3 330
3 351
3 384
4 19
4 25
4 35
4 53
4 77
4 91
4 100
4 131
4 143
4 166
4 183
4 201
4 207
4 241
4 242
4 259
4 263
4 272
4 287
4 302
4 314
4 340
4 350
4 360
4 381
4 385
4 390
4 399
5 2
5 18
5 38
5 43
5 63
5 66
5 68
5 86
5 88
5 98
5 99
5 103
5 124
5 130
5 157
5 175
5 182
5 203
5 211
5 224
5 243
5 245
5 254
5 283
5 285
5 290
5 311
5 312
5 315
5 329
5 341
5 353
5 377
5 398
6 32
6 49
6 54
6 56
6 72
6 75
6 118
6 164
6 167
6 169
6 178
6 179
6 225
6 230
6 261
6 267
6 278
6 347
6 355
7 17
7 24
7 52
7 188
7 212
7 264
7 265
7 288
7 307
8 23
8 27
8 60
8 112
8 123
8 132
8 141
8 146
8 198
8 220
8 222
8 234
8 262
8 266
8 281
8 292
8 293
8 308
8 317
8 344
8 368
8 383
8 397
9 8
9 12
9 21
9 31
9 55
9 71
9 80
9 93
9 96
9 104
9 106
9 108
9 139
9 149
9 158
9 162
9 180
9 185
9 193
9 196
9 202
9 205
9 236
9 238
9 239
9 250
9 296
9 318
9 345
9 359
9 372
9 379
9 388
9 389
9 391
9 395
10 20
10 22
10 26
10 37
10 67
10 82
10 111
10 126
10 129
10 142
10 144
10 151
10 218
10 221
10 226
10 244
10 246
10 256
10 274
10 363
10 364
10 376
11 9
11 11
11 46
11 64
11 65
11 73
11 76
11 90
11 102
11 105
11 110
11 114
11 125
11 186
11 248
11 301
11 320
11 324
11 327
11 328
11 349
11 369
11 392
11 394
12 6
12 14
12 16
12 58
12 127
12 152
12 163
12 170
12 237
12 280
12 382
13 3
13 4
13 28
13 42
13 44
13 81
13 116
13 119
13 121
13 148
13 195
13 206
13 216
13 227
13 232
13 277
13 319
13 332
13 356
13 371
13 387
14 34
14 41
14 48
14 61
14 101
14 138
14 165
14 171
14 173
14 192
14 204
14 257
14 309
14 316
14 323
14 336
14 343
14 362
14 373
15 0
15 29
15 85
15 128
15 145
15 187
15 189
15 208
15 215
15 228
15 282
15 295
15 374
15 378
16 59
16 69
16 107
16 109
16 117
16 120
16 122
16 134
16 159
16 172
16 200
16 213
16 231
16 235
16 275
16 276
16 337
16 338
16 354
16 358
16 361
16 365
16 396
17 10
17 15
17 39
17 57
17 78
17 83
17 89
17 94
17 97
17 140
17 161
17 181
17 194
17 199
17 217
17 258
17 273
17 286
17 305
17 313
17 334
17 342
17 357
