0 3
0 4
0 28
0 42
0 44
0 72
0 81
0 116
0 119
0 121
0 148
0 195
0 206
0 216
0 227
0 232
0 277
0 319
0 332
0 356
0 371
0 387
1 7
1 30
1 33
1 34
1 36
1 51
1 59
1 70
1 101
1 117
1 156
1 168
1 192
1 200
1 219
1 223
1 271
1 289
1 291
1 298
1 309
1 335
1 346
1 354
1 365
1 366
1 373
2 1
2 40
2 50
2 74
2 84
2 95
2 112
2 132
2 133
2 154
2 155
2 160
2 184
2 190
2 209
2 229
2 240
2 270
2 281
2 284
2 292
2 299
2 330
2 344
2 351
2 384
3 19
3 25
3 35
3 53
3 77
3 91
3 100
3 131
3 143
3 163
3 166
3 183
3 201
3 207
3 235
3 241
3 242
3 259
3 263
3 272
3 279
3 287
3 302
3 314
3 338
3 350
3 360
3 381
3 385
3 390
3 399
4 6
4 14
4 83
4 113
4 137
4 153
4 214
4 249
4 252
4 268
4 269
4 297
4 300
4 321
4 322
4 339
4 348
4 380
4 382
5 9
5 41
5 46
5 48
5 61
5 63
5 73
5 76
5 86
5 102
5 105
5 138
5 165
5 171
5 173
5 204
5 285
5 290
5 301
5 316
5 323
5 327
5 343
5 353
5 394
6 0
6 29
6 85
6 128
6 189
6 215
6 228
6 257
6 282
6 295
6 374
7 20
7 45
7 47
7 79
7 87
7 92
7 135
7 147
7 197
7 247
7 303
7 331
7 333
7 340
7 375
8 17
8 52
8 71
8 104
8 162
8 180
8 212
8 236
8 239
8 264
8 265
8 307
8 326
8 388
9 23
9 60
9 62
9 115
9 120
9 124
9 130
9 134
9 146
9 176
9 177
9 198
9 210
9 222
9 234
9 275
9 276
9 293
9 294
9 304
9 310
9 325
9 370
9 377
10 32
10 49
10 54
10 56
10 58
10 75
10 118
10 152
10 164
10 169
10 170
10 178
10 225
10 230
10 237
10 261
10 267
10 278
10 280
10 347
10 355
11 8
11 12
11 21
11 31
11 55
11 80
11 93
11 96
11 106
11 108
11 139
11 149
11 158
11 185
11 193
11 196
11 202
11 205
11 238
11 250
11 296
11 318
11 345
11 359
11 372
11 379
11 389
11 391
11 395
12 37
12 69
12 107
12 109
12 111
12 122
12 136
12 142
12 145
12 159
12 172
12 187
12 208
12 213
12 231
12 336
12 337
12 358
12 361
12 362
12 396
13 2
13 18
13 38
13 43
13 66
13 68
13 88
13 99
13 103
13 150
13 157
13 174
13 175
13 182
13 203
13 211
13 224
13 233
13 243
13 245
13 254
13 260
13 283
13 311
13 312
13 315
13 329
13 341
13 393
13 398
14 5
14 13
14 151
14 191
14 218
14 251
14 253
14 255
14 306
14 352
14 367
14 378
14 386
15 10
15 15
15 39
15 57
15 78
15 89
15 94
15 97
15 140
15 161
15 181
15 194
15 199
15 217
15 258
15 273
15 286
15 305
15 313
15 334
15 342
15 357
16 24
16 27
16 123
16 141
16 188
16 220
16 262
16 266
16 288
16 308
16 317
16 368
16 383
16 397
17 11
17 64
17 65
17 90
17 98
17 110
17 114
17 125
17 186
17 248
17 320
17 324
17 328
17 349
17 369
17 392
18 16
18 22
18 26
18 67
18 82
18 126
18 127
18 129
18 144
18 167
18 179
18 221
18 226
18 244
18 246
18 256
18 274
18 363
18 364
18 376
