0 0
0 3
0 4
0 5
0 6
0 10
0 13
0 14
0 15
0 16
0 19
0 20
0 22
0 25
0 26
0 28
0 29
0 32
0 35
0 37
0 39
0 42
0 44
0 45
0 47
0 49
0 53
0 54
0 56
0 57
0 58
0 62
0 67
0 69
0 72
0 75
0 77
0 78
0 79
0 81
0 82
0 83
0 85
0 87
0 89
0 91
0 92
0 94
0 97
0 100
0 107
0 109
0 111
0 113
0 116
0 118
0 119
0 121
0 122
0 126
0 127
0 128
0 129
0 131
0 135
0 136
0 137
0 140
0 142
0 143
0 144
0 145
0 147
0 151
0 152
0 153
0 159
0 161
0 163
0 164
0 166
0 167
0 169
0 170
0 172
0 178
0 179
0 181
0 183
0 187
0 189
0 191
0 194
0 195
0 197
0 199
0 201
0 206
0 207
0 208
0 210
0 213
0 214
0 215
0 216
0 217
0 218
0 221
0 225
0 226
0 227
0 230
0 231
0 232
0 235
0 237
0 241
0 242
0 244
0 246
0 247
0 249
0 251
0 252
0 253
0 255
0 256
0 258
0 259
0 261
0 263
0 267
0 268
0 272
0 273
0 274
0 275
0 277
0 278
0 280
0 282
0 286
0 287
0 295
0 297
0 300
0 302
0 303
0 305
0 306
0 313
0 314
0 319
0 322
0 325
0 331
0 332
0 333
0 334
0 337
0 338
0 339
0 340
0 342
0 347
0 348
0 350
0 352
0 355
0 356
0 357
0 358
0 360
0 361
0 363
0 364
0 367
0 371
0 375
0 376
0 378
0 380
0 381
0 382
0 385
0 386
0 387
0 390
0 396
0 399
1 1
1 2
1 7
1 8
1 9
1 11
1 12
1 17
1 18
1 21
1 23
1 24
1 27
1 30
1 31
1 33
1 34
1 36
1 38
1 40
1 41
1 43
1 46
1 48
1 50
1 51
1 52
1 55
1 59
1 60
1 61
1 63
1 64
1 65
1 66
1 68
1 70
1 71
1 73
1 74
1 76
1 80
1 84
1 86
1 88
1 90
1 93
1 95
1 96
1 98
1 99
1 101
1 102
1 103
1 104
1 105
1 106
1 108
1 110
1 112
1 114
1 115
1 117
1 120
1 123
1 124
1 125
1 130
1 132
1 133
1 134
1 138
1 139
1 141
1 146
1 148
1 149
1 150
1 154
1 155
1 156
1 157
1 158
1 160
1 162
1 165
1 168
1 171
1 173
1 174
1 175
1 176
1 177
1 180
1 182
1 184
1 185
1 186
1 188
1 190
1 192
1 193
1 196
1 198
1 200
1 202
1 203
1 204
1 205
1 209
1 211
1 212
1 219
1 220
1 222
1 223
1 224
1 228
1 229
1 233
1 234
1 236
1 238
1 239
1 240
1 243
1 245
1 248
1 250
1 254
1 257
1 260
1 262
1 264
1 265
1 266
1 269
1 270
1 271
1 276
1 279
1 281
1 283
1 284
1 285
1 288
1 289
1 290
1 291
1 292
1 293
1 294
1 296
1 298
1 299
1 301
1 304
1 307
1 308
1 309
1 310
1 311
1 312
1 315
1 316
1 317
1 318
1 320
1 321
1 323
1 324
1 326
1 327
1 328
1 329
1 330
1 335
1 336
1 341
1 343
1 344
1 345
1 346
1 349
1 351
1 353
1 354
1 359
1 362
1 365
1 366
1 368
1 369
1 370
1 372
1 373
1 374
1 377
1 379
1 383
1 384
1 388
1 389
1 391
1 392
1 393
1 394
1 395
1 397
1 398
