0 3
0 4
0 6
0 10
0 14
0 15
0 16
0 22
0 26
0 28
0 32
0 39
0 42
0 44
0 49
0 54
0 56
0 57
0 58
0 67
0 72
0 75
0 78
0 81
0 82
0 83
0 89
0 94
0 97
0 116
0 118
0 119
0 121
0 127
0 129
0 137
0 140
0 144
0 152
0 153
0 161
0 164
0 167
0 169
0 170
0 178
0 179
0 181
0 194
0 195
0 199
0 206
0 209
0 210
0 214
0 216
0 217
0 225
0 227
0 230
0 232
0 237
0 252
0 256
0 258
0 261
0 267
0 268
0 273
0 275
0 277
0 278
0 280
0 286
0 297
0 299
0 300
0 305
0 313
0 319
0 322
0 325
0 332
0 334
0 339
0 342
0 347
0 348
0 355
0 356
0 357
0 364
0 371
0 376
0 382
0 384
0 387
1 0
1 5
1 7
1 13
1 19
1 20
1 25
1 29
1 30
1 33
1 34
1 35
1 36
1 37
1 45
1 47
1 51
1 53
1 59
1 69
1 70
1 77
1 79
1 85
1 87
1 91
1 92
1 100
1 101
1 103
1 107
1 109
1 111
1 117
1 122
1 126
1 128
1 131
1 135
1 136
1 138
1 142
1 143
1 145
1 147
1 151
1 156
1 159
1 163
1 166
1 168
1 172
1 183
1 187
1 189
1 191
1 192
1 197
1 200
1 201
1 207
1 208
1 213
1 215
1 218
1 219
1 221
1 223
1 226
1 228
1 231
1 235
1 241
1 242
1 244
1 246
1 247
1 249
1 251
1 253
1 255
1 257
1 259
1 263
1 272
1 274
1 279
1 282
1 287
1 289
1 291
1 295
1 298
1 302
1 303
1 306
1 309
1 314
1 321
1 331
1 333
1 336
1 337
1 338
1 340
1 346
1 350
1 352
1 354
1 358
1 360
1 361
1 362
1 363
1 365
1 366
1 367
1 373
1 374
1 375
1 378
1 380
1 381
1 385
1 386
1 390
1 396
1 399
2 1
2 2
2 8
2 9
2 11
2 12
2 17
2 18
2 21
2 23
2 24
2 27
2 31
2 38
2 40
2 41
2 43
2 46
2 48
2 50
2 52
2 55
2 60
2 61
2 62
2 63
2 64
2 65
2 66
2 68
2 71
2 73
2 74
2 76
2 80
2 84
2 86
2 88
2 90
2 93
2 95
2 96
2 98
2 99
2 102
2 104
2 105
2 106
2 108
2 110
2 112
2 113
2 114
2 115
2 120
2 123
2 124
2 125
2 130
2 132
2 133
2 134
2 139
2 141
2 146
2 148
2 149
2 150
2 154
2 155
2 157
2 158
2 160
2 162
2 165
2 171
2 173
2 174
2 175
2 176
2 177
2 180
2 182
2 184
2 185
2 186
2 188
2 190
2 193
2 196
2 198
2 202
2 203
2 204
2 205
2 211
2 212
2 220
2 222
2 224
2 229
2 233
2 234
2 236
2 238
2 239
2 240
2 243
2 245
2 248
2 250
2 254
2 260
2 262
2 264
2 265
2 266
2 269
2 270
2 271
2 276
2 281
2 283
2 284
2 285
2 288
2 290
2 292
2 293
2 294
2 296
2 301
2 304
2 307
2 308
2 310
2 311
2 312
2 315
2 316
2 317
2 318
2 320
2 323
2 324
2 326
2 327
2 328
2 329
2 330
2 335
2 341
2 343
2 344
2 345
2 349
2 351
2 353
2 359
2 368
2 369
2 370
2 372
2 377
2 379
2 383
2 388
2 389
2 391
2 392
2 393
2 394
2 395
2 397
2 398
