0 17
0 23
0 24
0 27
0 60
0 62
0 83
0 113
0 115
0 132
0 137
0 146
0 153
0 176
0 177
0 188
0 198
0 214
0 222
0 234
0 240
0 249
0 252
0 262
0 265
0 266
0 268
0 269
0 270
0 273
0 275
0 281
0 286
0 288
0 292
0 293
0 294
0 297
0 299
0 300
0 304
0 310
0 317
0 321
0 322
0 325
0 339
0 348
0 368
0 370
0 380
0 383
1 2
1 7
1 9
1 18
1 30
1 33
1 34
1 36
1 38
1 41
1 43
1 46
1 48
1 51
1 59
1 61
1 63
1 64
1 65
1 66
1 68
1 70
1 73
1 76
1 86
1 88
1 90
1 98
1 99
1 101
1 102
1 103
1 105
1 110
1 114
1 120
1 124
1 125
1 130
1 134
1 138
1 150
1 156
1 157
1 165
1 168
1 171
1 173
1 174
1 175
1 182
1 186
1 192
1 200
1 203
1 204
1 211
1 219
1 223
1 224
1 233
1 243
1 245
1 248
1 254
1 257
1 260
1 271
1 276
1 283
1 285
1 289
1 290
1 291
1 298
1 301
1 309
1 311
1 312
1 315
1 316
1 320
1 323
1 324
1 326
1 327
1 328
1 329
1 335
1 336
1 341
1 343
1 346
1 349
1 353
1 354
1 362
1 365
1 366
1 369
1 373
1 377
1 392
1 393
1 394
1 398
2 3
2 4
2 6
2 10
2 14
2 15
2 16
2 22
2 26
2 28
2 32
2 39
2 42
2 44
2 49
2 54
2 56
2 57
2 58
2 67
2 72
2 75
2 78
2 81
2 82
2 89
2 94
2 97
2 116
2 118
2 119
2 121
2 127
2 140
2 144
2 152
2 161
2 164
2 167
2 169
2 170
2 178
2 179
2 181
2 194
2 195
2 199
2 206
2 209
2 210
2 216
2 217
2 225
2 227
2 230
2 232
2 237
2 256
2 258
2 261
2 267
2 277
2 278
2 280
2 305
2 313
2 319
2 330
2 332
2 334
2 342
2 347
2 355
2 356
2 357
2 364
2 371
2 376
2 382
2 384
2 387
3 0
3 5
3 13
3 19
3 20
3 25
3 29
3 35
3 37
3 45
3 47
3 53
3 69
3 77
3 79
3 85
3 87
3 91
3 92
3 100
3 107
3 109
3 111
3 117
3 122
3 126
3 128
3 129
3 131
3 135
3 136
3 142
3 143
3 145
3 147
3 151
3 159
3 163
3 166
3 172
3 183
3 187
3 189
3 191
3 197
3 201
3 207
3 208
3 213
3 215
3 218
3 221
3 226
3 228
3 231
3 235
3 241
3 242
3 244
3 246
3 247
3 251
3 253
3 255
3 259
3 263
3 272
3 274
3 279
3 282
3 287
3 295
3 302
3 303
3 306
3 314
3 331
3 333
3 337
3 338
3 340
3 350
3 352
3 358
3 360
3 361
3 363
3 367
3 374
3 375
3 378
3 381
3 385
3 386
3 390
3 396
3 399
4 1
4 8
4 11
4 12
4 21
4 31
4 40
4 50
4 52
4 55
4 71
4 74
4 80
4 84
4 93
4 95
4 96
4 104
4 106
4 108
4 112
4 123
4 133
4 139
4 141
4 148
4 149
4 154
4 155
4 158
4 160
4 162
4 180
4 184
4 185
4 190
4 193
4 196
4 202
4 205
4 212
4 220
4 229
4 236
4 238
4 239
4 250
4 264
4 284
4 296
4 307
4 308
4 318
4 344
4 345
4 351
4 359
4 372
4 379
4 388
4 389
4 391
4 395
4 397
