0 3
0 4
0 22
0 26
0 28
0 32
0 42
0 44
0 49
0 54
0 56
0 67
0 72
0 81
0 82
0 116
0 118
0 119
0 121
0 129
0 144
0 148
0 151
0 152
0 155
0 164
0 167
0 169
0 178
0 179
0 195
0 206
0 209
0 210
0 216
0 218
0 227
0 230
0 232
0 244
0 256
0 261
0 267
0 277
0 278
0 319
0 330
0 332
0 347
0 355
0 356
0 364
0 371
0 376
0 384
0 387
1 17
1 23
1 24
1 27
1 60
1 62
1 112
1 113
1 115
1 120
1 124
1 130
1 132
1 134
1 141
1 146
1 153
1 176
1 177
1 188
1 198
1 222
1 234
1 240
1 249
1 262
1 265
1 266
1 269
1 270
1 275
1 281
1 288
1 292
1 293
1 294
1 299
1 304
1 310
1 317
1 321
1 325
1 344
1 368
1 370
1 380
1 383
1 397
2 1
2 8
2 12
2 21
2 31
2 40
2 50
2 52
2 55
2 71
2 74
2 80
2 84
2 93
2 95
2 96
2 104
2 106
2 108
2 123
2 133
2 139
2 149
2 154
2 158
2 160
2 162
2 180
2 184
2 185
2 190
2 193
2 196
2 202
2 205
2 212
2 220
2 229
2 236
2 238
2 239
2 250
2 264
2 284
2 296
2 307
2 308
2 318
2 345
2 351
2 359
2 372
2 379
2 388
2 389
2 391
2 395
3 7
3 18
3 30
3 33
3 36
3 43
3 51
3 59
3 66
3 68
3 70
3 88
3 103
3 150
3 156
3 157
3 168
3 174
3 175
3 211
3 219
3 223
3 224
3 233
3 260
3 271
3 279
3 289
3 291
3 298
3 312
3 315
3 326
3 329
3 335
3 341
3 346
3 354
3 365
3 366
3 393
4 6
4 10
4 14
4 15
4 39
4 57
4 58
4 75
4 78
4 83
4 89
4 94
4 97
4 137
4 140
4 161
4 170
4 181
4 194
4 199
4 214
4 217
4 225
4 237
4 252
4 258
4 268
4 273
4 280
4 286
4 297
4 300
4 305
4 313
4 322
4 334
4 339
4 342
4 348
4 357
4 382
5 2
5 9
5 11
5 38
5 46
5 61
5 63
5 64
5 65
5 73
5 76
5 86
5 90
5 98
5 99
5 102
5 105
5 110
5 114
5 125
5 173
5 182
5 186
5 203
5 204
5 243
5 245
5 248
5 254
5 276
5 283
5 285
5 290
5 301
5 311
5 320
5 323
5 324
5 327
5 328
5 349
5 353
5 369
5 377
5 392
5 394
5 398
6 0
6 5
6 29
6 34
6 37
6 41
6 48
6 69
6 85
6 101
6 117
6 128
6 138
6 142
6 145
6 159
6 165
6 171
6 187
6 189
6 191
6 192
6 200
6 208
6 215
6 228
6 251
6 255
6 257
6 282
6 295
6 309
6 316
6 336
6 337
6 343
6 358
6 362
6 367
6 373
6 374
6 378
6 386
7 13
7 16
7 19
7 20
7 25
7 35
7 45
7 47
7 53
7 77
7 79
7 87
7 91
7 92
7 100
7 107
7 109
7 111
7 122
7 126
7 127
7 131
7 135
7 136
7 143
7 147
7 163
7 166
7 172
7 183
7 197
7 201
7 207
7 213
7 221
7 226
7 231
7 235
7 241
7 242
7 246
7 247
7 253
7 259
7 263
7 272
7 274
7 287
7 302
7 303
7 306
7 314
7 331
7 333
7 338
7 340
7 350
7 352
7 360
7 361
7 363
7 375
7 381
7 385
7 390
7 396
7 399
