0 25
0 107
0 125
0 143
0 155
0 166
0 182
0 250
0 295
0 315
0 327
0 371
1 0
1 3
1 12
1 14
1 15
1 19
1 22
1 26
1 27
1 34
1 36
1 43
1 47
1 49
1 55
1 56
1 57
1 59
1 66
1 68
1 73
1 77
1 93
1 96
1 101
1 108
1 114
1 119
1 122
1 123
1 126
1 128
1 132
1 135
1 136
1 140
1 150
1 156
1 157
1 158
1 164
1 168
1 175
1 178
1 186
1 189
1 192
1 199
1 211
1 222
1 237
1 239
1 242
1 245
1 251
1 255
1 266
1 270
1 271
1 272
1 273
1 274
1 277
1 280
1 281
1 282
1 290
1 294
1 303
1 305
1 308
1 309
1 310
1 311
1 316
1 320
1 331
1 338
1 341
1 349
1 354
1 356
1 357
1 364
1 365
1 369
1 375
1 376
1 394
2 7
2 8
2 11
2 13
2 23
2 71
2 78
2 112
2 138
2 145
2 149
2 193
2 244
2 261
2 265
2 288
2 302
2 328
2 377
2 383
2 389
3 9
3 28
3 30
3 39
3 42
3 46
3 48
3 54
3 65
3 79
3 90
3 92
3 95
3 104
3 173
3 179
3 197
3 198
3 202
3 216
3 233
3 240
3 268
3 304
3 318
3 322
3 339
3 385
3 388
4 1
4 20
4 21
4 29
4 31
4 35
4 40
4 50
4 51
4 60
4 63
4 69
4 70
4 86
4 87
4 89
4 124
4 133
4 139
4 147
4 162
4 177
4 194
4 201
4 203
4 205
4 208
4 213
4 225
4 227
4 229
4 231
4 243
4 248
4 253
4 285
4 296
4 298
4 299
4 300
4 330
4 332
4 335
4 345
4 355
4 367
4 390
4 391
5 4
5 5
5 6
5 10
5 16
5 18
5 38
5 41
5 44
5 45
5 52
5 61
5 62
5 67
5 72
5 74
5 81
5 83
5 84
5 88
5 91
5 94
5 97
5 99
5 100
5 102
5 106
5 109
5 111
5 113
5 115
5 117
5 121
5 131
5 137
5 141
5 144
5 146
5 151
5 154
5 159
5 161
5 165
5 167
5 169
5 174
5 184
5 185
5 187
5 188
5 190
5 191
5 195
5 196
5 200
5 204
5 206
5 209
5 212
5 215
5 217
5 219
5 220
5 221
5 223
5 224
5 234
5 235
5 238
5 241
5 246
5 249
5 252
5 256
5 257
5 258
5 259
5 262
5 264
5 276
5 278
5 279
5 283
5 287
5 292
5 293
5 297
5 312
5 314
5 317
5 319
5 321
5 324
5 325
5 326
5 334
5 337
5 340
5 342
5 344
5 347
5 350
5 351
5 352
5 358
5 361
5 363
5 370
5 378
5 380
5 381
5 382
5 386
5 387
5 393
5 395
5 396
5 397
5 399
6 53
6 75
6 163
6 180
6 247
6 291
6 313
6 353
6 362
6 384
7 17
7 24
7 64
7 80
7 82
7 103
7 110
7 129
7 130
7 142
7 148
7 152
7 160
7 170
7 171
7 181
7 210
7 214
7 218
7 236
7 269
7 286
7 289
7 301
7 306
7 336
7 346
7 348
7 359
7 360
7 366
7 368
7 372
7 373
7 398
8 76
8 120
8 228
8 307
8 323
8 333
8 379
8 392
9 2
9 32
9 33
9 37
9 58
9 85
9 98
9 105
9 116
9 118
9 127
9 134
9 153
9 172
9 176
9 183
9 207
9 226
9 230
9 232
9 254
9 260
9 263
9 267
9 275
9 284
9 329
9 343
9 374
