0 16
0 22
0 39
0 49
0 51
0 59
0 72
0 78
0 84
0 92
0 93
0 95
0 96
0 113
0 118
0 126
0 140
0 144
0 155
0 163
0 177
0 191
0 196
0 197
0 205
0 210
0 216
0 225
0 250
0 252
0 272
0 277
0 280
0 284
0 294
0 318
0 322
0 325
0 330
0 355
0 360
0 376
0 383
0 393
1 3
1 9
1 42
1 48
1 56
1 77
1 79
1 86
1 87
1 88
1 116
1 162
1 166
1 167
1 178
1 184
1 185
1 186
1 187
1 206
1 212
1 244
1 254
1 262
1 283
1 288
1 292
1 303
1 308
1 328
1 341
1 362
1 367
1 391
1 397
2 1
2 2
2 19
2 41
2 46
2 54
2 57
2 58
2 63
2 64
2 82
2 136
2 150
2 171
2 181
2 200
2 202
2 204
2 223
2 228
2 243
2 247
2 255
2 273
2 278
2 279
2 287
2 300
2 313
2 338
2 342
2 354
2 363
3 15
3 36
3 71
3 75
3 80
3 91
3 112
3 119
3 123
3 142
3 147
3 152
3 169
3 234
3 239
3 256
3 267
3 285
3 289
3 335
3 344
3 364
3 371
3 375
3 377
3 381
4 4
4 10
4 12
4 17
4 26
4 28
4 30
4 31
4 50
4 74
4 100
4 109
4 111
4 124
4 131
4 134
4 145
4 148
4 158
4 175
4 214
4 230
4 232
4 236
4 253
4 258
4 261
4 264
4 281
4 290
4 299
4 305
4 317
4 319
4 334
4 336
4 357
4 378
4 379
4 398
5 8
5 14
5 38
5 40
5 73
5 94
5 97
5 105
5 121
5 125
5 132
5 146
5 157
5 170
5 174
5 188
5 209
5 222
5 229
5 231
5 245
5 271
5 293
5 296
5 304
5 307
5 316
5 326
5 327
5 329
5 339
5 347
6 18
6 21
6 34
6 37
6 52
6 61
6 62
6 68
6 159
6 173
6 176
6 182
6 226
6 233
6 237
6 238
6 240
6 241
6 248
6 257
6 265
6 269
6 298
6 301
6 302
6 311
6 320
6 337
6 346
6 385
6 386
6 388
7 7
7 23
7 66
7 76
7 90
7 101
7 135
7 168
7 172
7 179
7 183
7 194
7 211
7 249
7 259
7 340
7 361
7 366
7 380
7 396
8 13
8 29
8 32
8 45
8 53
8 65
8 81
8 89
8 143
8 153
8 161
8 180
8 189
8 199
8 207
8 260
8 274
8 297
8 306
8 349
8 384
9 20
9 69
9 70
9 85
9 102
9 103
9 120
9 127
9 128
9 139
9 156
9 165
9 203
9 268
9 270
9 291
9 315
9 324
9 343
9 365
9 389
9 395
10 0
10 11
10 25
10 43
10 55
10 98
10 99
10 106
10 110
10 114
10 115
10 130
10 133
10 141
10 149
10 154
10 160
10 164
10 190
10 193
10 195
10 198
10 201
10 217
10 220
10 224
10 227
10 242
10 263
10 266
10 312
10 314
10 321
10 323
10 333
10 345
10 351
10 353
10 356
10 359
10 368
10 372
10 382
10 387
10 392
10 394
11 5
11 6
11 24
11 27
11 33
11 35
11 44
11 47
11 60
11 67
11 83
11 104
11 107
11 108
11 117
11 122
11 129
11 137
11 138
11 151
11 192
11 208
11 213
11 215
11 218
11 219
11 221
11 235
11 246
11 251
11 275
11 276
11 282
11 286
11 295
11 309
11 310
11 331
11 332
11 348
11 350
11 352
11 358
11 369
11 370
11 373
11 374
11 390
11 399
