0 1
0 25
0 29
0 31
0 40
0 50
0 60
0 107
0 143
0 147
0 155
0 166
0 176
0 182
0 203
0 208
0 213
0 250
0 284
0 295
0 300
0 315
0 327
0 332
0 335
1 3
1 5
1 6
1 10
1 18
1 38
1 41
1 44
1 45
1 52
1 61
1 62
1 67
1 72
1 74
1 81
1 83
1 88
1 91
1 94
1 97
1 99
1 102
1 106
1 109
1 111
1 117
1 121
1 131
1 141
1 144
1 146
1 151
1 154
1 159
1 161
1 165
1 167
1 169
1 174
1 184
1 185
1 187
1 188
1 190
1 192
1 195
1 196
1 200
1 204
1 206
1 209
1 212
1 215
1 217
1 219
1 220
1 221
1 223
1 224
1 234
1 235
1 238
1 241
1 246
1 249
1 252
1 256
1 257
1 258
1 259
1 262
1 264
1 276
1 278
1 279
1 283
1 287
1 292
1 293
1 297
1 312
1 314
1 317
1 319
1 321
1 324
1 325
1 326
1 334
1 337
1 340
1 342
1 344
1 347
1 350
1 351
1 352
1 358
1 361
1 363
1 370
1 378
1 380
1 381
1 382
1 386
1 387
1 393
1 395
1 396
1 397
1 399
2 11
2 76
2 110
2 112
2 120
2 228
2 302
2 307
2 323
2 377
2 379
2 383
2 392
3 24
3 32
3 59
3 64
3 66
3 80
3 82
3 103
3 129
3 132
3 142
3 148
3 152
3 170
3 181
3 201
3 210
3 218
3 236
3 269
3 286
3 289
3 301
3 306
3 336
3 346
3 354
3 359
3 360
3 366
3 368
3 372
3 373
3 394
3 398
4 4
4 12
4 15
4 16
4 17
4 26
4 43
4 55
4 68
4 73
4 77
4 84
4 93
4 100
4 108
4 113
4 115
4 135
4 136
4 137
4 140
4 156
4 157
4 168
4 171
4 175
4 186
4 189
4 191
4 199
4 237
4 239
4 245
4 272
4 280
4 281
4 290
4 294
4 303
4 308
4 310
4 320
4 331
4 349
5 28
5 33
5 48
5 54
5 65
5 104
5 173
5 183
5 197
5 233
5 322
6 2
6 8
6 23
6 37
6 58
6 71
6 78
6 85
6 98
6 116
6 118
6 127
6 134
6 138
6 145
6 149
6 153
6 160
6 172
6 193
6 207
6 214
6 226
6 230
6 232
6 244
6 254
6 260
6 261
6 263
6 267
6 288
6 291
6 329
6 348
6 374
6 389
7 53
7 75
7 163
7 180
7 247
7 313
7 353
7 362
7 384
8 333
9 9
9 30
9 39
9 42
9 46
9 79
9 90
9 92
9 95
9 179
9 202
9 216
9 240
9 268
9 304
9 318
9 339
9 385
9 388
10 20
10 21
10 35
10 36
10 47
10 51
10 57
10 63
10 69
10 70
10 86
10 87
10 89
10 96
10 105
10 114
10 126
10 133
10 139
10 158
10 162
10 177
10 178
10 194
10 205
10 225
10 227
10 229
10 231
10 242
10 243
10 248
10 253
10 274
10 275
10 282
10 285
10 296
10 298
10 299
10 305
10 330
10 338
10 343
10 355
10 356
10 357
10 367
10 375
10 376
10 390
10 391
11 0
11 14
11 19
11 22
11 27
11 34
11 49
11 56
11 101
11 119
11 122
11 123
11 124
11 125
11 128
11 150
11 164
11 198
11 211
11 222
11 251
11 255
11 266
11 270
11 271
11 273
11 277
11 309
11 311
11 316
11 341
11 345
11 364
11 365
11 369
11 371
12 7
12 13
12 130
12 265
12 328
