0 2
0 6
0 11
0 12
0 46
0 61
0 65
0 71
0 73
0 93
0 102
0 104
0 203
0 289
0 322
0 329
0 379
0 389
1 7
1 15
1 18
1 19
1 66
1 68
1 70
1 88
1 100
1 106
1 107
1 120
1 122
1 123
1 130
1 134
1 140
1 141
1 153
1 161
1 163
1 175
1 194
1 197
1 198
1 220
1 222
1 241
1 271
1 275
1 276
1 281
1 283
1 304
1 315
1 317
1 340
1 350
1 368
1 384
1 395
2 22
2 25
2 53
2 109
2 111
2 136
2 142
2 151
2 166
2 170
2 218
2 228
2 253
2 274
2 280
2 295
2 302
2 321
2 331
2 361
2 367
2 378
2 381
2 382
3 1
3 3
3 4
3 10
3 20
3 28
3 35
3 40
3 44
3 47
3 56
3 57
3 67
3 74
3 75
3 78
3 81
3 85
3 86
3 94
3 116
3 133
3 138
3 148
3 149
3 152
3 154
3 155
3 159
3 164
3 167
3 169
3 184
3 204
3 239
3 243
3 244
3 262
3 270
3 277
3 278
3 306
3 318
3 319
3 330
3 332
3 336
3 342
3 346
3 353
3 356
3 363
3 364
3 387
3 390
3 397
4 9
4 36
4 77
4 99
4 117
4 157
4 174
4 187
4 252
4 258
4 312
4 326
4 327
4 362
4 393
5 21
5 23
5 24
5 27
5 50
5 60
5 89
5 96
5 112
5 113
5 137
5 146
5 190
5 195
5 206
5 209
5 210
5 227
5 229
5 234
5 238
5 250
5 273
5 300
5 344
5 348
5 380
5 388
6 72
6 121
6 150
6 176
6 178
6 183
6 199
6 214
6 216
6 217
6 232
6 233
6 236
6 240
6 261
6 264
6 267
6 268
6 269
6 284
6 288
6 293
6 313
6 325
6 338
6 370
7 14
7 26
7 32
7 39
7 42
7 45
7 49
7 54
7 58
7 79
7 83
7 97
7 119
7 127
7 129
7 143
7 179
7 181
7 225
7 226
7 230
7 237
7 246
7 256
7 286
7 287
7 297
7 305
7 339
7 347
7 371
7 385
7 396
8 31
8 33
8 38
8 52
8 55
8 63
8 76
8 84
8 90
8 91
8 95
8 108
8 114
8 125
8 139
8 168
8 182
8 186
8 193
8 202
8 205
8 224
8 235
8 245
8 285
8 298
8 301
8 307
8 308
8 320
8 335
8 351
8 358
8 366
8 369
8 377
8 398
9 17
9 62
9 101
9 115
9 124
9 172
9 188
9 192
9 207
9 219
9 223
9 247
9 259
9 266
9 279
9 303
9 337
9 341
9 355
9 360
9 365
9 383
9 399
10 29
10 41
10 43
10 48
10 64
10 105
10 135
10 145
10 165
10 171
10 173
10 208
10 257
10 260
10 272
10 291
10 309
10 314
10 328
10 343
10 373
10 374
10 392
10 394
11 8
11 80
11 110
11 196
11 212
11 249
11 290
11 294
11 345
11 349
12 98
12 132
12 158
12 160
12 162
12 177
12 180
12 185
12 211
12 248
12 254
12 265
12 292
12 296
12 299
12 310
12 311
12 324
12 334
12 359
12 372
12 391
13 0
13 5
13 13
13 16
13 30
13 34
13 37
13 51
13 59
13 69
13 82
13 87
13 92
13 103
13 118
13 126
13 128
13 131
13 144
13 147
13 156
13 189
13 191
13 200
13 201
13 213
13 215
13 221
13 231
13 242
13 251
13 255
13 263
13 282
13 316
13 323
13 333
13 352
13 354
13 357
13 375
13 376
13 386
