0 29
0 38
0 48
0 64
0 76
0 90
0 171
0 257
0 260
0 285
0 291
0 301
0 309
0 328
0 335
0 343
0 392
0 394
1 1
1 3
1 4
1 10
1 40
1 44
1 50
1 57
1 78
1 81
1 116
1 137
1 146
1 167
1 209
1 227
1 273
1 278
1 300
1 332
1 342
1 356
1 387
2 26
2 49
2 54
2 124
2 127
2 150
2 178
2 188
2 226
2 268
2 303
2 347
2 399
3 71
3 98
3 132
3 162
3 177
3 185
3 248
3 254
3 292
3 296
3 299
3 310
3 311
3 324
3 334
3 359
3 372
3 391
4 7
4 15
4 19
4 68
4 106
4 122
4 123
4 140
4 141
4 158
4 180
4 190
4 194
4 220
4 271
4 275
4 283
4 340
4 384
4 395
5 16
5 18
5 62
5 107
5 115
5 120
5 153
5 163
5 172
5 175
5 197
5 198
5 207
5 222
5 223
5 241
5 266
5 276
5 281
5 304
5 317
5 337
5 350
5 365
5 368
6 14
6 20
6 32
6 45
6 56
6 58
6 79
6 83
6 97
6 119
6 129
6 143
6 152
6 181
6 225
6 230
6 246
6 256
6 305
6 306
6 371
6 396
7 41
7 43
7 105
7 135
7 145
7 157
7 165
7 173
7 208
7 272
7 314
7 321
7 326
7 373
7 374
8 22
8 25
8 39
8 87
8 111
8 118
8 128
8 136
8 147
8 151
8 170
8 218
8 221
8 231
8 247
8 263
8 280
8 287
8 297
8 302
8 331
8 357
8 367
9 8
9 52
9 80
9 84
9 108
9 110
9 212
9 249
9 265
9 290
9 294
9 307
9 308
9 345
9 349
10 2
10 6
10 11
10 12
10 46
10 61
10 65
10 73
10 93
10 102
10 104
10 196
10 203
10 289
10 322
10 329
10 379
10 389
11 121
11 161
11 176
11 183
11 199
11 206
11 214
11 216
11 217
11 232
11 233
11 236
11 240
11 261
11 269
11 284
11 293
11 325
11 338
11 370
11 380
12 9
12 17
12 53
12 101
12 166
12 192
12 219
12 228
12 259
12 274
12 279
12 295
12 341
12 355
12 360
12 361
12 378
12 381
12 382
12 383
13 33
13 55
13 66
13 70
13 114
13 125
13 160
13 182
13 186
13 193
13 202
13 205
13 211
13 235
13 245
13 298
13 320
13 358
13 366
13 369
13 377
13 398
14 28
14 31
14 35
14 47
14 67
14 69
14 74
14 75
14 86
14 95
14 133
14 138
14 144
14 148
14 149
14 154
14 155
14 159
14 164
14 169
14 184
14 213
14 239
14 243
14 244
14 262
14 270
14 277
14 318
14 319
14 330
14 336
14 346
14 353
14 363
14 364
14 390
14 397
15 42
15 72
15 94
15 179
15 237
15 264
15 267
15 286
15 288
15 313
15 339
15 385
16 0
16 5
16 13
16 30
16 34
16 37
16 51
16 59
16 63
16 82
16 85
16 92
16 103
16 109
16 126
16 131
16 142
16 156
16 189
16 191
16 200
16 201
16 204
16 215
16 224
16 242
16 251
16 253
16 255
16 282
16 316
16 323
16 333
16 352
16 354
16 375
16 376
16 386
17 36
17 77
17 88
17 91
17 99
17 100
17 117
17 130
17 134
17 168
17 174
17 187
17 252
17 258
17 312
17 315
17 327
17 362
17 393
18 21
18 23
18 24
18 27
18 60
18 89
18 96
18 112
18 113
18 139
18 195
18 210
18 229
18 234
18 238
18 250
18 344
18 348
18 351
18 388
