0 7
0 10
0 14
0 15
0 17
0 18
0 19
0 25
0 26
0 32
0 39
0 42
0 45
0 49
0 54
0 58
0 62
0 72
0 97
0 98
0 106
0 107
0 115
0 120
0 121
0 122
0 123
0 124
0 127
0 129
0 137
0 140
0 141
0 143
0 150
0 158
0 161
0 162
0 163
0 172
0 175
0 176
0 178
0 179
0 180
0 181
0 183
0 188
0 190
0 192
0 194
0 198
0 199
0 206
0 209
0 214
0 216
0 217
0 220
0 222
0 223
0 225
0 226
0 230
0 232
0 233
0 236
0 237
0 240
0 241
0 246
0 247
0 256
0 261
0 264
0 266
0 267
0 268
0 269
0 271
0 275
0 276
0 279
0 281
0 283
0 284
0 286
0 287
0 288
0 293
0 297
0 303
0 304
0 305
0 313
0 317
0 325
0 338
0 339
0 340
0 347
0 348
0 350
0 355
0 368
0 370
0 371
0 380
0 384
0 385
0 395
0 396
0 399
1 0
1 1
1 2
1 3
1 4
1 5
1 6
1 8
1 9
1 11
1 12
1 13
1 16
1 20
1 21
1 22
1 23
1 24
1 27
1 28
1 29
1 30
1 31
1 33
1 34
1 35
1 36
1 37
1 38
1 40
1 41
1 43
1 44
1 46
1 47
1 48
1 50
1 51
1 52
1 53
1 55
1 56
1 57
1 59
1 60
1 61
1 63
1 64
1 65
1 66
1 67
1 68
1 69
1 70
1 71
1 73
1 74
1 75
1 76
1 77
1 78
1 79
1 80
1 81
1 82
1 83
1 84
1 85
1 86
1 87
1 88
1 89
1 90
1 91
1 92
1 93
1 94
1 95
1 96
1 99
1 100
1 101
1 102
1 103
1 104
1 105
1 108
1 109
1 110
1 111
1 112
1 113
1 114
1 116
1 117
1 118
1 119
1 125
1 126
1 128
1 130
1 131
1 132
1 133
1 134
1 135
1 136
1 138
1 139
1 142
1 144
1 145
1 146
1 147
1 148
1 149
1 151
1 152
1 153
1 154
1 155
1 156
1 157
1 159
1 160
1 164
1 165
1 166
1 167
1 168
1 169
1 170
1 171
1 173
1 174
1 177
1 182
1 184
1 185
1 186
1 187
1 189
1 191
1 193
1 195
1 196
1 197
1 200
1 201
1 202
1 203
1 204
1 205
1 207
1 208
1 210
1 211
1 212
1 213
1 215
1 218
1 219
1 221
1 224
1 227
1 228
1 229
1 231
1 234
1 235
1 238
1 239
1 242
1 243
1 244
1 245
1 248
1 249
1 250
1 251
1 252
1 253
1 254
1 255
1 257
1 258
1 259
1 260
1 262
1 263
1 265
1 270
1 272
1 273
1 274
1 277
1 278
1 280
1 282
1 285
1 289
1 290
1 291
1 292
1 294
1 295
1 296
1 298
1 299
1 300
1 301
1 302
1 306
1 307
1 308
1 309
1 310
1 311
1 312
1 314
1 315
1 316
1 318
1 319
1 320
1 321
1 322
1 323
1 324
1 326
1 327
1 328
1 329
1 330
1 331
1 332
1 333
1 334
1 335
1 336
1 337
1 341
1 342
1 343
1 344
1 345
1 346
1 349
1 351
1 352
1 353
1 354
1 356
1 357
1 358
1 359
1 360
1 361
1 362
1 363
1 364
1 365
1 366
1 367
1 369
1 372
1 373
1 374
1 375
1 376
1 377
1 378
1 379
1 381
1 382
1 383
1 386
1 387
1 388
1 389
1 390
1 391
1 392
1 393
1 394
1 397
1 398
