0 7
0 9
0 28
0 39
0 95
0 180
0 318
1 14
1 19
1 27
1 56
1 122
1 125
1 128
1 150
1 169
1 211
1 251
1 255
1 270
1 271
1 277
1 311
1 345
1 369
2 8
2 13
2 78
2 98
2 110
2 145
2 149
2 193
2 236
2 244
2 261
2 265
2 269
2 288
2 328
2 360
2 368
2 374
2 377
3 6
3 10
3 18
3 38
3 41
3 44
3 45
3 52
3 72
3 74
3 83
3 91
3 102
3 106
3 111
3 144
3 146
3 161
3 167
3 174
3 184
3 185
3 190
3 195
3 200
3 209
3 215
3 217
3 223
3 224
3 234
3 241
3 252
3 256
3 258
3 262
3 264
3 276
3 278
3 279
3 283
3 287
3 292
3 293
3 297
3 312
3 314
3 317
3 319
3 321
3 324
3 325
3 326
3 334
3 337
3 340
3 342
3 347
3 350
3 351
3 352
3 361
3 370
3 380
3 381
3 386
3 396
4 12
4 17
4 32
4 64
4 77
4 80
4 82
4 103
4 105
4 129
4 142
4 152
4 171
4 181
4 199
4 210
4 254
4 263
4 267
4 272
4 286
4 294
4 301
4 306
4 336
4 346
4 372
4 398
5 22
5 30
5 42
5 46
5 48
5 54
5 79
5 90
5 92
5 101
5 104
5 173
5 179
5 183
5 198
5 216
5 222
5 233
5 240
5 268
5 304
5 309
5 322
5 339
5 385
5 388
6 333
7 2
7 33
7 37
7 58
7 85
7 116
7 118
7 127
7 134
7 172
7 207
7 226
7 230
7 232
7 260
7 329
8 1
8 29
8 31
8 40
8 50
8 60
8 65
8 107
8 147
8 176
8 194
8 197
8 203
8 208
8 213
8 284
8 295
8 300
8 332
8 335
9 4
9 15
9 16
9 26
9 43
9 55
9 73
9 100
9 108
9 115
9 135
9 136
9 137
9 140
9 156
9 157
9 168
9 186
9 189
9 191
9 237
9 239
9 245
9 280
9 281
9 290
9 303
9 305
9 308
9 310
9 320
9 331
9 349
9 357
10 75
10 313
10 353
10 384
11 11
11 71
11 112
11 138
11 383
12 25
12 143
12 155
12 166
12 182
12 250
12 315
12 327
12 371
13 76
13 120
13 228
13 302
13 307
13 323
13 379
13 392
14 23
14 24
14 148
14 160
14 214
14 218
14 289
14 348
14 366
14 373
14 389
15 0
15 49
15 59
15 119
15 130
15 132
15 164
15 170
15 202
15 266
15 354
15 359
15 364
15 394
16 53
16 163
16 247
16 362
17 3
17 5
17 34
17 61
17 62
17 67
17 81
17 84
17 88
17 93
17 94
17 97
17 99
17 109
17 113
17 117
17 121
17 123
17 131
17 141
17 151
17 154
17 159
17 165
17 187
17 188
17 192
17 196
17 204
17 206
17 212
17 219
17 220
17 221
17 235
17 238
17 246
17 249
17 257
17 259
17 273
17 316
17 341
17 344
17 358
17 363
17 365
17 378
17 382
17 387
17 393
17 395
17 397
17 399
18 20
18 21
18 35
18 36
18 47
18 51
18 57
18 63
18 66
18 68
18 69
18 70
18 86
18 87
18 89
18 96
18 114
18 124
18 126
18 133
18 139
18 158
18 162
18 175
18 177
18 178
18 201
18 205
18 225
18 227
18 229
18 231
18 242
18 243
18 248
18 253
18 274
18 275
18 282
18 285
18 296
18 298
18 299
18 330
18 338
18 343
18 355
18 356
18 367
18 375
18 376
18 390
18 391
19 153
19 291
