0 7
0 8
0 11
0 13
0 23
0 28
0 33
0 39
0 53
0 75
0 76
0 78
0 85
0 95
0 110
0 112
0 120
0 127
0 138
0 145
0 149
0 153
0 163
0 180
0 193
0 197
0 228
0 244
0 247
0 260
0 261
0 265
0 288
0 291
0 295
0 302
0 307
0 313
0 318
0 323
0 328
0 333
0 353
0 362
0 374
0 377
0 379
0 383
0 384
0 389
0 392
1 0
1 1
1 2
1 9
1 12
1 17
1 20
1 21
1 22
1 24
1 25
1 29
1 30
1 31
1 32
1 37
1 40
1 42
1 46
1 48
1 49
1 50
1 54
1 58
1 59
1 60
1 63
1 64
1 65
1 66
1 70
1 71
1 77
1 79
1 80
1 82
1 89
1 90
1 92
1 96
1 98
1 101
1 103
1 104
1 105
1 107
1 116
1 118
1 119
1 124
1 125
1 129
1 130
1 132
1 133
1 134
1 142
1 143
1 147
1 148
1 152
1 155
1 160
1 162
1 164
1 166
1 170
1 171
1 172
1 173
1 176
1 177
1 179
1 181
1 182
1 183
1 194
1 198
1 199
1 201
1 202
1 203
1 205
1 207
1 208
1 210
1 213
1 214
1 216
1 218
1 222
1 225
1 226
1 227
1 229
1 230
1 232
1 233
1 236
1 240
1 243
1 248
1 250
1 254
1 263
1 266
1 267
1 268
1 269
1 272
1 274
1 275
1 284
1 286
1 289
1 294
1 296
1 299
1 300
1 301
1 304
1 306
1 309
1 315
1 322
1 327
1 329
1 330
1 332
1 335
1 336
1 339
1 343
1 346
1 348
1 354
1 355
1 359
1 360
1 364
1 366
1 367
1 368
1 371
1 372
1 373
1 375
1 376
1 385
1 388
1 390
1 391
1 394
1 398
2 3
2 4
2 5
2 6
2 10
2 14
2 15
2 16
2 18
2 19
2 26
2 27
2 34
2 35
2 36
2 38
2 41
2 43
2 44
2 45
2 47
2 51
2 52
2 55
2 56
2 57
2 61
2 62
2 67
2 68
2 69
2 72
2 73
2 74
2 81
2 83
2 84
2 86
2 87
2 88
2 91
2 93
2 94
2 97
2 99
2 100
2 102
2 106
2 108
2 109
2 111
2 113
2 114
2 115
2 117
2 121
2 122
2 123
2 126
2 128
2 131
2 135
2 136
2 137
2 139
2 140
2 141
2 144
2 146
2 150
2 151
2 154
2 156
2 157
2 158
2 159
2 161
2 165
2 167
2 168
2 169
2 174
2 175
2 178
2 184
2 185
2 186
2 187
2 188
2 189
2 190
2 191
2 192
2 195
2 196
2 200
2 204
2 206
2 209
2 211
2 212
2 215
2 217
2 219
2 220
2 221
2 223
2 224
2 231
2 234
2 235
2 237
2 238
2 239
2 241
2 242
2 245
2 246
2 249
2 251
2 252
2 253
2 255
2 256
2 257
2 258
2 259
2 262
2 264
2 270
2 271
2 273
2 276
2 277
2 278
2 279
2 280
2 281
2 282
2 283
2 285
2 287
2 290
2 292
2 293
2 297
2 298
2 303
2 305
2 308
2 310
2 311
2 312
2 314
2 316
2 317
2 319
2 320
2 321
2 324
2 325
2 326
2 331
2 334
2 337
2 338
2 340
2 341
2 342
2 344
2 345
2 347
2 349
2 350
2 351
2 352
2 356
2 357
2 358
2 361
2 363
2 365
2 369
2 370
2 378
2 380
2 381
2 382
2 386
2 387
2 393
2 395
2 396
2 397
2 399
