0 0
0 12
0 25
0 28
0 33
0 40
0 41
0 42
0 45
0 59
0 66
0 75
0 78
0 81
0 85
0 89
0 93
0 94
0 96
0 99
0 103
0 120
0 121
0 143
0 152
0 153
0 157
0 159
0 165
0 167
0 171
0 174
0 179
0 186
0 194
1 1
1 4
1 6
1 14
1 15
1 21
1 22
1 26
1 27
1 29
1 30
1 31
1 37
1 39
1 43
1 47
1 52
1 53
1 63
1 64
1 67
1 69
1 70
1 71
1 79
1 80
1 84
1 86
1 95
1 97
1 107
1 113
1 116
1 117
1 119
1 122
1 123
1 126
1 128
1 129
1 133
1 134
1 144
1 146
1 147
1 148
1 149
1 150
1 162
1 164
1 170
1 172
1 176
1 180
1 184
1 188
1 189
1 190
1 191
1 192
1 193
1 195
1 199
2 2
2 5
2 7
2 11
2 20
2 36
2 38
2 49
2 55
2 60
2 65
2 74
2 76
2 77
2 100
2 110
2 118
2 132
2 137
2 138
2 142
2 145
2 154
2 166
2 178
2 182
3 13
3 16
3 23
3 24
3 32
3 34
3 35
3 46
3 48
3 51
3 56
3 58
3 62
3 82
3 83
3 87
3 88
3 91
3 92
3 98
3 102
3 104
3 105
3 106
3 108
3 114
3 115
3 124
3 127
3 130
3 131
3 135
3 136
3 140
3 141
3 151
3 155
3 156
3 160
3 161
3 169
3 177
3 181
3 183
3 185
3 187
3 196
3 197
4 3
4 8
4 9
4 10
4 17
4 18
4 19
4 44
4 50
4 54
4 57
4 61
4 68
4 72
4 73
4 90
4 101
4 109
4 111
4 112
4 125
4 139
4 158
4 163
4 168
4 173
4 175
4 198
