0 0
0 5
0 13
0 21
0 23
0 24
0 27
0 29
0 30
0 31
0 34
0 37
0 51
0 52
0 59
0 60
0 63
0 69
0 74
0 82
0 84
0 85
0 92
0 95
0 108
0 112
0 114
0 126
0 131
0 139
0 142
0 144
0 145
0 154
0 156
0 165
0 171
0 182
0 189
0 191
0 195
0 200
0 201
0 202
0 204
0 205
0 213
0 224
0 229
0 234
0 238
0 242
0 250
0 251
0 253
0 255
0 262
0 285
0 301
0 307
0 308
0 314
0 316
0 320
0 323
0 330
0 333
0 335
0 344
0 351
0 352
0 353
0 354
0 373
0 376
0 377
0 386
0 388
0 394
0 397
0 398
1 7
1 15
1 89
1 98
1 106
1 113
1 132
1 158
1 160
1 162
1 177
1 180
1 185
1 211
1 212
1 248
1 249
1 254
1 265
1 271
1 275
1 292
1 296
1 299
1 310
1 311
1 324
1 334
1 359
1 369
1 372
1 384
1 391
1 395
2 18
2 19
2 26
2 42
2 72
2 97
2 120
2 121
2 122
2 123
2 127
2 129
2 140
2 141
2 150
2 161
2 163
2 176
2 178
2 179
2 181
2 183
2 194
2 199
2 206
2 209
2 214
2 216
2 217
2 220
2 230
2 232
2 233
2 236
2 237
2 240
2 241
2 246
2 261
2 264
2 267
2 268
2 269
2 276
2 283
2 284
2 286
2 288
2 293
2 303
2 305
2 313
2 317
2 325
2 338
2 339
2 340
2 347
2 348
2 370
2 371
2 380
2 385
3 14
3 17
3 22
3 25
3 32
3 39
3 45
3 49
3 53
3 54
3 58
3 62
3 83
3 87
3 101
3 103
3 109
3 111
3 115
3 118
3 119
3 124
3 128
3 136
3 143
3 147
3 151
3 166
3 170
3 172
3 188
3 192
3 207
3 215
3 218
3 219
3 221
3 223
3 225
3 226
3 228
3 231
3 247
3 259
3 263
3 266
3 274
3 279
3 280
3 282
3 287
3 295
3 297
3 302
3 321
3 331
3 337
3 341
3 355
3 357
3 360
3 361
3 365
3 367
3 375
3 378
3 381
3 382
3 383
3 399
4 2
4 6
4 8
4 9
4 11
4 12
4 33
4 36
4 38
4 41
4 43
4 46
4 48
4 61
4 64
4 65
4 71
4 73
4 76
4 77
4 80
4 90
4 93
4 99
4 102
4 104
4 105
4 110
4 117
4 134
4 135
4 157
4 168
4 173
4 174
4 187
4 196
4 203
4 208
4 252
4 257
4 258
4 260
4 272
4 289
4 290
4 291
4 294
4 309
4 312
4 322
4 326
4 327
4 328
4 329
4 343
4 345
4 349
4 362
4 374
4 379
4 389
4 392
4 393
5 1
5 3
5 4
5 10
5 16
5 20
5 28
5 35
5 40
5 44
5 47
5 50
5 55
5 56
5 57
5 66
5 67
5 68
5 70
5 75
5 78
5 79
5 81
5 86
5 88
5 91
5 94
5 96
5 100
5 107
5 116
5 125
5 130
5 133
5 137
5 138
5 146
5 148
5 149
5 152
5 153
5 155
5 159
5 164
5 167
5 169
5 175
5 184
5 186
5 190
5 193
5 197
5 198
5 210
5 222
5 227
5 235
5 239
5 243
5 244
5 245
5 256
5 270
5 273
5 277
5 278
5 281
5 298
5 300
5 304
5 306
5 315
5 318
5 319
5 332
5 336
5 342
5 346
5 350
5 356
5 358
5 363
5 364
5 366
5 368
5 387
5 390
5 396
