0 13
0 24
0 34
0 35
0 46
0 51
0 56
0 58
0 62
0 66
0 82
0 83
0 87
0 88
0 91
0 92
0 98
0 102
0 108
0 114
0 124
0 127
0 130
0 131
0 135
0 136
0 140
0 141
0 151
0 155
0 160
0 161
0 177
0 181
0 187
0 191
0 193
0 197
1 1
1 4
1 6
1 14
1 15
1 21
1 22
1 26
1 27
1 29
1 30
1 31
1 37
1 39
1 43
1 47
1 52
1 53
1 63
1 64
1 67
1 69
1 70
1 71
1 79
1 80
1 84
1 86
1 90
1 95
1 97
1 107
1 109
1 113
1 116
1 117
1 119
1 122
1 123
1 126
1 128
1 129
1 133
1 134
1 144
1 146
1 147
1 148
1 149
1 150
1 162
1 164
1 170
1 172
1 176
1 180
1 184
1 188
1 189
1 190
1 192
1 195
1 199
2 12
2 25
2 41
2 42
2 45
2 59
2 75
2 85
2 89
2 93
2 96
2 99
2 103
2 120
2 121
2 152
2 157
2 159
2 165
2 167
2 174
2 194
3 0
3 3
3 18
3 28
3 33
3 40
3 57
3 68
3 73
3 78
3 81
3 94
3 101
3 143
3 153
3 158
3 168
3 171
3 175
3 179
3 186
3 198
4 2
4 5
4 7
4 11
4 20
4 36
4 38
4 49
4 55
4 60
4 65
4 74
4 76
4 77
4 100
4 110
4 118
4 132
4 137
4 138
4 142
4 145
4 154
4 166
4 178
4 182
5 8
5 9
5 10
5 17
5 19
5 44
5 50
5 54
5 61
5 72
5 111
5 112
5 125
5 139
5 163
5 173
6 16
6 23
6 32
6 48
6 104
6 105
6 106
6 115
6 156
6 169
6 183
6 185
6 196
