0 29
0 30
0 41
0 43
0 59
0 101
0 105
0 109
0 135
0 142
0 145
0 165
0 166
0 192
0 207
0 208
0 219
0 228
0 253
0 259
0 272
0 274
0 279
0 295
0 314
0 316
0 321
0 341
0 354
0 360
0 361
0 373
0 374
0 375
0 378
0 381
0 382
0 383
1 26
1 42
1 72
1 94
1 97
1 121
1 127
1 150
1 161
1 176
1 178
1 179
1 181
1 183
1 199
1 206
1 214
1 216
1 217
1 230
1 232
1 233
1 236
1 237
1 240
1 261
1 264
1 267
1 268
1 269
1 284
1 286
1 288
1 293
1 313
1 317
1 325
1 338
1 339
1 347
1 370
1 371
1 380
1 385
2 9
2 36
2 77
2 93
2 98
2 99
2 117
2 157
2 173
2 174
2 187
2 252
2 258
2 289
2 312
2 326
2 327
2 362
2 393
3 0
3 1
3 3
3 4
3 5
3 10
3 13
3 16
3 20
3 28
3 34
3 35
3 37
3 40
3 44
3 47
3 51
3 55
3 56
3 57
3 63
3 67
3 69
3 74
3 75
3 78
3 79
3 81
3 82
3 85
3 86
3 92
3 95
3 103
3 114
3 116
3 125
3 126
3 131
3 133
3 138
3 144
3 148
3 149
3 152
3 154
3 155
3 156
3 159
3 164
3 167
3 169
3 184
3 186
3 189
3 191
3 200
3 201
3 204
3 205
3 213
3 224
3 235
3 239
3 242
3 243
3 244
3 251
3 255
3 256
3 262
3 270
3 273
3 277
3 278
3 282
3 301
3 306
3 318
3 319
3 323
3 332
3 333
3 336
3 342
3 346
3 352
3 353
3 356
3 363
3 364
3 376
3 377
3 386
3 387
3 390
4 7
4 15
4 18
4 19
4 66
4 68
4 70
4 88
4 91
4 100
4 106
4 107
4 115
4 120
4 122
4 123
4 130
4 134
4 140
4 141
4 146
4 153
4 158
4 163
4 168
4 175
4 180
4 190
4 194
4 197
4 198
4 220
4 222
4 241
4 266
4 271
4 275
4 276
4 281
4 283
4 298
4 303
4 304
4 310
4 315
4 340
4 350
4 358
4 365
4 366
4 368
4 384
4 395
5 6
5 8
5 71
5 80
5 110
5 132
5 160
5 162
5 177
5 182
5 185
5 196
5 211
5 212
5 248
5 249
5 254
5 265
5 290
5 292
5 294
5 296
5 299
5 311
5 320
5 322
5 324
5 334
5 345
5 349
5 359
5 369
5 372
5 391
6 21
6 23
6 24
6 27
6 31
6 50
6 52
6 60
6 84
6 89
6 96
6 108
6 112
6 113
6 137
6 139
6 195
6 202
6 209
6 210
6 227
6 229
6 234
6 238
6 250
6 300
6 307
6 308
6 330
6 344
6 348
6 351
6 388
6 397
7 2
7 11
7 12
7 33
7 38
7 46
7 48
7 61
7 64
7 65
7 73
7 76
7 90
7 102
7 104
7 171
7 193
7 203
7 245
7 257
7 260
7 285
7 291
7 309
7 328
7 329
7 335
7 343
7 379
7 389
7 392
7 394
7 398
8 14
8 17
8 22
8 25
8 32
8 39
8 45
8 49
8 53
8 54
8 58
8 62
8 83
8 87
8 111
8 118
8 119
8 124
8 128
8 129
8 136
8 143
8 147
8 151
8 170
8 172
8 188
8 215
8 218
8 221
8 223
8 225
8 226
8 231
8 246
8 247
8 263
8 280
8 287
8 297
8 302
8 305
8 331
8 337
8 355
8 357
8 367
8 396
8 399
